20150101
0.97
0.66
0.76
0.78
1.30
0.63
0.70
1.29
1.86
1.81
1.67
1.74
1.36
0.88
1.04
1.13
1.64
1.75
1.78
1.67
1.35
1.08
1.05
1.16
0.81
0.79
0.92
0.84
0.65
1.17
1.15
1.38
1.21
0.84
0.87
1.05
0.92
0.75
0.73
0.91
1.04
0.77
0.82
1.57
1.15
1.33
1.14
0.91
0.83
1.17
0.97
1.11
1.82
1.76
1.45
0.80
0.63
0.89
0.83
0.66
0.74
0.78
1.04
0.93
0.81
1.02
0.79
0.85
1.12
1.50
1.05
0.88
0.85
0.81
0.71
0.79
0.74
1.12
1.06
1.17
1.21
1.30
1.59
1.16
1.26
1.12
1.08
0.77
0.72
0.99
0.86
1.17
0.58
0.49
0.71
0.79
0.73
0.59
1.12
0.89
0.87
0.64
0.73
0.92
0.55
0.76
0.70
1.32
1.05
1.31
1.01
0.92
0.84
0.99
0.73
1.08
1.12
0.68
1.07
0.96
0.86
0.56
0.78
1.10
0.81
1.01
0.92
1.22
0.88
0.79
0.63
0.79
0.67
0.59
0.54
0.72
0.95
0.89
0.82
0.74
0.61
0.66
0.67
0.59
0.78
0.58
0.48
0.79
0.82
0.77
0.61
0.63
0.67
0.88
0.97
0.71
0.47
0.51
0.61
0.67
0.76
0.74
0.69
0.51
0.71
0.72
0.77
0.71
0.69
0.71
0.79
0.75
0.68
0.55
0.71
0.53
0.56
0.79
0.88
0.67
0.80
0.93
0.72
0.60
0.91
0.71
0.48
0.52
0.79
0.76
0.98
0.78
0.52
0.72
0.82
0.75
0.56
0.76
0.68
0.89
0.91
0.74
0.59
0.67
0.73
0.95
0.80
0.70
0.73
0.58
0.66
0.73
0.75
0.82
0.60
0.41
0.60
0.45
0.70
0.74
0.49
0.67
0.52
0.51
0.41
0.33
0.45
0.44
0.59
0.55
0.57
0.73
0.70
0.57
0.59
0.52
0.48
0.73
0.77
0.68
0.77
0.76
0.74
0.60
0.56
0.48
0.68
0.50
0.85
0.87
0.87
0.71
0.47
0.55
0.36
0.46
0.52
0.53
0.51
0.56
0.62
0.55
0.89
0.59
0.66
0.69
0.46
0.45
0.47
0.64
0.77
1.21
1.10
0.88
0.82
0.42
0.60
0.97
1.04
1.07
0.98
0.60
0.69
0.68
0.72
0.68
0.64
0.58
1.07
1.12
1.09
1.12
0.73
0.75
0.59
1.10
0.69
0.84
0.76
0.70
0.76
0.56
0.62
0.95
0.86
0.92
0.44
0.84
0.47
0.49
0.88
0.74
0.83
0.71
1.17
1.73
1.07
0.77
0.85
0.47
0.75
1.28
1.27
1.24
1.21
1.00
1.09
1.16
0.95
0.43
0.63
0.74
0.68
0.49
0.65
0.57
1.15
1.22
1.37
0.85
1.27
1.41
0.78
0.71
0.52
0.74
0.59
0.63
0.85
0.85
0.69
0.99
0.87
0.85
0.86
1.10
0.76
0.88
1.65
1.67
1.73
1.56
1.11
0.61
1.17
