19950101
0.142
0.093
0.082
0.203
0.242
0.251
0.106
21.659
21.678
0.856
0.328
0.565
0.565
0.147
1.308
11.446
14.444
14.456
1.706
1.783
1.529
0.463
0.308
0.184
0.184
0.096
0.110
0.251
0.431
0.439
0.279
0.125
0.164
0.449
0.733
1.549
1.552
0.455
0.113
0.127
0.127
0.123
0.119
0.124
4.950
5.054
5.054
2.202
2.244
1.510
1.399
2.725
5.698
8.813
8.842
0.308
0.378
1.230
1.281
0.985
0.204
0.212
0.176
0.297
0.312
5.839
5.853
0.971
1.015
0.835
0.850
0.570
0.590
0.121
0.141
1.077
1.082
0.204
0.324
0.324
0.007
0.095
0.612
0.612
22.834
23.951
1.675
0.763
0.984
1.008
0.220
0.314
0.326
0.162
1.321
1.373
0.163
0.163
0.062
0.224
0.569
1.391
1.431
0.628
0.634
0.572
0.572
0.279
0.216
2.663
2.671
0.889
1.286
1.294
1.037
1.017
0.319
0.192
0.143
1.172
1.170
0.339
0.191
0.369
0.369
0.339
0.339
0.339
5.232
5.245
2.875
4.204
4.204
3.121
5.054
5.054
1.847
3.977
4.075
3.213
1.280
1.071
1.077
1.090
1.878
1.878
0.523
0.628
1.465
1.742
1.742
1.017
1.488
1.508
1.140
1.809
2.478
3.181
3.194
2.239
3.187
4.566
8.109
8.375
8.457
12.088
17.275
23.596
29.937
30.094
5.153
5.194
6.245
6.866
7.098
5.372
2.416
3.065
3.065
3.420
31.943
39.109
39.401
4.519
6.482
6.719
7.492
4.574
4.769
4.769
23.331
23.436
2.917
3.467
4.567
4.567
7.540
8.132
8.292
7.123
7.130
5.730
3.753
3.767
2.959
2.959
2.660
10.534
10.534
2.409
3.690
5.138
9.422
11.494
11.933
3.249
1.891
3.508
3.513
3.244
6.158
6.870
6.943
64.184
67.650
59.457
44.523
6.271
0.031
0.181
5.202
5.274
0.289
0.212
1.508
1.508
2.159
4.969
5.837
5.858
9.975
10.114
2.857
0.811
5.293
5.306
6.908
6.908
6.060
4.977
4.077
2.061
1.047
1.047
0.823
0.799
2.020
2.945
3.622
3.626
3.857
3.866
3.460
4.474
4.941
4.559
4.515
2.361
2.365
11.889
31.724
32.328
10.891
0.106
0.281
0.282
0.260
0.253
0.104
0.308
0.308
0.651
0.672
0.824
0.825
0.988
1.379
0.661
1.237
3.078
3.105
0.229
0.205
0.424
0.430
0.356
0.441
0.451
0.220
0.069
0.038
0.075
0.125
0.132
0.113
0.115
0.003
0.155
0.155
0.012
0.002
0.000
32.609
52.987
52.992
0.089
0.003
0.000
0.217
0.301
0.310
0.516
0.536
0.195
0.083
0.268
0.271
0.118
0.075
0.071
0.099
0.268
0.273
0.209
0.207
0.210
0.152
0.126
0.134
0.250
0.250
0.056
0.096
0.335
0.351
0.284
0.146
0.575
0.586
0.235
0.080
0.131
0.131
0.356
0.374
0.831
0.861
0.391
10.922
10.925
0.139
0.143
0.124
0.245
0.435
0.459
0.498
1.063
1.066
0.293
0.333
0.347
0.143
0.162
0.918
0.974
0.527
0.378
0.379
23.593
24.501
19.840
0.292
0.416
0.421
0.186
0.101
0.366
0.391
0.165
0.169
0.086
0.045
0.292
0.298
0.289
0.352
0.368
0.367
0.013
0.068
0.068
0.064
0.845
1.359
13.229
13.724
4.925
0.020
0.225
0.420
0.430
0.250
0.205
11.172
11.258
0.739
0.367
0.173
0.179
1.814
5.445
5.468
0.528
0.081
0.148
0.149
2.994
8.155
8.155
0.099
1.149
2.021
2.021
0.076
1.341
1.421
0.298
0.447
0.448
0.410
0.415
0.392
0.056
0.058
0.278
9.224
9.231
6.909
6.909
3.523
0.219
0.296
2.940
2.960
0.758
0.266
0.268
1.176
1.176
0.183
0.086
0.132
0.132
0.047
0.048
0.007
0.046
0.054
0.054
0.027
0.116
0.477
0.478
0.004
0.037
0.682
0.682
1.744
1.756
1.882
1.906
1.906
0.009
0.194
9.592
10.138
1.865
0.547
4.478
4.563
0.673
0.837
1.726
2.254
1.734
1.922
1.925
6.368
6.383
0.909
3.916
4.113
1.624
1.504
0.933
0.974
0.974
0.663
0.125
0.313
2.992
5.480
5.498
13.393
13.747
3.758
5.356
5.853
5.921
6.802
6.983
3.904
2.712
4.915
4.915
4.706
4.994
4.152
4.152
2.780
2.808
3.068
3.102
3.102
2.469
2.486
6.260
6.305
9.248
9.305
24.050
28.976
24.513
4.712
3.757
4.768
4.771
3.138
3.143
2.624
14.699
16.682
12.461
7.385
7.955
8.545
14.261
28.279
29.306
9.445
9.455
6.190
20.639
22.241
7.059
7.141
3.764
3.565
4.995
4.995
4.354
3.342
3.352
3.514
13.493
13.814
8.306
5.676
5.666
5.671
3.866
11.456
12.605
5.823
5.856
5.139
3.553
4.635
15.801
15.834
14.177
7.798
3.173
7.547
7.727
7.058
7.081
4.317
4.322
3.576
3.576
0.750
3.092
4.569
4.626
4.916
6.426
6.426
6.551
6.749
4.253
5.318
6.392
6.418
4.876
2.749
1.851
2.393
2.470
5.056
5.069
6.723
6.727
4.712
3.441
0.546
0.584
0.803
0.803
1.937
2.393
3.110
3.179
5.662
5.786
5.511
4.437
4.437
1.942
2.186
2.191
6.081
6.116
4.211
0.492
0.774
1.327
1.327
0.854
0.599
0.334
0.331
0.454
0.454
0.665
0.665
0.225
0.137
0.109
0.114
1.129
2.624
2.664
1.938
1.502
3.662
13.417
13.417
0.166
0.204
0.210
0.590
0.591
0.130
0.137
0.108
0.017
0.017
0.018
0.018
0.123
0.124
0.097
0.063
0.189
0.197
0.161
0.167
0.254
0.261
0.434
0.437
0.475
0.480
0.512
0.532
0.180
0.144
0.210
0.213
0.179
0.052
0.074
0.081
0.096
0.099
0.043
0.036
0.094
0.098
0.093
0.196
0.313
0.328
0.143
0.004
0.004
0.005
0.068
0.075
0.022
0.006
0.006
0.005
0.105
0.114
0.109
0.463
0.464
0.003
0.003
0.003
0.002
0.036
0.255
0.268
0.179
0.185
0.401
0.401
0.192
0.202
0.085
0.103
0.268
0.694
0.695
0.007
2.454
6.276
6.291
0.148
0.137
0.186
0.187
0.050
0.236
0.355
0.355
0.580
1.022
1.046
0.414
1.697
1.734
0.982
0.438
0.444
0.189
0.230
0.304
0.316
0.075
0.016
0.892
0.924
0.746
0.375
0.168
2.797
2.815
0.848
1.248
1.249
0.066
0.962
3.546
3.643
1.389
0.102
0.302
1.334
1.336
0.540
0.551
0.563
0.337
3.299
3.323
1.024
1.031
1.170
1.180
1.062
1.161
1.166
2.425
2.444
1.105
1.131
0.489
1.318
1.338
1.486
1.486
0.139
0.095
5.529
6.393
6.410
2.482
2.498
2.902
3.013
3.025
0.419
0.648
0.649
3.205
3.396
3.399
2.474
0.037
0.430
0.431
0.082
0.125
0.135
0.322
1.938
1.939
0.750
0.620
0.512
1.249
1.249
1.099
1.100
1.965
2.101
1.688
0.912
0.913
0.618
0.511
0.471
4.532
4.536
3.326
1.780
1.780
0.119
0.270
0.270
0.988
0.988
0.858
0.858
1.768
3.319
3.323
3.551
3.768
4.410
4.433
2.737
2.738
3.706
4.425
4.446
4.399
2.581
3.434
3.445
1.671
1.696
2.855
2.860
2.384
7.639
7.727
7.065
8.570
3.936
3.471
16.825
16.846
24.030
26.254
2.907
2.379
6.610
8.581
7.055
3.414
4.215
5.120
5.120
14.368
59.760
65.004
31.320
16.246
16.269
13.146
18.068
22.085
39.295
40.460
11.353
2.112
4.431
5.709
17.707
18.411
6.478
9.182
9.898
2.000
2.485
4.863
4.869
3.680
3.650
3.502
3.502
4.632
6.738
6.738
4.165
4.165
4.271
4.273
2.959
2.830
4.559
4.574
6.136
6.296
5.880
10.824
11.129
20.715
20.768
7.846
9.917
9.933
3.245
10.504
13.757
13.840
2.338
2.670
4.007
4.787
4.791
8.185
8.188
2.487
2.487
5.599
8.973
15.234
15.236
1.418
2.535
2.968
3.319
4.588
4.655
3.873
7.214
7.781
4.651
7.483
7.892
3.500
3.509
4.110
4.123
3.174
2.984
4.674
4.677
3.275
3.003
2.262
1.522
1.468
3.316
5.914
5.984
0.772
1.369
1.374
1.180
0.877
0.864
1.293
1.294
0.201
0.035
0.035
0.210
0.276
0.280
0.515
0.718
1.411
1.411
0.575
0.920
0.936
0.877
0.168
0.802
9.643
9.644
0.054
0.196
1.211
1.212
0.910
0.911
0.112
0.202
0.452
0.467
0.468
0.016
0.029
0.029
1.095
1.126
0.823
0.728
0.614
0.471
0.141
0.104
0.113
1.333
1.819
1.839
0.157
0.092
0.522
0.548
0.520
1.342
1.354
0.188
0.117
0.544
3.670
3.670
0.061
0.075
0.084
0.073
0.081
0.893
24.363
26.296
15.631
0.294
6.581
6.930
3.258
0.096
0.169
0.169
0.051
0.053
0.028
0.103
0.105
0.096
0.103
0.097
0.724
0.746
0.253
0.577
0.593
0.165
0.169
0.091
0.024
1.167
1.173
0.004
0.037
0.091
0.091
0.231
0.739
0.776
0.411
0.320
0.344
0.521
0.530
0.393
0.369
0.508
0.510
0.086
0.113
0.161
0.249
0.255
0.171
1.122
1.127
0.186
0.181
2.550
2.582
0.622
0.530
0.735
0.749
0.447
0.040
0.010
0.004
0.004
0.020
0.036
0.914
0.935
0.962
1.004
0.953
0.966
1.099
1.107
1.574
4.511
4.621
3.281
0.146
0.388
0.901
0.943
0.131
0.414
4.840
4.933
3.288
0.670
0.291
0.576
0.592
0.772
1.052
1.070
0.463
0.467
1.005
1.946
2.004
0.558
0.850
8.673
8.679
4.308
1.702
0.503
0.047
0.988
26.763
27.401
8.635
0.042
0.057
0.061
1.709
1.734
1.602
0.133
1.404
1.416
0.381
1.122
1.125
0.574
0.134
0.086
0.208
0.281
0.281
0.455
1.286
1.294
0.136
0.315
1.258
2.383
2.383
0.471
0.471
0.578
0.578
0.826
0.826
0.725
0.733
0.736
0.595
1.370
9.686
9.688
0.378
1.074
1.074
0.324
0.446
5.965
5.965
1.640
3.996
3.996
0.413
1.066
7.037
7.047
5.012
6.301
6.452
2.322
0.587
17.721
18.357
1.151
0.775
10.364
10.364
4.545
4.798
2.725
2.188
2.150
1.850
7.124
8.621
8.652
8.775
2.595
2.741
2.741
2.495
4.422
8.591
8.683
12.775
12.782
4.844
4.844
5.036
11.577
11.692
10.648
7.262
7.285
9.039
9.712
9.730
6.272
13.001
13.014
10.148
10.407
10.899
11.594
8.853
11.853
22.213
23.676
17.745
15.648
17.417
13.101
13.105
20.202
20.266
15.630
16.684
10.653
10.804
7.373
9.000
9.160
3.915
4.209
4.265
10.714
16.189
16.491
5.537
13.315
13.326
7.048
7.476
7.521
7.943
8.741
8.907
17.426
17.517
32.138
32.172
6.147
14.860
16.479
10.532
7.305
7.305
3.763
9.591
10.281
11.102
8.724
3.575
4.864
31.425
31.813
42.306
102.215
106.032
38.184
0.081
2.796
2.796
0.542
0.386
0.816
0.816
0.100
0.044
0.019
0.006
0.006
1.762
2.528
2.528
2.485
2.497
2.397
2.397
1.575
1.719
1.719
5.866
19.939
20.001
2.229
3.078
3.198
3.775
3.805
0.943
0.223
0.166
0.792
1.599
1.765
1.780
0.735
0.204
0.177
0.219
0.219
0.083
0.324
4.296
4.311
0.796
0.045
0.622
0.622
0.253
0.554
0.562
0.072
0.189
0.189
1.773
1.771
0.002
0.029
0.029
0.068
0.162
0.294
0.560
0.686
1.276
1.277
0.003
0.001
0.001
0.443
1.288
4.696
4.712
0.743
0.265
0.053
0.046
0.048
0.106
0.110
0.072
0.074
0.023
0.065
0.069
0.137
0.147
0.069
0.159
0.159
0.003
0.001
0.058
0.745
0.773
0.455
0.456
0.068
0.001
0.017
0.474
0.474
0.027
0.007
0.001
0.201
0.305
0.310
0.081
0.084
0.024
0.001
0.011
0.021
0.218
0.238
0.191
0.003
0.001
0.020
0.033
0.034
2.393
2.435
0.970
0.970
0.173
0.061
0.075
0.062
0.031
0.135
0.135
0.053
0.055
0.035
0.066
0.079
0.091
0.050
0.077
0.080
0.098
0.104
2.717
2.728
0.293
0.080
0.175
0.178
0.759
1.131
1.117
0.406
0.406
0.237
0.106
0.124
0.125
0.044
0.044
0.036
0.071
0.189
0.189
0.417
0.419
0.538
0.538
0.281
1.838
1.841
1.630
0.886
0.336
0.349
0.523
0.523
0.059
0.063
0.057
0.033
0.207
0.252
0.252
0.444
0.454
0.291
0.160
0.056
0.215
0.405
0.406
0.007
0.105
0.140
0.559
0.914
3.190
3.260
5.144
5.176
0.564
0.016
0.011
0.011
0.043
0.586
0.970
0.970
0.405
0.323
1.411
5.239
5.862
4.590
0.072
0.104
0.142
1.117
1.117
0.317
0.121
0.411
0.521
0.526
0.526
0.765
1.203
2.259
2.259
1.388
1.465
2.493
4.388
5.144
5.157
4.732
1.613
1.499
1.968
2.005
3.565
8.595
8.705
7.289
3.009
2.630
3.471
4.879
4.892
0.984
2.801
2.801
3.912
3.912
2.981
4.598
5.255
7.137
7.154
3.503
4.977
4.977
7.207
7.272
3.279
3.289
1.229
3.115
3.143
0.070
0.564
1.939
1.942
1.918
2.106
8.413
10.797
10.863
3.000
3.387
3.773
3.787
4.504
5.117
5.123
5.541
6.836
19.004
22.544
17.532
6.081
21.562
22.965
15.893
2.659
2.775
9.204
42.096
42.159
5.854
2.389
2.728
3.517
4.663
13.355
56.135
56.555
5.238
0.449
0.616
2.838
4.334
11.259
11.265
4.835
4.824
7.293
9.619
10.171
16.538
16.803
8.053
8.105
5.186
5.831
5.906
4.487
4.450
4.450
6.314
6.314
3.982
3.350
3.773
7.148
7.205
6.788
6.971
20.920
20.927
11.250
6.352
11.648
11.680
3.824
3.944
7.338
7.635
7.313
7.565
8.678
8.924
6.244
1.985
7.332
7.351
5.802
4.167
5.082
7.484
7.484
3.917
2.538
2.483
4.793
6.253
6.262
3.622
3.802
3.802
2.672
2.345
2.345
5.483
5.483
2.201
3.266
3.266
3.214
3.214
3.006
8.918
8.934
3.128
2.772
1.931
0.523
2.671
2.687
4.149
4.164
3.061
3.079
2.837
2.676
0.608
0.885
1.199
1.257
1.443
1.443
0.209
2.832
2.837
27.785
80.021
85.879
9.213
0.153
0.013
0.005
0.010
0.010
0.003
0.008
0.133
0.136
0.050
0.016
0.008
0.020
0.123
0.126
0.508
0.516
0.269
0.191
0.091
0.093
0.052
0.052
0.070
0.071
0.134
0.137
0.199
0.260
0.550
0.551
0.006
0.006
0.058
0.399
0.865
0.878
0.024
0.001
0.001
0.001
0.017
0.132
0.132
0.136
0.136
0.086
0.223
0.240
0.194
0.074
0.053
0.053
0.294
0.324
0.204
0.002
0.002
0.012
0.131
0.131
0.015
0.002
0.015
0.036
0.327
0.348
0.187
0.161
0.165
0.129
0.128
0.026
0.026
0.101
0.144
0.153
0.057
0.129
0.135
0.132
0.112
1.043
1.112
1.091
0.475
0.364
0.174
0.006
0.903
0.947
0.469
0.474
0.210
0.175
0.189
0.282
0.895
0.929
0.528
0.380
0.256
7.389
8.079
3.553
0.555
0.836
0.920
0.662
0.577
0.601
0.298
0.750
0.911
0.796
0.178
0.190
0.415
0.809
0.821
0.496
0.506
0.323
0.216
0.221
0.242
0.601
0.626
0.374
0.162
0.040
0.360
1.475
1.489
0.367
0.761
0.769
0.692
0.710
0.437
0.696
1.430
1.903
6.193
6.240
1.040
0.834
0.593
0.925
0.945
0.510
0.185
0.199
10.604
10.612
0.182
0.025
1.203
1.206
0.080
0.003
0.000
0.142
0.147
0.248
0.249
0.112
0.108
0.038
0.020
1.786
1.786
1.110
1.110
0.222
0.457
3.435
3.462
1.005
0.599
0.123
0.482
0.482
1.238
3.920
6.362
6.373
2.565
2.923
3.465
3.557
3.200
0.628
2.457
2.457
0.153
1.342
1.345
1.330
0.937
4.303
4.308
1.243
1.243
1.262
2.199
2.202
3.773
3.799
3.810
30.828
33.059
8.806
9.771
9.811
1.537
2.763
21.284
22.662
22.665
1.721
2.899
2.907
2.179
2.202
0.790
1.729
4.046
10.150
11.516
11.568
4.179
8.277
9.435
9.159
4.461
4.911
4.945
3.862
4.484
10.628
10.663
8.173
23.822
31.626
31.637
6.392
7.078
6.063
5.003
6.265
6.271
5.718
4.762
4.779
9.614
9.639
9.571
21.413
22.722
14.036
6.286
6.359
9.347
9.352
8.201
9.266
9.352
6.471
6.526
6.599
5.625
7.278
7.385
7.274
3.379
4.659
4.667
4.457
4.470
4.341
3.280
3.770
19.120
20.679
16.810
13.335
8.618
1.486
7.902
8.677
8.962
9.030
10.113
9.388
6.135
4.409
2.963
3.806
3.842
4.554
4.554
6.253
6.706
7.327
7.408
2.682
2.700
2.705
2.705
3.765
5.994
6.683
6.964
36.370
36.825
13.166
4.603
1.112
4.472
6.346
18.387
19.755
9.568
9.793
9.987
1.486
0.737
4.260
5.496
5.659
5.565
5.072
4.128
4.547
15.271
15.608
7.495
0.812
0.874
0.368
0.375
0.543
0.562
0.550
0.550
0.317
0.322
1.249
1.249
1.173
0.740
0.403
1.822
1.833
1.165
1.541
0.890
0.285
0.285
0.141
0.209
0.209
0.056
0.069
0.503
2.379
2.468
2.303
1.047
1.061
0.695
0.304
0.289
0.002
0.092
0.094
0.531
0.531
0.008
0.102
0.496
0.496
0.427
0.431
0.431
0.005
0.273
1.341
1.349
0.442
0.042
0.042
0.960
1.643
1.698
0.512
0.293
0.203
0.430
0.448
0.259
0.254
0.316
0.528
0.540
0.244
0.169
0.026
0.032
0.183
0.189
0.025
0.148
0.148
0.290
0.317
0.249
0.006
0.014
0.014
0.002
0.002
0.003
0.010
0.025
0.026
0.002
0.001
0.003
0.319
0.326
0.174
0.181
0.125
0.236
15.110
15.565
3.029
0.361
0.560
0.560
0.069
0.194
0.576
0.585
0.101
0.006
0.222
0.231
0.211
0.045
0.122
0.122
0.130
0.131
0.157
0.638
1.032
1.100
0.760
0.002
0.001
0.001
0.001
0.001
0.002
0.034
0.215
0.298
0.301
0.356
0.367
0.355
0.060
0.004
0.004
0.066
0.280
0.291
0.096
0.047
2.901
3.241
1.310
1.921
1.924
5.116
5.420
2.846
0.656
0.812
5.473
5.604
0.758
0.295
0.435
0.446
0.124
0.105
2.293
2.297
1.037
1.054
0.611
0.330
0.102
0.063
0.567
1.556
1.569
1.539
0.920
0.932
0.269
0.786
0.819
2.912
2.936
0.805
3.718
3.719
0.139
0.708
1.177
1.179
0.584
0.692
0.704
0.642
0.143
0.159
0.334
0.334
0.625
1.395
1.398
0.735
0.392
5.864
6.091
3.847
1.479
1.999
3.760
3.760
1.243
1.244
3.131
3.131
0.833
10.256
10.258
3.861
1.478
1.617
0.585
1.051
1.266
2.670
5.091
5.139
1.233
1.237
3.431
6.350
8.585
8.780
0.985
1.213
1.213
7.736
7.844
4.053
1.525
1.318
4.477
4.493
1.941
1.598
5.214
6.103
5.404
4.669
4.669
5.774
5.804
5.370
4.992
4.723
7.731
8.110
5.734
5.068
5.098
3.012
3.703
3.703
3.632
5.161
5.161
3.038
5.447
5.481
8.013
8.649
10.044
10.398
6.623
8.215
8.215
1.997
4.255
4.255
4.200
5.431
5.435
5.464
5.468
4.044
4.044
3.588
3.207
3.536
4.421
4.425
4.684
6.747
6.844
4.570
2.782
12.965
13.337
7.413
6.095
4.193
7.961
16.536
16.974
1.928
2.318
15.020
17.434
16.246
18.888
13.359
12.027
11.269
9.100
9.113
7.714
7.818
3.341
3.756
4.587
4.593
3.408
3.408
2.254
3.408
4.721
5.002
3.262
5.112
5.112
27.106
30.960
24.217
4.538
5.338
16.247
17.364
14.903
2.321
4.330
4.404
10.786
13.016
11.446
3.262
3.260
2.978
2.873
5.029
22.696
23.003
5.020
5.132
3.663
7.487
7.620
7.747
6.712
4.283
2.656
1.029
1.921
1.927
0.641
0.871
1.729
2.231
2.231
1.590
1.500
0.818
1.419
1.425
0.998
3.678
3.707
4.083
5.324
5.330
28.631
28.939
3.821
4.442
12.881
12.892
1.851
0.330
0.171
0.182
0.188
0.046
0.125
0.125
0.051
0.547
0.547
0.495
0.279
0.957
0.962
0.803
2.767
2.767
0.866
0.063
0.507
0.517
0.296
0.847
0.876
0.643
0.224
0.176
0.191
0.090
0.066
0.066
0.010
0.002
0.002
0.002
0.031
0.070
0.070
0.079
0.079
0.018
0.036
0.037
0.031
0.001
0.056
0.162
0.176
0.079
0.045
0.200
0.202
0.024
0.072
0.120
0.711
0.711
0.612
0.459
0.133
0.131
0.076
0.054
0.113
0.584
0.589
0.095
0.030
0.127
0.129
0.078
0.010
0.001
0.001
0.020
0.098
0.154
0.158
0.161
0.127
0.137
0.071
0.071
0.014
0.006
0.019
0.046
0.313
0.743
0.753
0.618
0.004
0.005
0.005
0.088
3.019
7.467
7.505
2.753
2.769
7.983
7.985
0.272
0.374
0.379
0.342
0.204
2.041
10.625
10.634
0.219
0.036
0.029
0.023
0.096
0.102
0.189
0.328
1.163
5.662
5.669
0.229
4.721
5.034
4.501
0.043
0.115
0.115
0.016
0.661
0.699
0.842
0.933
0.570
0.058
0.128
2.541
2.571
0.553
0.594
0.600
2.565
2.636
1.077
1.014
1.170
1.173
0.320
0.328
0.301
0.099
0.143
0.226
0.396
1.338
1.339
0.172
0.172
0.039
0.020
0.718
1.307
3.316
4.533
4.534
0.614
0.616
0.282
0.516
0.761
0.763
2.251
4.761
4.790
1.790
0.060
0.065
0.151
0.665
2.371
2.371
1.850
2.419
2.419
0.386
0.063
0.019
0.314
4.073
4.073
0.096
0.266
2.043
2.045
0.603
4.143
5.885
5.907
1.065
6.717
6.828
0.181
1.461
4.323
4.323
0.778
0.932
1.032
1.035
0.936
3.545
3.715
1.449
0.536
2.180
2.180
3.444
3.730
19.703
19.783
10.920
5.101
2.178
0.562
3.845
3.857
4.103
5.136
5.154
2.621
2.621
2.455
3.114
3.114
2.218
3.421
7.560
7.560
3.074
2.799
5.198
5.198
6.426
6.531
6.560
3.475
4.721
7.524
7.546
2.995
7.947
8.633
4.616
6.032
6.679
6.704
3.309
2.922
4.772
4.772
4.028
12.878
41.602
43.799
5.211
7.520
14.777
14.856
6.764
8.356
8.573
9.264
6.468
4.073
3.796
10.014
11.224
5.454
2.474
4.211
14.093
17.291
32.509
34.963
30.765
25.587
2.809
17.903
20.429
21.094
13.481
6.560
6.632
4.977
7.096
7.477
5.411
3.012
3.447
3.447
2.858
5.638
19.671
21.244
8.742
8.761
5.628
3.538
3.538
2.462
4.031
17.634
22.552
23.397
12.362
3.823
2.626
1.294
3.157
3.268
3.268
2.959
2.312
1.636
3.403
3.410
5.004
6.222
6.244
3.619
1.433
1.562
2.269
2.269
2.372
3.651
3.654
2.693
1.504
1.523
2.320
3.988
3.991
0.983
4.506
4.563
4.232
18.736
30.022
30.443
9.043
1.009
0.707
0.177
0.289
0.479
0.620
0.791
0.859
2.874
2.876
3.220
3.254
2.350
1.328
1.016
0.433
0.011
0.016
0.016
5.929
6.023
0.748
0.176
0.731
0.754
0.570
0.536
0.456
0.164
0.419
0.456
0.595
0.618
0.392
0.394
0.121
0.123
0.051
0.061
0.106
0.106
0.028
0.030
0.012
0.018
0.311
2.905
2.920
0.179
0.196
0.154
0.050
0.850
0.883
0.140
0.006
-0.000
0.112
0.655
0.674
0.223
0.002
0.012
0.226
0.363
0.363
0.109
0.136
0.149
0.156
0.104
0.093
0.233
0.233
0.055
0.055
0.005
0.001
0.001
0.010
0.016
0.250
1.168
1.185
0.498
0.235
0.146
0.471
0.473
0.414
0.136
0.136
0.129
0.058
19.938
21.017
1.144
0.015
0.016
0.014
0.006
0.122
0.125
0.137
0.152
0.226
0.241
0.251
0.161
0.018
0.001
0.001
0.001
0.002
0.032
0.039
0.349
0.357
0.259
0.057
0.057
0.019
1.718
8.581
8.592
6.399
9.448
9.454
0.435
0.580
0.598
0.192
0.958
0.994
0.632
0.698
1.077
1.844
1.975
2.239
2.239
0.320
0.099
0.991
25.525
25.789
0.727
0.033
0.174
1.530
1.990
1.990
0.947
0.021
0.081
0.569
0.589
0.726
0.740
0.402
0.935
0.953
0.270
1.453
1.496
1.500
1.504
0.159
0.536
1.022
1.025
0.338
0.625
0.632
0.089
0.105
0.105
1.920
1.926
1.763
1.764
0.540
1.136
1.390
1.402
0.850
0.850
0.500
0.509
0.944
0.945
0.312
0.313
0.308
0.647
0.651
0.608
0.057
1.572
1.590
2.813
2.813
0.476
1.158
1.165
0.578
0.578
0.162
0.162
0.406
0.406
0.647
5.847
5.851
2.281
2.406
2.406
0.831
2.876
2.900
0.281
0.112
0.083
1.349
2.052
4.350
4.360
1.291
1.599
2.857
3.737
3.900
3.762
4.471
4.472
3.257
3.258
4.178
6.286
6.465
1.767
1.973
1.974
1.394
1.417
1.417
3.103
3.103
3.472
5.670
5.685
4.705
7.449
7.454
3.821
17.026
18.092
20.943
18.851
19.796
5.372
5.458
5.519
3.366
5.145
5.514
5.524
13.382
26.067
26.684
6.236
10.492
29.458
29.782
11.144
9.804
12.303
12.511
14.179
15.460
15.903
5.601
14.186
28.331
28.601
18.673
11.008
7.609
8.509
23.664
24.225
3.905
4.223
7.803
20.313
21.082
8.564
8.807
5.726
6.287
6.287
5.234
6.010
6.010
12.615
13.397
10.655
9.566
12.850
12.893
3.441
1.473
1.473
1.625
6.420
6.430
6.901
6.940
3.141
2.993
5.429
8.498
9.904
8.145
57.923
58.524
4.704
3.108
2.312
3.656
6.215
6.248
4.361
3.556
3.575
2.364
7.597
11.134
11.351
5.435
8.433
8.474
7.178
4.620
3.240
2.096
4.832
5.185
5.185
5.401
6.178
6.189
4.074
4.078
3.191
2.638
3.282
3.297
2.877
1.940
7.534
8.144
7.474
1.103
0.883
2.422
2.945
2.960
2.332
0.795
0.795
0.088
0.312
0.321
0.303
5.120
45.860
45.997
0.461
0.303
0.101
0.101
0.312
0.312
0.075
0.343
0.971
0.975
0.584
0.136
1.880
11.326
30.850
31.588
12.841
0.922
0.114
0.413
0.413
0.008
0.058
0.058
0.016
0.180
0.224
0.613
0.638
0.105
0.151
0.452
0.456
0.101
0.037
0.043
0.549
0.714
0.744
0.615
0.039
0.039
0.001
0.001
0.008
0.029
0.388
0.449
0.459
0.156
0.065
0.023
0.102
0.201
0.230
0.167
0.014
0.007
0.104
0.107
0.038
0.038
0.002
0.002
0.004
0.077
2.437
2.447
0.071
0.116
0.116
0.024
0.052
0.128
0.163
0.163
0.098
12.303
13.611
10.091
0.024
0.082
0.130
0.139
0.189
0.193
0.275
0.336
0.325
0.025
0.025
0.002
0.093
0.219
0.589
0.593
0.011
0.014
0.022
1.707
1.720
0.069
0.310
0.325
7.616
7.819
5.841
0.465
0.481
0.177
0.204
0.509
0.719
0.743
0.398
0.374
0.378
0.594
0.609
0.275
0.009
0.014
0.139
0.178
0.178
0.283
0.283
0.151
0.151
0.069
3.024
3.107
1.253
0.094
0.348
0.350
0.006
0.001
0.010
0.023
0.023
0.288
0.296
0.318
0.326
0.084
0.422
1.304
2.083
2.083
0.058
4.280
4.280
0.534
0.534
0.129
0.600
0.600
0.023
0.032
0.143
4.469
4.471
0.032
0.748
0.751
0.227
0.081
0.272
0.272
0.081
0.227
3.267
3.282
4.989
5.211
0.371
0.812
2.437
3.990
3.990
3.390
3.390
1.885
0.664
1.238
4.567
4.574
3.795
2.572
2.680
2.681
0.301
4.052
4.933
4.940
3.380
2.471
1.600
2.123
3.002
3.014
1.246
1.035
1.058
0.200
0.686
1.235
1.238
0.537
0.537
0.486
6.365
6.960
4.480
1.662
2.011
2.018
1.705
4.754
6.514
8.399
8.403
19.737
19.741
7.764
8.340
7.066
2.328
2.293
2.297
1.736
1.948
3.033
3.338
4.062
4.081
5.251
5.273
3.217
5.107
5.133
3.854
5.407
5.774
7.068
8.786
9.450
7.355
3.915
6.950
10.553
11.576
11.646
11.662
12.312
12.472
5.863
5.882
2.506
0.995
2.107
3.309
7.062
7.170
11.041
11.808
6.962
16.978
22.082
50.720
53.861
24.290
41.342
42.336
21.021
4.275
8.624
9.041
3.699
21.407
21.407
7.692
7.710
5.306
5.428
2.306
10.170
10.930
7.581
8.538
12.317
12.599
6.385
6.410
5.735
5.748
7.278
7.530
5.751
5.754
6.453
8.188
8.373
7.520
2.707
3.925
3.925
3.910
3.910
6.283
6.286
5.270
7.366
7.382
6.982
1.180
1.804
2.320
2.323
2.843
5.213
5.216
2.421
4.546
5.537
5.553
2.922
4.509
4.565
3.027
2.058
1.957
2.160
2.854
4.249
7.664
7.664
0.411
1.504
3.072
3.076
3.973
3.977
3.069
3.129
3.129
1.534
1.651
2.153
4.019
4.222
1.734
5.425
12.286
12.320
1.257
3.429
3.429
2.169
2.172
1.888
22.577
22.608
3.046
0.244
0.908
0.911
0.192
6.790
6.886
0.148
0.006
0.022
0.108
0.136
0.139
0.429
0.568
0.572
0.528
1.177
1.180
0.083
0.083
0.120
0.124
0.136
0.417
0.431
0.262
0.095
0.145
0.164
0.173
0.166
0.457
0.484
0.580
0.964
0.965
0.042
0.009
0.001
3.554
3.628
0.370
0.441
0.441
2.034
2.034
0.079
0.501
0.525
0.525
0.281
0.202
0.300
0.303
0.005
0.002
0.002
0.001
0.002
0.002
0.001
0.002
0.002
0.043
0.043
0.294
0.294
0.072
0.001
0.002
0.084
1.646
1.686
0.597
0.520
0.296
0.505
0.525
0.222
0.002
0.002
0.005
0.694
0.700
0.543
0.549
0.234
0.085
0.271
0.288
0.509
0.593
1.422
1.440
0.162
0.003
0.002
0.069
0.592
3.936
4.007
1.226
0.324
2.293
3.470
16.172
16.173
0.094
0.460
0.470
3.512
3.526
1.783
19.579
20.230
2.869
0.345
0.743
1.610
1.637
0.589
0.408
0.255
0.178
0.048
0.775
0.799
0.567
3.252
3.328
4.108
4.109
0.254
0.236
3.879
4.835
4.914
0.235
0.326
0.357
0.481
0.481
0.440
0.450
0.004
0.500
0.503
0.145
0.070
0.247
0.248
0.961
3.235
3.236
0.539
0.026
0.028
0.206
0.206
0.958
5.708
5.708
0.854
0.895
0.614
4.467
4.472
0.527
0.527
0.720
0.747
0.587
0.595
0.216
0.195
0.224
0.375
0.375
0.516
1.196
1.203
0.455
0.469
0.173
0.075
0.014
0.053
0.109
0.165
0.166
0.094
0.046
0.553
0.553
0.364
0.243
0.376
1.440
2.871
3.231
3.231
2.668
3.384
3.398
3.215
2.205
2.898
3.519
3.553
2.636
0.287
3.022
4.121
2.730
0.867
0.975
1.388
1.388
1.539
3.292
3.678
1.083
1.632
1.632
1.682
3.346
3.553
0.945
0.620
1.577
1.577
0.605
1.132
2.183
2.187
0.727
1.627
3.836
3.842
3.237
3.365
3.625
1.238
1.060
0.761
1.571
1.577
1.160
0.922
4.630
10.560
11.443
3.587
5.130
5.197
7.312
31.158
31.830
4.736
0.483
1.010
3.809
3.836
4.780
5.901
5.916
3.117
5.126
5.126
4.686
2.693
3.234
7.173
22.049
22.637
12.628
12.739
8.079
14.945
16.392
10.407
4.193
3.170
38.388
41.293
7.030
1.569
2.301
4.374
4.384
3.658
3.658
3.483
1.903
1.696
2.425
5.094
8.179
8.179
7.720
10.877
22.806
22.830
6.730
6.735
6.816
4.845
3.817
4.807
6.529
7.060
6.821
7.385
11.063
11.537
7.026
7.878
13.498
18.061
18.071
5.099
3.769
1.473
0.163
0.670
3.296
3.504
4.018
4.018
3.971
6.895
7.083
0.981
0.954
3.540
3.542
1.672
2.402
2.402
3.555
3.567
2.910
3.781
4.250
4.252
2.542
9.416
9.505
2.546
1.547
1.549
0.964
2.228
2.228
0.388
0.552
0.558
2.204
12.547
12.598
6.630
2.318
2.204
2.209
0.370
0.284
0.110
0.110
0.050
0.018
0.370
0.370
0.023
0.101
0.562
22.200
22.470
10.764
0.197
0.014
0.151
1.116
1.129
0.119
0.887
0.956
0.494
0.329
0.205
0.032
0.020
0.008
0.018
0.030
0.030
0.007
0.001
0.001
0.005
0.011
0.011
0.001
0.172
0.444
0.445
0.042
0.025
0.016
0.251
0.279
0.287
0.108
0.110
0.088
0.130
0.152
0.277
0.290
0.165
0.227
0.275
0.278
0.042
0.266
0.276
0.073
0.151
0.163
0.136
0.144
0.043
0.056
0.058
0.107
0.111
0.053
0.040
0.040
0.257
0.260
0.188
0.211
0.211
0.024
0.210
0.210
0.022
0.022
0.022
0.023
0.014
0.013
0.053
0.065
0.069
0.098
0.105
0.062
0.042
0.631
0.737
0.773
0.118
0.005
0.162
0.162
0.012
0.016
0.133
0.134
0.099
0.086
0.016
0.011
0.007
0.006
0.006
0.001
0.016
0.037
0.038
0.841
1.472
1.472
0.001
0.174
0.292
0.587
1.352
1.352
0.005
0.048
3.167
3.970
4.070
0.699
0.580
0.002
0.002
0.012
0.082
0.114
0.114
0.448
1.605
1.625
0.434
0.236
0.245
0.204
0.350
1.929
1.948
0.607
0.090
0.117
28.330
30.467
14.308
0.223
0.888
13.347
13.398
2.614
2.624
0.102
0.182
0.943
1.511
1.552
0.351
0.682
1.487
1.487
0.199
0.280
0.283
0.127
2.226
4.210
4.211
0.379
0.786
1.571
1.571
0.037
0.481
1.330
1.340
0.247
0.067
0.067
0.012
0.009
0.524
18.657
20.250
7.716
0.342
0.328
0.329
0.374
0.374
1.515
1.526
0.211
0.003
0.021
0.181
2.329
4.189
4.190
0.525
0.731
0.732
0.561
0.767
5.251
5.316
4.625
4.514
4.516
0.209
0.282
0.282
1.158
2.784
2.784
3.678
3.687
1.640
2.563
3.549
3.617
4.604
6.205
6.447
5.372
5.418
4.229
6.482
6.486
6.321
6.325
5.428
5.432
4.640
4.640
27.840
27.845
6.829
3.048
1.029
1.041
1.444
1.452
0.847
0.859
4.022
4.035
3.099
4.301
8.768
13.383
14.445
26.511
26.553
10.330
4.941
4.950
4.253
2.281
2.761
10.853
11.300
5.468
4.407
4.608
4.608
5.489
5.510
11.333
11.525
7.377
7.666
6.270
4.357
9.650
11.175
7.691
3.237
4.683
9.441
10.719
11.647
9.441
4.875
2.928
2.870
3.354
3.357
5.252
5.260
5.316
5.316
3.658
2.159
5.554
5.805
5.805
1.998
0.854
2.788
3.492
3.492
3.364
1.414
1.245
3.753
3.755
2.349
1.670
3.760
8.628
9.210
34.506
35.216
5.608
5.611
4.738
4.742
3.268
2.866
2.638
2.014
0.939
0.822
4.901
6.410
28.876
28.963
17.514
18.027
4.622
0.567
1.879
3.202
3.202
3.244
12.787
12.787
7.022
12.301
17.184
18.024
15.494
13.505
0.639
0.108
0.066
0.435
0.435
0.116
1.311
1.364
1.367
0.165
1.106
1.682
1.682
0.734
0.760
2.175
2.182
0.674
0.611
0.947
0.947
0.524
0.524
1.946
4.547
4.570
1.024
0.420
0.420
0.261
0.261
0.004
0.003
0.042
0.139
0.608
0.608
0.689
1.030
1.032
1.055
1.058
0.216
0.091
1.867
2.395
2.395
0.273
0.284
0.387
0.414
0.463
0.535
0.780
0.787
0.121
0.740
1.102
1.157
1.173
0.586
0.175
0.184
0.025
0.075
0.106
0.106
0.004
0.004
0.082
0.086
0.328
0.978
1.000
0.294
8.578
8.632
0.307
0.005
0.001
0.001
0.004
0.004
0.001
0.003
0.060
0.068
0.064
0.026
0.026
0.260
0.550
0.550
0.001
0.001
0.011
0.040
0.041
0.004
0.001
0.024
0.130
0.136
0.110
0.022
0.128
0.165
0.290
0.377
0.644
0.667
0.312
0.258
0.037
0.025
0.075
0.257
0.260
0.040
0.002
0.003
0.003
0.002
0.005
0.006
1.244
1.246
1.210
0.070
0.137
3.045
3.082
6.207
6.238
1.015
0.703
0.578
10.326
10.369
3.108
14.005
14.019
1.258
1.272
0.552
0.201
0.191
0.049
0.053
0.334
1.862
12.330
12.351
0.736
0.478
7.494
7.545
0.561
0.201
0.636
1.034
1.050
0.373
0.381
0.504
0.505
0.455
1.912
3.657
3.695
1.052
0.526
0.001
0.001
0.302
2.508
2.508
0.013
0.049
0.425
0.995
0.995
0.025
0.006
0.003
0.003
0.049
0.358
0.358
0.326
1.180
1.180
0.913
0.916
3.071
3.178
1.771
1.432
0.946
0.947
0.403
0.321
1.565
1.813
1.813
1.515
1.516
1.449
2.609
14.321
14.726
6.890
3.030
0.767
0.021
0.059
0.059
0.834
1.717
2.069
8.007
8.007
1.273
2.382
4.238
4.256
3.956
4.888
4.895
1.817
13.323
13.354
1.248
4.600
5.416
5.419
3.799
6.674
6.975
1.271
1.301
2.282
2.282
0.975
0.357
0.357
0.937
0.991
1.920
3.306
3.306
3.740
3.773
2.960
4.370
10.824
10.911
5.400
3.619
5.467
6.382
7.710
15.218
15.368
5.901
4.683
5.246
5.246
2.623
5.285
5.304
4.909
3.542
6.103
6.108
4.510
4.274
8.125
9.299
6.869
2.229
5.462
5.462
3.334
4.257
4.261
7.568
12.642
14.835
14.926
9.929
7.847
7.892
11.126
11.131
16.675
32.496
33.990
20.681
22.156
22.613
24.261
20.032
15.264
15.469
23.248
24.106
7.047
9.718
11.009
7.429
1.494
1.494
1.840
1.840
1.055
4.336
4.341
5.528
11.203
11.288
13.383
19.284
19.431
17.284
9.250
9.775
7.642
1.977
2.511
3.665
4.767
4.767
3.064
5.372
5.405
4.143
5.358
5.367
4.231
5.417
6.310
8.183
24.860
31.103
32.850
7.914
15.010
17.315
11.471
0.732
1.774
2.479
3.696
3.710
1.554
4.222
4.222
5.664
5.664
2.026
0.952
8.224
16.353
16.946
3.988
3.014
3.036
2.470
1.216
1.216
0.209
1.449
1.452
1.319
0.790
3.615
9.454
13.433
14.504
1.680
1.593
0.333
0.095
0.795
0.796
0.129
0.029
0.426
0.846
0.848
0.575
0.361
0.042
0.042
0.036
0.059
0.115
0.208
0.363
0.779
0.864
0.547
0.067
0.644
0.682
0.607
0.935
0.956
0.203
0.121
0.208
0.208
0.081
0.081
0.031
0.032
0.029
0.031
0.160
0.163
0.111
0.217
0.217
0.094
0.001
0.001
0.001
0.017
0.151
0.155
0.208
1.321
1.321
0.029
0.029
0.159
0.367
0.368
1.087
1.096
0.485
0.326
0.323
0.341
0.105
0.047
0.024
0.135
0.140
0.068
0.003
0.003
0.001
0.001
0.001
0.001
0.010
0.026
0.035
0.056
0.111
0.114
0.290
0.297
0.116
0.270
0.289
0.196
0.070
0.153
0.374
0.374
0.053
0.053
0.000
0.002
0.202
2.076
2.162
0.942
0.302
1.711
5.107
5.130
2.749
2.762
0.287
0.849
0.908
1.464
1.491
0.386
0.084
0.368
0.380
0.185
0.231
0.441
1.315
1.325
0.253
0.368
0.565
0.580
0.168
0.082
0.041
0.240
3.673
3.694
1.060
0.235
0.010
0.178
0.812
1.164
1.179
0.301
0.004
0.004
0.080
0.177
5.020
5.150
2.187
0.002
0.185
0.198
0.019
0.001
0.820
0.820
0.622
0.657
0.657
0.288
0.621
1.714
1.714
0.211
0.370
0.370
0.899
0.908
0.613
0.542
0.553
1.842
1.853
0.476
0.668
1.868
1.910
1.378
2.950
2.955
7.810
7.815
0.020
0.058
0.058
1.752
6.556
6.570
4.805
0.540
0.489
0.376
0.273
0.034
0.291
0.291
0.238
0.173
0.326
0.326
1.611
1.625
1.619
0.266
2.338
2.630
2.644
4.597
6.306
6.376
3.312
3.713
3.717
1.024
2.574
3.022
3.051
3.926
3.926
2.568
2.571
1.673
3.206
3.787
4.396
4.396
4.546
4.548
4.198
2.366
3.312
3.312
2.499
3.476
5.652
5.725
3.322
4.227
4.231
6.162
7.090
7.116
3.896
3.981
3.985
4.943
6.326
6.759
11.724
12.231
8.160
8.168
9.212
9.312
9.294
8.995
7.672
5.599
5.640
4.063
6.404
6.442
2.997
3.996
11.944
12.097
17.305
19.143
5.901
9.589
13.048
13.048
6.310
6.155
6.159
4.253
5.288
7.298
11.655
14.812
15.015
19.384
19.811
15.015
9.817
15.601
15.627
27.515
28.658
16.632
5.008
14.928
15.062
2.623
4.145
5.534
5.961
9.308
9.681
6.064
6.237
6.244
5.719
15.155
15.159
4.473
5.508
7.859
12.284
12.777
11.873
41.058
43.415
16.957
3.196
25.081
25.678
1.629
2.199
2.216
1.726
8.121
8.535
10.434
18.555
18.810
6.706
2.295
1.595
1.401
3.687
3.706
3.532
2.040
0.994
1.001
1.408
1.860
2.454
3.371
6.560
6.715
4.204
4.171
3.526
3.932
3.932
2.783
0.936
3.287
4.049
4.094
4.003
2.215
0.794
12.921
15.084
15.090
0.029
0.202
0.501
1.160
2.238
2.877
2.881
1.613
0.713
0.732
0.696
0.587
2.116
2.116
0.715
0.042
0.087
0.653
0.655
0.421
0.424
0.145
0.147
0.059
0.013
0.313
2.332
2.404
0.426
0.426
0.089
0.071
0.029
0.124
1.419
1.419
0.065
0.065
0.007
0.174
0.174
0.120
0.368
0.369
0.220
0.100
0.100
0.020
0.045
0.433
0.713
0.740
0.641
0.065
0.115
0.115
0.019
0.003
0.003
0.001
0.003
0.016
0.020
0.005
0.001
0.003
0.003
0.001
0.138
0.138
0.041
0.320
0.325
0.127
0.109
0.114
0.012
0.004
0.001
0.002
0.069
0.069
0.107
0.499
0.547
0.678
1.932
1.932
0.050
0.053
0.317
0.811
0.843
0.742
0.028
0.325
0.617
0.631
0.262
0.325
0.350
0.300
0.310
0.097
0.019
0.004
0.001
0.002
0.024
0.030
0.006
0.003
0.002
0.001
0.001
0.006
0.017
0.018
0.275
0.276
0.006
0.057
0.664
0.664
0.509
0.294
0.149
0.061
0.061
0.054
0.130
0.130
0.018
1.981
1.985
0.003
0.058
0.100
0.155
0.164
0.192
0.195
0.343
1.587
1.587
1.796
4.627
4.779
1.667
1.698
0.974
0.973
0.004
0.002
0.008
0.338
0.338
0.318
0.334
0.174
0.155
0.435
0.435
0.151
0.151
0.184
0.447
0.945
2.312
2.316
2.412
2.417
2.488
2.488
1.079
3.832
5.777
5.818
1.221
1.574
1.576
1.217
1.218
0.156
0.161
0.117
0.085
0.617
0.946
0.946
2.268
2.289
0.742
0.226
1.071
1.084
0.976
1.435
4.056
4.056
1.334
0.894
2.304
2.354
0.348
0.291
0.026
0.053
0.652
1.580
1.580
1.140
1.763
5.034
5.074
2.558
1.385
0.661
0.694
0.694
1.708
1.708
6.600
19.292
19.310
2.428
0.575
0.579
0.056
0.126
0.820
0.995
1.897
8.315
8.330
6.270
33.146
55.170
55.177
1.010
3.103
3.111
5.256
5.258
3.322
3.338
1.196
2.812
4.358
4.366
1.698
1.055
2.469
4.771
4.822
3.225
3.190
3.443
3.458
0.830
0.935
1.266
1.266
1.628
1.628
4.600
4.833
5.460
5.491
9.028
9.063
7.443
11.115
11.440
17.903
17.948
7.691
7.740
2.916
2.639
2.541
2.792
3.157
5.081
7.267
7.267
3.591
9.714
9.719
2.052
4.578
5.486
5.486
1.663
11.993
11.998
1.021
2.847
39.447
43.122
42.955
10.770
13.631
14.233
2.818
12.811
20.119
20.227
30.207
32.979
15.911
13.939
5.084
4.860
4.694
5.150
5.150
8.582
8.590
11.628
12.084
8.250
14.869
35.116
35.365
2.623
9.773
11.230
5.013
3.565
4.789
4.851
7.976
8.022
3.644
2.842
3.789
3.789
2.451
7.774
9.726
10.210
3.050
6.461
6.470
3.209
3.211
0.735
0.746
0.746
0.656
1.204
2.379
2.468
1.491
3.626
3.630
1.517
2.292
3.326
3.333
1.189
2.991
3.022
3.394
3.395
1.043
3.500
5.767
5.775
10.869
51.419
53.940
4.897
0.491
0.431
0.282
0.101
0.048
0.068
0.068
0.004
0.109
0.113
0.117
0.403
0.411
0.117
0.189
0.423
0.447
0.246
0.403
0.407
0.125
0.085
0.007
0.264
0.264
0.036
0.152
0.152
0.082
0.262
0.280
0.203
0.160
0.610
0.611
0.476
0.567
7.185
8.089
5.704
0.855
0.704
0.042
0.042
0.001
0.003
0.052
0.162
0.162
0.024
0.027
0.061
0.061
0.061
0.061
0.008
0.179
0.360
0.369
0.335
0.335
0.026
0.089
0.090
0.472
0.502
0.775
0.794
0.594
0.599
0.454
0.110
0.151
0.318
0.525
0.546
0.491
0.105
0.105
0.059
0.046
3.282
3.531
0.213
0.001
0.010
0.140
0.142
0.046
0.001
0.059
0.064
0.091
0.093
0.048
0.260
0.291
0.291
0.053
0.004
0.007
0.442
0.442
0.121
0.129
0.574
0.575
0.169
0.169
0.031
0.176
0.622
0.643
0.617
0.638
0.557
0.569
0.443
0.450
0.051
0.052
0.251
13.095
13.107
0.212
5.072
5.073
0.335
0.343
0.470
0.737
0.741
0.156
0.195
0.186
0.162
1.571
1.571
0.259
0.208
0.209
0.544
4.809
4.809
1.337
1.351
0.621
0.522
0.534
0.340
0.359
0.217
0.228
0.230
4.059
4.059
1.012
0.739
1.119
1.120
0.331
0.001
0.013
0.305
0.306
0.145
0.836
2.378
2.393
1.736
0.641
9.554
9.557
1.100
0.783
0.195
0.156
0.076
0.076
0.035
0.037
0.067
2.712
2.712
1.231
0.836
0.604
2.098
2.098
0.348
3.145
3.145
1.157
0.841
0.861
1.210
1.263
1.263
1.889
1.920
1.173
2.532
2.532
2.082
2.957
2.974
2.112
5.443
5.449
4.338
3.234
3.238
1.520
1.909
1.941
0.639
1.156
1.177
0.806
2.292
2.292
12.565
13.161
2.485
1.795
6.944
11.366
11.366
5.430
5.713
4.446
2.335
4.806
4.907
3.128
7.090
7.106
31.684
34.250
7.388
2.971
1.499
4.038
4.108
1.153
1.158
0.346
1.791
2.836
4.200
8.140
8.178
14.067
15.750
4.573
5.483
9.163
9.174
4.736
6.311
34.222
34.228
6.998
6.998
6.828
11.248
11.367
6.668
4.600
3.822
5.199
6.075
13.321
53.734
55.179
34.724
15.941
3.600
1.356
5.214
8.597
8.948
8.437
8.602
6.442
7.468
7.623
10.511
11.217
14.838
15.684
5.756
15.972
19.294
21.114
7.657
5.789
5.832
11.864
12.928
5.875
5.341
3.645
3.645
3.650
3.656
3.607
3.607
5.130
12.372
12.647
17.745
18.134
7.301
18.312
21.017
13.273
18.846
19.781
11.032
8.581
8.592
4.255
10.093
14.942
15.207
4.330
3.911
7.549
7.606
3.973
7.319
8.042
7.108
1.614
1.614
7.253
7.394
2.729
2.831
5.891
6.014
5.340
4.749
5.776
5.780
5.542
9.458
9.665
4.299
1.098
0.494
0.353
0.670
0.979
1.001
1.330
1.330
1.218
1.239
0.595
0.569
0.316
0.686
1.252
1.272
0.617
0.498
0.113
4.367
4.384
4.387
4.469
3.602
1.503
4.469
4.532
2.018
0.491
0.249
0.255
0.251
0.076
0.076
0.020
0.260
17.564
17.991
2.190
0.115
0.001
0.002
0.037
0.038
0.016
0.035
0.037
0.031
0.028
0.447
0.471
0.127
0.530
0.551
4.077
4.165
2.025
0.390
0.029
0.038
0.036
0.002
0.004
0.069
0.576
0.608
0.197
0.228
0.324
0.328
0.020
0.020
0.028
0.029
0.234
0.235
0.255
0.388
0.417
0.351
0.367
0.112
0.115
0.224
0.446
0.459
0.166
0.009
0.088
0.215
0.226
0.082
0.030
0.080
0.083
0.034
0.235
6.601
7.087
2.163
0.010
0.041
0.129
0.135
0.316
0.371
0.500
0.523
0.077
0.035
0.033
0.178
1.091
1.437
1.437
0.260
0.265
0.049
0.053
0.070
0.121
0.168
0.309
0.609
0.628
0.368
0.374
1.173
1.287
0.174
0.022
0.022
0.002
0.034
0.034
0.219
0.812
0.850
0.364
0.235
0.235
0.008
0.272
2.629
25.264
25.279
1.201
0.349
0.781
0.859
0.365
0.020
0.352
1.017
1.030
0.362
0.206
0.047
0.269
0.396
0.408
0.282
0.076
0.003
0.366
1.872
1.877
0.324
0.353
0.733
0.733
0.048
0.004
0.172
0.822
4.170
4.192
1.229
0.253
0.259
0.618
0.747
1.140
1.141
2.698
2.698
0.961
1.059
0.746
0.760
0.475
3.109
3.116
0.143
0.889
0.897
0.730
1.780
1.780
0.563
3.069
3.081
1.253
0.591
0.069
0.283
0.968
0.986
0.869
0.869
1.737
4.806
4.820
4.277
4.280
2.146
0.680
2.992
2.998
2.132
6.178
6.181
1.200
1.976
1.979
2.055
2.055
3.890
3.890
3.789
3.790
2.579
2.580
0.973
4.783
7.516
8.264
7.257
1.986
3.326
3.349
2.186
5.063
5.063
2.361
2.619
4.054
4.056
3.386
1.482
14.440
14.538
4.704
5.392
1.620
1.638
1.757
3.013
3.013
4.655
4.655
3.364
6.599
6.621
7.309
19.069
20.600
14.827
11.574
4.003
4.007
3.430
9.359
13.415
13.695
13.229
16.881
36.798
37.357
28.824
10.666
11.120
12.877
13.012
9.401
7.579
7.687
3.173
4.557
4.557
3.016
9.585
18.877
21.829
26.651
27.559
11.136
9.103
9.255
8.898
11.655
12.206
10.531
4.087
5.449
11.433
12.152
9.417
12.693
19.715
19.780
11.166
11.659
10.612
10.042
7.892
8.169
7.523
7.529
12.181
12.555
5.623
8.766
9.765
10.074
54.063
59.454
27.265
16.832
8.853
0.413
15.693
18.569
4.896
1.297
1.395
1.943
1.943
1.346
1.346
1.319
1.318
1.305
1.305
1.964
2.447
3.429
4.478
10.942
12.193
7.908
6.371
6.648
5.536
3.698
3.836
4.940
14.548
16.424
16.533
11.219
4.302
3.387
7.291
7.715
22.875
23.295
21.838
2.518
0.097
0.071
0.167
0.833
0.833
0.590
0.529
0.418
0.418
0.287
0.290
0.104
0.447
0.447
0.309
0.574
7.576
8.139
3.290
0.170
0.065
0.722
14.015
14.015
0.008
0.179
0.585
0.600
0.465
0.075
0.366
0.372
0.996
1.076
0.337
0.507
1.142
4.049
4.051
2.196
0.292
0.002
0.001
0.036
0.036
0.765
1.043
1.049
0.960
0.870
0.002
0.002
0.002
0.002
0.002
0.002
0.001
0.001
0.001
0.001
0.001
0.002
0.002
0.010
0.012
0.004
0.001
0.001
0.032
0.032
0.004
0.448
0.718
0.720
0.135
0.019
0.035
0.051
0.107
0.107
0.098
0.099
0.094
0.099
0.049
0.046
0.146
0.275
0.282
0.122
0.110
0.087
0.043
0.076
13.150
13.190
1.209
0.968
0.989
0.826
0.507
0.637
0.985
1.019
0.241
0.221
0.222
0.002
0.037
0.555
0.650
0.665
0.614
1.073
1.081
0.361
0.374
0.210
0.114
0.492
0.511
0.688
0.700
0.146
0.334
0.357
0.208
0.208
0.209
0.363
0.369
0.157
33.663
33.676
0.485
0.447
0.494
0.505
0.486
0.896
1.385
1.488
0.434
0.163
0.075
0.015
0.026
0.056
0.129
0.175
0.206
0.285
7.027
7.296
1.365
1.386
1.117
0.597
0.012
1.057
1.100
0.979
0.192
0.176
0.182
1.573
11.249
11.249
3.137
3.138
0.010
0.006
0.000
0.000
0.092
0.093
0.086
0.002
0.740
0.740
0.468
0.609
0.624
0.412
1.152
1.151
0.065
2.027
2.787
3.078
2.606
2.607
3.093
3.148
4.529
4.529
1.734
1.739
0.539
1.165
1.204
0.692
0.743
0.745
0.090
0.636
0.794
0.808
0.160
0.163
0.143
1.167
1.171
1.108
0.597
0.139
0.069
0.235
0.966
0.968
0.877
0.406
0.406
1.107
1.107
0.452
0.440
0.324
1.503
1.504
0.707
1.829
3.182
3.188
1.762
0.364
0.842
0.850
0.724
0.402
1.202
1.220
1.221
0.751
0.542
0.420
2.674
3.389
6.719
7.386
5.792
3.070
3.107
7.283
7.354
1.177
2.202
2.202
1.448
3.449
3.471
13.200
29.074
31.775
9.057
3.536
6.497
15.640
15.684
12.614
15.017
15.299
5.933
4.355
4.398
4.886
4.890
3.804
13.776
18.136
41.591
44.717
44.768
2.295
2.321
2.551
5.172
9.173
9.199
7.786
21.409
23.972
12.932
11.743
14.831
14.965
7.307
12.331
12.383
16.071
16.397
6.546
14.070
14.857
8.087
8.183
3.401
7.397
8.737
10.027
8.169
3.027
3.577
3.577
7.758
7.869
6.489
4.463
4.463
3.288
3.288
2.419
2.419
3.520
3.548
3.177
8.330
12.161
39.573
39.623
4.613
2.101
2.223
2.255
2.255
2.737
3.073
3.516
12.321
15.881
15.881
2.715
2.715
1.355
1.195
1.199
1.100
2.696
5.223
5.232
10.049
34.317
36.192
38.171
42.444
24.178
14.058
16.783
7.442
4.151
1.421
0.619
0.623
0.024
0.028
0.066
0.085
0.567
1.139
3.252
5.714
5.738
1.404
0.380
0.105
0.106
5.550
5.647
4.642
0.092
0.099
0.057
0.059
0.558
0.568
0.243
0.234
0.168
0.200
0.213
0.161
1.178
1.213
0.562
0.166
0.010
0.003
0.000
0.001
0.027
0.034
0.101
0.129
0.136
0.146
0.193
0.204
0.169
0.189
0.189
0.094
0.094
0.073
0.063
0.063
0.001
0.001
0.002
0.005
0.040
0.194
0.334
0.469
0.501
0.171
0.172
0.029
0.254
0.271
0.164
0.100
0.095
0.004
0.003
0.001
0.016
0.125
0.127
0.168
1.032
1.066
0.502
0.506
0.193
0.082
0.082
0.133
0.137
0.194
0.210
0.190
0.081
0.007
0.045
0.045
0.009
0.103
0.111
0.091
0.105
0.056
0.471
0.493
0.202
0.079
0.219
0.458
0.465
0.053
0.056
0.027
0.001
0.006
0.006
0.070
0.072
0.079
7.986
8.866
4.480
0.264
0.156
0.105
0.173
0.181
0.160
0.143
0.083
0.458
0.458
0.249
1.812
1.813
0.769
0.027
2.643
2.651
1.455
1.464
0.048
0.091
0.169
0.170
0.217
0.228
4.909
33.028
35.354
7.715
0.387
0.711
0.712
0.044
0.443
11.150
11.150
0.024
0.354
0.371
0.110
0.279
0.281
0.004
0.089
0.113
0.232
0.232
0.378
2.618
2.621
0.032
0.035
0.059
0.070
0.076
0.752
0.752
0.091
0.332
1.598
1.599
0.133
0.120
0.227
0.250
0.250
0.644
0.919
0.927
0.490
0.494
0.085
0.241
0.244
0.658
0.658
0.069
0.071
0.112
0.388
0.400
0.138
0.023
0.305
2.279
2.279
1.975
1.695
0.828
5.481
8.991
9.396
5.202
1.143
1.143
0.178
0.399
0.783
0.784
0.376
0.806
3.507
3.525
2.320
2.320
0.824
0.123
0.199
8.634
8.634
3.175
3.203
2.647
2.654
1.442
2.795
2.828
2.049
3.856
3.856
3.780
2.208
2.203
2.203
2.083
1.485
4.839
6.291
18.884
30.657
33.135
31.916
2.002
0.575
0.961
1.719
3.486
5.558
5.572
4.847
4.847
4.917
4.988
3.259
6.434
7.079
7.207
7.409
3.886
3.632
3.255
18.148
20.235
11.483
10.560
10.607
9.392
10.047
10.174
10.047
8.045
7.120
4.812
5.736
13.023
21.094
26.259
26.253
23.126
23.150
10.311
10.501
8.445
8.972
4.041
4.003
4.455
16.744
17.916
25.315
25.502
18.083
20.169
11.228
6.267
6.831
6.831
6.814
6.827
7.048
7.290
11.357
21.106
21.337
3.375
4.621
9.662
10.408
11.111
6.608
19.443
19.657
8.925
4.853
6.368
6.368
3.760
3.760
6.411
6.411
2.134
2.889
5.292
5.307
6.403
6.475
4.188
8.716
8.832
8.803
5.882
5.055
2.802
2.807
6.416
15.477
15.712
8.726
0.881
2.756
3.431
3.431
3.266
2.544
4.906
4.914
4.299
3.166
1.602
1.063
2.789
4.275
4.276
1.151
0.954
0.954
0.692
0.993
2.636
2.637
3.771
3.775
2.683
3.235
4.973
5.015
4.803
9.732
9.969
1.207
0.075
0.002
0.657
0.969
0.969
19.575
36.340
37.760
9.294
0.268
1.251
1.628
1.658
0.454
0.203
0.005
0.144
0.573
0.582
4.978
5.085
0.459
1.013
1.048
0.878
0.665
0.666
0.256
0.027
0.028
0.053
0.058
0.045
0.029
0.029
0.000
0.005
0.030
0.030
0.014
0.070
0.078
0.041
0.047
0.047
0.021
0.002
0.039
0.039
0.002
0.003
0.016
0.030
0.476
0.521
0.253
0.028
0.051
0.053
0.058
0.071
0.174
0.185
0.285
0.356
1.259
1.295
0.126
0.004
0.001
0.000
0.169
0.480
0.532
0.256
0.130
0.059
0.003
0.026
0.028
0.157
0.437
0.441
0.069
0.070
0.137
0.140
0.022
0.227
0.848
0.900
0.424
0.075
0.491
0.499
2.471
2.471
0.004
0.061
0.435
0.445
0.110
9.345
9.354
0.023
0.016
0.194
0.200
0.437
0.443
0.122
0.239
0.240
0.013
0.014
0.008
0.009
0.011
0.067
0.073
1.143
1.152
0.750
0.777
0.528
0.537
1.777
1.783
0.277
5.449
5.491
13.950
13.958
0.026
0.035
0.199
0.644
4.709
4.781
0.664
0.137
0.875
1.910
2.016
3.792
3.807
0.315
3.047
3.454
0.524
0.545
0.442
0.307
0.293
0.433
0.511
0.521
0.787
0.787
0.079
0.072
2.352
2.371
1.487
1.032
5.941
5.944
0.119
0.123
0.096
0.096
0.154
0.154
0.468
0.485
0.219
0.907
2.813
2.847
0.432
0.084
1.404
1.405
0.809
0.809
0.467
2.735
2.737
1.933
1.210
1.439
1.456
0.601
0.613
0.618
0.171
0.023
0.326
0.570
0.571
0.815
1.664
1.665
1.369
1.369
1.381
7.007
7.303
4.687
5.506
4.563
3.692
1.569
1.394
1.402
1.471
1.479
0.575
0.613
0.682
0.785
0.785
0.167
0.395
3.083
3.152
1.458
1.184
1.865
3.349
13.302
32.401
63.339
63.343
0.193
0.227
1.290
1.300
0.234
0.239
0.254
5.078
5.098
2.346
10.008
10.024
12.964
14.441
3.864
4.885
4.885
4.606
4.408
5.799
6.327
7.464
10.684
14.040
24.409
27.440
15.188
3.834
2.595
17.925
22.764
23.409
16.348
7.083
5.185
5.011
7.725
9.673
9.673
6.436
6.724
3.558
3.145
4.907
7.432
19.520
22.240
21.647
17.910
14.722
9.243
7.257
4.173
4.178
21.625
23.355
8.046
5.288
9.738
9.744
4.439
10.723
11.174
5.700
5.713
6.796
6.866
3.618
3.624
4.401
4.452
3.051
3.051
3.312
7.363
17.273
33.928
34.234
11.458
5.503
5.503
14.897
18.343
18.929
5.942
3.770
7.554
16.566
16.942
10.554
1.242
4.025
4.025
6.197
6.389
3.135
1.383
1.383
2.152
2.588
2.588
2.671
6.207
7.233
7.384
4.934
5.101
5.121
4.257
4.296
1.787
3.757
5.834
18.485
32.464
33.772
15.663
2.216
3.024
4.681
5.045
1.688
0.480
0.773
1.980
1.980
0.761
0.761
1.714
1.714
0.833
0.833
0.400
0.432
0.439
0.057
7.429
11.214
11.288
0.239
0.023
0.392
0.392
0.051
0.078
0.131
0.131
0.129
0.600
0.608
0.606
0.957
0.998
0.191
0.072
0.159
0.451
0.795
1.161
1.373
1.391
0.006
0.002
0.060
0.123
0.580
0.592
0.179
0.181
0.054
0.137
0.856
0.857
0.324
0.324
0.189
0.555
0.571
0.193
0.041
0.041
0.562
0.578
0.040
0.006
0.001
0.002
0.001
0.015
0.033
0.037
0.037
0.104
0.241
0.250
0.177
0.075
11.310
25.775
26.533
10.234
0.318
0.008
0.002
0.001
0.076
0.080
0.542
0.573
0.131
0.118
0.166
0.177
0.054
0.041
0.014
3.279
9.588
15.271
15.526
0.809
0.366
0.584
0.590
0.307
0.001
0.001
0.002
0.003
0.003
0.022
0.029
0.051
0.051
0.001
0.002
0.002
0.388
0.611
0.371
0.136
0.312
0.638
0.650
1.174
1.195
0.232
0.083
0.075
0.277
0.286
0.136
0.136
0.427
0.561
0.582
0.543
0.266
0.555
0.558
0.214
0.270
0.270
0.046
2.095
2.118
0.535
0.266
0.266
0.001
0.005
0.068
5.909
5.932
0.504
23.005
23.599
9.204
1.273
0.573
0.563
0.578
0.428
0.335
0.222
0.053
0.010
0.288
0.350
3.314
3.376
1.077
1.261
1.268
0.194
0.066
0.048
0.316
0.317
0.056
0.006
0.486
0.486
0.486
13.681
13.693
1.158
1.247
7.675
7.704
0.720
0.608
0.572
0.636
0.556
0.075
0.343
8.252
10.039
7.839
2.676
2.709
1.272
3.004
3.004
0.073
0.003
1.151
1.152
0.665
3.731
3.744
1.655
0.734
2.423
2.423
3.997
4.893
1.089
0.242
0.210
0.098
0.824
0.824
0.009
0.009
0.834
0.837
0.208
1.418
1.419
1.557
1.570
0.910
0.025
5.752
7.115
3.686
5.835
6.392
2.984
11.882
13.060
6.441
0.163
18.654
20.790
11.988
2.942
0.408
0.295
0.295
0.975
0.999
2.086
4.343
15.415
27.533
29.135
11.415
6.251
5.749
1.938
2.694
2.724
3.498
3.533
2.771
8.579
15.906
16.366
7.516
7.829
11.758
19.102
20.042
4.567
1.649
1.649
2.330
5.872
5.872
8.529
8.676
5.034
3.988
13.434
13.945
3.809
0.829
4.734
4.734
2.077
2.869
3.256
3.261
2.648
2.648
1.603
0.935
1.603
3.086
3.086
2.049
1.248
2.556
2.561
2.160
5.677
6.172
5.261
2.586
16.071
17.084
12.872
2.699
1.905
4.727
4.805
1.420
2.508
5.055
6.461
7.190
18.936
18.936
12.020
14.523
15.742
10.379
2.831
2.723
0.754
8.963
27.224
27.944
7.954
9.551
9.551
9.638
9.834
12.624
14.435
9.664
2.266
2.111
0.029
0.271
2.146
2.770
3.820
3.847
2.829
2.843
3.511
3.514
2.065
4.319
14.243
14.397
7.180
4.325
2.143
2.397
2.520
1.269
1.012
0.227
0.225
0.126
0.728
0.769
0.791
0.143
0.019
0.004
0.033
0.038
2.571
2.602
2.196
1.216
1.217
1.781
1.786
0.405
0.022
0.008
0.210
0.249
0.665
0.684
0.557
0.103
0.104
0.113
0.252
3.749
3.771
2.779
0.647
0.172
0.441
0.847
0.909
0.956
0.668
0.272
0.275
0.295
0.298
0.014
0.003
0.010
0.010
0.837
0.867
0.643
0.012
-0.000
0.003
0.025
0.028
0.009
0.001
0.109
0.391
0.397
0.052
0.256
0.896
2.761
2.782
0.106
0.006
0.023
0.023
0.001
0.017
0.166
0.635
0.665
0.642
0.656
0.472
0.122
0.496
0.525
0.211
0.597
0.617
0.299
0.310
0.296
0.225
0.005
0.001
0.001
0.001
0.363
0.411
