20150101
15795044.0
10779540.0
11189836.0
12907616.0
17486568.0
17486568.0
11178452.0
14764958.0
19066952.0
19066952.0
19016688.0
18911264.0
18503412.0
17447876.0
17425328.0
17425328.0
18379196.0
19479972.0
19479972.0
19820964.0
19820964.0
14891316.0
14891316.0
13833172.0
13776676.0
12008576.0
11370772.0
13318462.0
13318460.0
14337436.0
19560062.0
19560060.0
16551836.0
13294580.0
13970310.0
13970308.0
16161008.0
16161008.0
12714382.0
11578280.0
11770320.0
18471320.0
18471320.0
21110198.0
22227256.0
22227256.0
23263872.0
23263872.0
19887548.0
17326774.0
22187904.0
22187904.0
24396356.0
25136074.0
25136074.0
25122286.0
19653710.0
16919866.0
16919866.0
16871792.0
13531236.0
15877176.0
17231436.0
18325372.0
18325372.0
16094491.0
16981102.0
16981100.0
19444664.0
24203140.0
24203140.0
23603188.0
20215168.0
19592772.0
19592772.0
21453846.0
21682836.0
21682836.0
25372400.0
25372400.0
27310908.0
27310908.0
27532166.0
29708086.0
29708086.0
25257580.0
29364468.0
29364468.0
23936398.0
21157698.0
21157698.0
21432624.0
25163014.0
25163128.0
24061166.0
24061530.0
21327038.0
20863682.0
21949282.0
24171136.0
24173666.0
21489324.0
20361358.0
22714010.0
26524624.0
28618736.0
28625346.0
23528064.0
32346574.0
32365150.0
30348318.0
30365340.0
25562624.0
25588178.0
23944184.0
25809224.0
26877554.0
26916398.0
24857400.0
28022188.0
28058020.0
23885628.0
23927918.0
24632604.0
30514132.0
30573520.0
29930900.0
31470028.0
31552196.0
30772472.0
26358148.0
26004790.0
26056656.0
25142210.0
22854472.0
22729564.0
25004804.0
27915452.0
27986952.0
24380276.0
21428824.0
20864732.0
20883952.0
20050004.0
27214276.0
27289124.0
21491400.0
25233916.0
25313760.0
24695540.0
22463572.0
22528192.0
23458912.0
27975140.0
28061536.0
26276932.0
21834576.0
21896092.0
21961188.0
21801004.0
19604036.0
19646208.0
18663968.0
18496476.0
18549552.0
27761080.0
27833784.0
23977720.0
25252136.0
25316292.0
24421252.0
26221800.0
26305960.0
19337696.0
22532208.0
22578544.0
22871412.0
22925920.0
19016948.0
19752848.0
25736232.0
26207716.0
28162218.0
28227184.0
23027240.0
21396848.0
21452520.0
20959660.0
19423572.0
23316424.0
23362292.0
19410348.0
27546542.0
27600976.0
23001632.0
25994118.0
26037444.0
25665072.0
25730104.0
23598696.0
23277732.0
22934240.0
22244434.0
20424608.0
24626750.0
24958094.0
25987700.0
26033598.0
24750890.0
24788236.0
22546340.0
20704674.0
21828024.0
22180474.0
25129404.0
25149416.0
21173760.0
16369358.0
17204078.0
23061782.0
24737798.0
24991036.0
25002470.0
21091002.0
21104000.0
20258138.0
16004422.0
16010556.0
14682434.0
20060442.0
20066048.0
13067594.0
13073122.0
19319698.0
20671042.0
23023610.0
23029580.0
20916106.0
16671572.0
16247130.0
17736514.0
17740270.0
20911154.0
20914776.0
20757340.0
17047138.0
16362598.0
15986560.0
17518338.0
25138440.0
25140296.0
24445206.0
21457470.0
21344562.0
17676072.0
20092200.0
20380202.0
20819504.0
20820052.0
21007142.0
21287222.0
21287362.0
22847308.0
22847358.0
19276284.0
19276284.0
15738287.0
14869541.0
14813206.0
18371444.0
20380622.0
22139928.0
23715400.0
23715400.0
22547516.0
19279956.0
17596800.0
21991702.0
22812108.0
22812106.0
22719210.0
20286732.0
19473304.0
17555612.0
19388234.0
19388234.0
19200180.0
19200180.0
17089580.0
19812258.0
22927682.0
22927682.0
16663930.0
16373972.0
17051838.0
17051836.0
20961260.0
20961260.0
18036364.0
18036364.0
19485942.0
19485940.0
18109902.0
20235344.0
21115446.0
21115444.0
20103032.0
15606676.0
12965388.0
13584756.0
16249036.0
16249036.0
14691986.0
14691984.0
14354208.0
19997844.0
19997844.0
18534072.0
14178178.0
14178176.0
12790576.0
17499548.0
19632776.0
19632776.0
19057710.0
19057708.0
17574560.0
16155886.0
17030520.0
17030520.0
11799068.0
12221972.0
12221972.0
12600008.0
12600008.0
10596652.0
12123756.0
18394044.0
18394044.0
17094692.0
15518312.0
13593168.0
13593168.0
13466012.0
12328332.0
12328332.0
11616632.0
11573888.0
11573888.0
11195636.0
11478402.0
11478400.0
16150232.0
16150232.0
11585136.0
11585136.0
11554444.0
12303460.0
16255340.0
17171530.0
17239292.0
17239292.0
16707224.0
16281584.0
12794868.0
