19950101
0.164
0.138
0.112
0.205
0.244
0.254
0.112
22.848
22.865
0.813
0.290
0.576
0.576
0.176
1.323
11.802
15.727
15.740
1.967
2.049
1.627
0.580
0.437
0.237
0.238
0.162
0.137
0.375
0.571
0.582
0.444
0.185
0.246
0.556
0.761
1.702
1.705
0.532
0.529
0.543
0.491
0.245
0.336
0.342
6.146
6.261
5.193
2.478
2.519
1.543
1.592
3.177
6.763
10.508
10.536
0.355
0.559
1.284
1.336
0.953
0.303
0.312
0.220
0.334
0.359
6.109
6.122
1.012
1.056
0.874
0.890
0.637
0.662
0.184
0.186
1.327
1.333
0.245
0.569
0.569
0.074
0.374
1.405
1.424
24.407
25.627
1.938
1.223
1.250
1.194
0.248
0.391
0.406
0.217
1.753
1.846
0.296
0.296
0.538
0.642
0.647
1.686
1.728
0.904
0.912
0.782
0.784
0.529
0.445
3.159
3.165
1.066
1.703
1.712
1.567
1.312
0.710
0.592
0.542
1.615
1.619
0.419
0.215
0.431
0.431
0.486
0.486
1.182
7.399
7.406
4.469
7.239
7.239
4.992
6.950
6.950
2.881
6.242
6.384
4.814
1.976
1.607
1.607
1.083
2.327
2.327
0.843
0.856
2.173
2.739
2.789
1.809
2.334
2.368
1.952
3.037
3.474
3.488
3.119
3.133
4.375
5.406
9.924
9.945
12.634
18.340
24.224
29.547
32.878
33.104
7.310
7.365
8.982
9.719
8.368
6.559
3.147
4.396
4.409
3.829
39.240
47.833
48.028
5.897
8.787
8.884
9.768
6.050
5.243
5.243
27.955
28.094
4.017
4.581
5.090
5.090
8.278
9.810
10.117
7.478
6.190
6.127
4.296
3.370
3.558
3.565
2.952
12.463
12.470
2.848
4.526
5.939
11.829
12.377
12.790
3.724
2.159
3.477
3.482
3.626
7.180
7.273
6.927
81.897
85.746
66.968
55.604
8.162
0.491
0.868
8.498
8.606
0.935
0.811
2.867
2.867
2.629
5.703
6.529
6.560
10.894
11.132
3.327
0.596
5.460
5.480
7.232
7.816
7.820
5.245
4.292
2.673
1.651
1.651
1.030
1.010
2.373
3.711
4.851
4.851
4.563
4.571
4.474
6.559
7.370
6.847
6.470
3.521
3.521
15.016
37.419
38.113
12.558
0.393
0.822
0.823
0.816
0.457
0.232
0.505
0.505
0.874
1.094
1.249
1.390
1.685
2.280
1.371
1.725
3.781
3.807
0.304
0.297
0.544
0.561
0.571
0.675
0.687
0.312
0.159
0.048
0.102
0.176
0.180
0.148
0.123
0.016
0.252
0.252
0.037
0.005
0.003
34.555
59.180
59.185
0.216
0.384
0.384
0.379
0.628
0.638
0.511
0.530
0.195
0.205
0.268
0.270
0.113
0.226
0.230
0.202
0.273
0.278
0.247
0.349
0.353
0.238
0.208
0.217
0.381
0.382
0.267
0.273
0.420
0.441
0.330
0.250
0.787
0.799
0.294
0.119
0.293
0.294
0.511
0.534
0.921
0.953
0.431
12.252
12.256
0.196
0.222
0.224
0.260
0.548
0.576
0.587
1.213
1.215
0.401
0.594
0.612
0.223
0.291
0.926
0.980
0.633
0.556
0.559
27.133
28.111
22.744
0.335
0.522
0.529
0.241
0.138
0.444
0.475
0.280
0.287
0.176
0.054
0.348
0.376
0.384
0.408
0.420
0.349
0.316
0.192
0.399
0.409
1.042
1.409
13.896
14.388
5.622
0.109
0.219
0.365
0.377
0.315
0.344
13.290
13.379
0.825
0.452
0.289
0.268
2.229
6.199
6.223
0.594
0.156
0.199
0.199
3.645
9.511
9.511
0.308
1.806
3.209
3.209
0.601
2.559
2.682
1.046
1.075
1.078
0.718
0.724
0.335
0.068
0.064
0.390
11.486
11.494
9.847
9.850
5.119
1.181
1.308
5.352
5.382
0.668
0.357
0.359
1.740
1.740
0.339
0.212
0.164
0.165
0.062
0.063
0.055
0.059
0.084
0.084
0.089
0.206
0.603
0.603
0.084
0.096
0.479
0.480
2.022
2.034
2.662
2.666
1.895
0.513
0.609
13.492
14.249
2.398
1.507
6.294
6.403
1.190
1.934
3.286
4.036
2.349
2.194
2.476
9.101
9.122
1.211
4.460
4.727
2.275
1.905
0.920
1.678
1.678
1.025
0.687
0.885
4.762
7.660
7.683
15.958
16.401
6.003
6.791
7.638
7.729
9.587
9.830
5.333
2.853
7.508
7.508
5.164
5.328
6.762
6.762
4.034
4.079
4.056
4.056
3.717
3.243
3.870
8.356
8.418
10.378
10.429
29.440
34.457
26.333
6.762
5.220
6.333
6.332
4.272
4.272
3.520
19.088
21.377
14.485
5.859
8.311
11.713
18.635
37.947
39.407
13.051
12.919
6.698
22.877
24.912
9.191
9.262
4.766
4.206
6.312
6.312
5.610
3.667
3.687
4.466
14.205
14.633
9.969
6.749
5.020
4.840
4.312
16.115
17.563
7.357
7.390
6.207
4.113
4.398
19.567
19.596
19.240
8.967
4.612
9.318
9.584
9.095
7.509
4.711
4.716
4.175
4.175
0.822
3.344
5.039
5.044
4.759
8.421
8.421
8.239
8.510
5.786
6.353
7.135
7.161
5.997
3.845
2.010
2.715
2.715
5.872
5.877
8.218
8.222
5.726
4.364
0.881
0.958
1.327
1.327
2.577
3.175
4.721
4.790
8.106
8.278
6.676
5.288
5.288
2.181
2.248
2.650
6.975
7.022
5.430
1.372
1.677
2.255
2.281
1.476
0.923
0.632
0.568
0.691
0.691
1.140
1.140
0.379
0.265
0.282
0.289
1.067
3.345
3.390
1.978
1.696
4.017
15.353
15.353
0.312
0.722
0.736
0.454
0.454
0.122
0.126
0.110
0.022
0.219
0.223
0.187
0.380
0.381
0.281
0.232
0.359
0.370
0.319
0.322
0.365
0.374
0.620
0.623
0.787
0.795
0.633
0.654
0.169
0.130
0.370
0.375
0.223
0.044
0.066
0.068
0.073
0.075
0.061
0.061
0.140
0.184
0.185
0.444
0.671
0.693
0.339
0.125
0.125
0.013
0.143
0.324
0.349
0.354
0.202
0.038
0.168
0.179
0.147
0.729
0.730
0.008
0.005
0.051
0.081
0.089
0.258
0.269
0.182
0.189
0.418
0.419
0.172
0.155
0.098
0.117
0.308
0.897
0.897
0.146
2.663
6.871
6.887
0.163
0.240
0.344
0.347
0.089
0.275
0.488
0.490
1.052
1.458
1.490
0.708
2.167
2.209
1.143
0.802
0.813
0.368
0.385
0.513
0.540
0.289
0.037
1.173
1.215
0.922
0.444
0.186
3.234
3.255
0.988
1.469
1.470
0.201
1.674
5.014
5.141
1.905
0.235
0.536
1.607
1.611
0.680
0.729
0.744
0.862
4.658
4.690
1.483
1.491
1.275
1.285
1.048
1.534
1.541
3.429
3.458
1.447
1.477
0.598
1.650
1.673
1.831
1.831
0.348
0.352
6.081
7.619
7.625
3.147
3.164
3.571
3.842
3.852
0.464
0.678
0.714
4.638
4.713
4.179
2.576
0.396
0.930
0.930
0.399
0.207
0.167
0.459
2.575
2.578
1.091
1.122
0.594
1.650
1.745
1.797
1.662
2.842
3.031
2.484
1.033
1.034
0.717
0.547
0.703
5.390
5.395
4.245
2.347
2.347
0.354
0.412
0.412
1.491
1.491
1.083
1.083
2.979
4.758
4.762
4.737
5.553
6.097
5.296
3.628
3.628
4.689
5.612
5.846
5.848
3.858
4.660
4.671
2.131
2.162
4.221
4.236
3.579
10.732
10.825
8.363
10.189
5.860
5.255
23.063
23.109
30.169
33.159
3.977
3.977
8.343
10.448
7.438
4.733
4.820
6.491
6.496
15.589
68.051
73.797
34.716
21.197
21.227
18.429
22.540
28.362
52.127
54.079
15.843
3.301
6.259
7.951
22.576
23.292
8.283
13.643
14.844
4.153
4.159
7.691
7.703
4.431
4.431
4.419
4.419
4.745
6.378
6.383
4.828
4.828
4.047
4.048
3.062
4.014
6.238
6.254
6.120
6.219
5.865
8.874
14.663
28.846
28.918
9.944
10.531
10.554
4.353
14.492
16.266
14.732
3.081
4.140
4.155
5.412
5.663
11.479
11.483
2.350
2.350
6.151
11.727
17.782
17.783
2.753
2.329
2.648
3.620
5.734
5.806
4.468
5.958
6.180
6.363
9.743
10.103
4.363
4.376
4.920
4.927
3.383
3.446
5.136
5.139
4.781
4.759
3.284
2.367
2.025
4.889
7.756
7.835
0.962
1.627
1.634
1.572
1.417
1.064
1.901
1.902
0.144
0.063
0.069
0.267
0.278
0.199
0.719
0.922
1.798
1.798
0.794
1.176
1.195
1.030
0.220
0.875
11.047
11.047
0.071
0.250
1.282
1.282
0.855
0.855
0.115
0.286
0.523
0.561
0.561
0.062
0.027
0.041
1.317
1.349
0.935
0.750
0.654
0.494
0.199
0.201
0.213
1.412
2.029
2.050
0.180
0.088
0.560
0.589
0.570
1.476
1.490
0.217
0.118
0.499
4.171
4.171
0.048
0.072
0.083
0.094
0.099
1.029
27.905
29.984
16.893
0.180
6.884
7.255
4.050
0.059
0.130
0.130
0.055
0.057
0.079
0.147
0.151
0.149
0.156
0.121
0.863
0.889
0.307
0.557
0.575
0.184
0.187
0.106
0.019
1.394
1.405
0.128
0.041
0.107
0.107
0.252
0.898
0.928
0.573
0.471
0.489
0.549
0.557
0.438
0.388
0.572
0.575
0.091
0.117
0.176
0.276
0.283
0.186
1.164
1.169
0.331
0.339
2.816
2.854
0.694
0.535
0.727
0.741
0.383
0.174
0.174
0.012
0.181
0.182
0.083
1.198
1.229
0.970
0.961
0.870
0.885
1.475
1.484
1.766
5.477
5.599
3.948
0.156
0.430
0.976
1.010
0.236
0.812
6.072
6.159
3.321
0.676
0.538
0.923
0.948
0.970
1.052
1.070
0.520
0.525
1.161
2.144
2.202
1.097
1.650
11.193
11.199
4.958
1.704
0.772
0.790
1.159
30.584
31.347
9.823
0.264
0.107
0.117
2.391
2.526
2.527
0.799
1.812
1.826
0.459
1.687
1.692
0.767
0.176
0.140
0.339
0.434
0.640
1.487
2.434
2.478
0.931
0.690
1.532
3.087
3.087
1.064
1.078
0.861
0.864
0.866
0.868
1.064
1.353
1.355
1.242
2.469
13.320
13.322
0.326
0.791
0.791
0.558
0.696
7.293
7.293
2.136
5.155
5.155
0.647
1.252
9.045
9.058
5.671
9.799
10.202
4.312
1.333
20.896
21.671
1.919
2.019
15.891
15.930
5.735
6.003
3.209
3.255
3.194
2.649
11.017
13.327
11.324
11.423
3.416
2.956
2.956
3.301
6.088
10.402
10.487
15.907
15.914
4.906
4.906
7.101
13.734
13.857
13.089
8.314
8.360
10.053
12.721
12.743
6.453
15.471
15.479
11.586
11.888
11.081
13.835
13.835
13.822
24.509
26.396
21.803
20.728
22.800
17.413
17.422
23.814
23.914
22.632
23.879
15.043
15.259
8.517
12.104
12.328
4.804
5.124
5.590
12.442
21.680
22.147
7.424
17.671
17.677
6.620
8.297
8.696
10.207
10.817
11.211
21.383
21.520
36.289
36.329
7.379
19.097
21.178
12.750
9.135
9.135
4.778
11.490
13.246
15.082
12.060
4.271
6.626
40.275
40.514
53.010
118.804
123.623
44.068
1.762
4.807
4.807
1.003
0.953
1.065
1.065
0.137
0.106
0.274
0.274
0.031
2.628
2.889
1.750
2.939
3.170
3.176
3.082
2.042
2.092
2.098
6.657
23.158
23.239
2.684
4.111
4.292
5.299
5.337
1.720
0.370
0.177
1.203
1.969
2.391
2.414
1.841
0.396
0.283
0.321
0.321
0.140
0.547
5.046
5.061
1.131
0.185
0.788
0.796
0.355
0.818
0.830
0.143
0.305
0.305
1.939
1.940
0.397
0.397
0.052
0.068
0.326
0.550
1.111
1.183
1.178
1.152
0.631
0.012
0.001
0.322
1.290
5.194
5.213
0.729
0.287
0.046
0.046
0.052
0.081
0.083
0.103
0.105
0.025
0.086
0.088
0.127
0.137
0.080
0.240
0.240
0.021
0.025
0.147
1.099
1.133
0.494
0.494
0.180
0.051
0.022
0.724
0.724
0.044
0.025
0.003
0.262
0.338
0.344
0.109
0.111
0.025
0.001
0.017
0.029
0.249
0.279
0.279
0.011
0.011
0.018
0.023
0.023
2.256
2.297
1.047
1.047
0.125
0.056
0.066
0.061
0.045
0.163
0.163
0.071
0.072
0.045
0.087
0.098
0.110
0.071
0.178
0.183
0.094
0.087
2.977
2.989
0.337
0.054
0.114
0.116
0.846
1.247
1.189
0.535
0.535
0.250
0.112
0.115
0.080
0.066
0.066
0.056
0.107
0.209
0.210
0.556
0.560
0.474
0.474
0.356
2.322
2.325
1.852
0.831
0.379
0.395
0.802
0.802
0.072
0.193
0.195
0.154
0.303
0.320
0.280
0.397
0.408
0.325
0.168
0.084
0.394
0.637
0.639
0.004
0.081
0.173
0.847
1.227
4.306
4.401
6.658
6.691
0.983
0.350
0.307
0.618
0.646
0.851
1.151
1.151
0.591
0.383
2.183
7.083
7.838
5.469
0.520
0.562
3.465
3.467
1.859
0.387
0.169
0.597
0.780
0.800
0.805
1.282
2.794
3.763
3.783
2.366
2.501
4.125
7.097
8.016
8.028
5.725
2.597
2.193
3.332
3.797
5.467
9.367
9.510
9.179
4.651
4.140
4.688
6.002
6.015
1.433
2.568
3.777
5.672
5.672
4.238
7.231
8.244
9.555
9.583
3.826
6.137
6.137
9.028
9.101
4.602
4.619
1.587
4.031
4.058
0.181
0.720
2.597
2.600
2.572
2.576
8.747
12.436
12.506
4.650
4.654
4.567
3.606
5.461
5.555
3.662
7.268
9.262
22.621
26.655
21.023
7.964
25.948
27.751
18.785
3.898
4.075
12.244
48.117
48.191
7.857
3.540
3.857
3.891
7.000
18.645
60.901
61.431
6.326
1.030
1.681
3.943
4.680
14.558
14.581
6.556
6.556
9.578
10.684
11.409
18.639
18.996
11.092
9.337
5.768
6.286
6.384
4.690
4.690
4.209
5.903
5.903
4.974
4.222
4.121
7.692
7.736
7.818
8.103
27.449
27.455
12.792
6.649
13.854
13.898
4.690
5.334
8.994
9.304
11.035
11.478
12.122
12.445
7.995
3.116
9.569
9.588
6.940
3.936
7.459
9.496
9.496
4.116
3.051
2.980
5.929
6.166
6.176
4.084
4.087
3.943
2.656
2.836
2.836
5.066
5.069
3.551
3.551
3.410
4.324
4.324
4.148
11.353
11.373
3.936
2.907
2.088
0.440
3.483
3.508
5.665
5.682
4.272
4.297
3.456
3.471
1.334
1.802
2.224
2.307
1.820
1.598
0.460
3.345
3.350
30.140
88.392
94.673
10.535
0.286
0.043
0.028
0.013
0.038
0.136
0.156
0.204
0.204
0.058
0.043
0.061
0.061
0.285
0.289
0.664
0.674
0.413
0.321
0.102
0.159
0.159
0.148
0.121
0.153
0.262
0.265
0.552
0.558
0.626
0.626
0.004
0.003
0.044
0.266
0.638
0.653
0.077
0.077
0.012
0.024
0.089
0.298
0.300
0.308
0.309
0.163
0.226
0.243
0.207
0.105
0.106
0.101
0.312
0.347
0.276
0.245
0.046
0.010
0.174
0.174
0.123
0.124
0.143
0.149
0.674
0.702
0.487
0.233
0.303
0.303
0.184
0.051
0.051
0.131
0.158
0.168
0.057
0.272
0.283
0.243
0.148
0.927
0.975
1.004
0.546
0.320
0.200
0.009
1.480
1.544
0.797
0.805
0.469
0.482
0.475
0.348
1.011
1.047
0.576
0.588
0.510
8.761
9.572
4.141
0.642
0.685
0.752
0.655
0.651
0.678
0.401
0.847
1.047
0.817
0.206
0.221
0.359
0.754
0.763
0.526
0.538
0.391
0.297
0.304
0.271
0.702
0.732
0.554
0.568
0.233
0.685
1.855
1.877
0.484
0.941
0.949
0.701
0.718
0.749
1.240
1.982
2.011
7.065
7.105
1.033
1.010
0.918
1.133
1.156
0.642
0.307
0.240
11.214
11.219
0.229
0.352
1.236
1.237
0.173
0.135
0.048
0.332
0.337
0.405
0.407
0.158
0.147
0.068
0.034
2.003
2.003
1.311
1.311
0.227
0.905
4.688
4.724
1.522
1.082
0.342
1.013
1.027
1.207
4.412
7.630
7.639
3.012
3.952
4.975
5.097
3.855
1.277
2.491
2.491
0.283
1.744
1.786
1.797
1.458
2.882
2.890
1.919
1.919
1.789
3.501
3.504
4.988
5.027
5.732
38.596
41.455
11.597
11.144
11.156
2.785
4.707
26.447
27.282
27.290
3.383
4.053
4.065
3.643
3.677
1.037
2.300
5.579
12.185
13.954
14.012
5.919
10.992
12.306
11.343
6.167
6.173
5.429
4.467
5.216
13.608
13.637
9.758
31.897
38.104
38.116
9.510
9.608
7.775
7.839
7.637
7.660
6.876
5.887
5.917
12.100
12.138
9.399
29.936
31.722
15.852
7.862
7.630
10.867
10.872
9.073
10.365
9.511
7.063
9.652
9.738
7.621
8.587
8.682
6.801
3.577
5.406
5.414
4.835
4.852
4.654
3.791
4.654
21.387
23.121
21.264
19.202
12.012
2.519
7.512
9.787
10.022
11.835
13.276
11.055
6.525
4.567
3.974
3.888
3.933
4.699
4.699
5.664
5.886
9.148
9.302
2.768
2.777
2.528
2.864
4.023
7.023
7.757
7.974
40.647
41.253
15.564
6.221
2.573
5.446
7.932
23.840
25.739
11.942
12.666
13.010
2.367
1.180
5.952
6.333
6.396
6.371
6.645
6.652
5.759
18.225
18.594
8.988
1.549
1.618
0.662
0.762
0.874
0.893
0.806
0.806
0.488
0.632
1.728
1.792
1.792
0.798
0.390
2.503
2.519
1.911
2.467
1.031
0.509
0.509
0.213
0.325
0.325
0.328
0.330
0.880
3.522
3.666
3.317
1.659
1.684
1.038
0.800
0.804
0.475
0.151
0.296
0.861
0.861
0.013
0.279
0.805
0.840
0.841
0.766
0.766
0.551
1.129
1.927
1.937
0.854
0.356
0.361
1.386
2.220
2.294
1.008
0.517
0.428
0.978
1.024
0.647
0.361
0.310
0.601
0.613
0.263
0.200
0.031
0.039
0.290
0.301
0.088
0.254
0.254
0.443
0.477
0.456
0.032
0.053
0.055
0.005
0.002
0.002
0.008
0.034
0.037
0.004
0.001
0.010
0.702
0.714
0.305
0.277
0.279
0.169
16.744
17.247
3.026
0.342
0.594
0.594
0.110
0.207
0.614
0.626
0.131
0.063
0.261
0.352
0.358
0.085
0.170
0.170
0.154
0.155
0.249
0.801
0.939
0.993
0.796
0.048
0.048
0.008
0.004
0.014
0.014
0.073
0.282
0.343
0.347
0.435
0.448
0.418
0.079
0.097
0.099
0.198
0.485
0.498
0.120
0.049
2.758
3.138
1.382
2.407
2.410
6.802
7.200
3.490
1.654
1.906
6.997
7.163
0.829
0.336
0.503
0.516
0.153
0.126
2.468
2.471
1.175
1.190
0.816
0.465
0.167
0.243
0.877
2.010
2.093
2.112
1.271
1.286
0.421
1.135
1.177
3.134
3.159
1.038
4.840
4.847
0.441
1.105
1.539
1.541
0.775
0.888
0.900
0.634
0.255
0.255
0.386
0.386
0.920
1.875
1.876
1.094
0.591
7.581
7.870
4.581
2.066
2.345
4.929
4.930
1.895
1.895
4.561
4.561
1.704
13.619
13.621
5.959
2.361
2.572
1.450
1.249
1.874
3.930
6.265
6.279
1.691
1.711
5.235
8.318
8.330
7.847
1.002
1.982
1.982
9.769
9.908
5.059
2.189
1.673
5.477
5.497
2.924
2.699
7.410
8.650
6.587
5.537
5.542
7.082
7.121
6.790
5.945
6.652
9.037
9.517
7.748
6.669
6.703
3.994
5.018
5.085
5.085
5.768
5.772
4.335
5.957
5.966
10.533
11.426
11.902
12.399
8.304
10.107
10.107
2.014
5.367
5.367
4.891
4.837
4.841
8.641
8.640
4.780
5.043
5.043
4.364
3.496
6.068
6.068
4.408
6.857
6.910
4.263
3.128
13.013
13.350
9.052
8.329
5.061
9.530
17.031
17.662
3.580
3.146
21.250
24.356
22.398
25.662
16.978
17.232
14.814
10.980
11.043
8.215
8.300
3.597
3.897
5.986
5.992
3.628
3.640
2.834
4.141
5.595
5.863
4.220
6.486
6.493
34.863
39.951
31.492
6.694
7.342
19.557
21.005
19.294
3.225
5.161
5.295
13.633
16.100
13.455
3.921
3.923
3.898
3.186
6.678
29.913
30.251
4.874
4.989
4.478
9.656
10.685
10.812
7.930
5.073
2.845
1.252
2.535
2.541
1.370
1.549
2.355
2.804
2.808
1.850
1.642
1.016
1.689
1.695
1.249
5.813
5.848
5.262
6.133
6.139
36.045
36.524
5.341
7.294
17.066
17.089
3.132
1.002
0.410
0.239
0.245
0.171
0.188
0.188
0.336
1.071
1.071
0.945
0.524
1.498
1.509
1.213
3.155
3.155
0.905
0.125
0.626
0.638
1.062
1.249
1.280
0.857
0.244
0.188
0.203
0.102
0.093
0.093
0.070
0.003
0.018
0.081
0.270
0.272
0.270
0.787
0.788
0.323
0.324
0.341
0.349
0.155
0.063
0.234
0.247
0.128
0.048
0.281
0.282
0.070
0.119
0.165
1.096
1.140
1.160
0.890
0.224
0.212
0.095
0.047
0.106
0.587
0.592
0.120
0.050
0.147
0.151
0.067
0.081
0.081
0.007
0.035
0.099
0.211
0.216
0.154
0.129
0.138
0.056
0.063
0.063
0.009
0.028
0.096
0.431
0.909
0.912
0.572
0.302
0.103
0.100
0.151
3.834
9.002
9.038
2.826
2.840
9.180
9.182
0.296
0.441
0.499
0.507
0.415
2.105
11.580
11.589
0.183
0.073
0.073
0.042
0.156
0.163
0.233
0.410
1.183
5.534
5.541
0.216
4.402
4.605
4.162
0.047
0.305
0.305
0.195
0.653
0.683
1.411
1.525
0.903
0.174
0.174
2.652
2.684
0.731
1.100
1.108
2.914
2.995
1.285
1.170
1.509
1.575
0.693
0.549
0.494
0.206
0.322
0.322
0.445
1.613
1.613
0.391
0.395
0.361
0.258
1.093
1.845
4.526
5.798
5.800
0.578
0.579
0.431
0.973
1.166
1.185
2.890
5.763
5.796
2.568
0.084
0.201
0.307
0.907
2.789
2.789
2.436
2.558
2.558
0.425
0.612
0.914
2.472
5.601
5.602
0.276
0.631
2.616
2.625
1.356
5.952
6.754
6.780
1.750
7.658
7.771
0.850
2.202
6.503
6.505
1.737
1.745
2.077
2.079
1.909
5.394
5.612
2.506
0.879
3.736
3.736
4.863
5.491
23.225
23.326
16.417
5.158
2.734
1.326
5.078
5.093
5.470
5.483
4.976
4.062
4.062
3.767
4.075
4.078
3.031
4.324
9.280
9.280
4.458
3.959
5.046
5.046
7.452
7.582
7.535
4.746
7.412
9.421
9.457
4.866
10.494
11.137
6.123
9.468
9.540
6.607
4.060
2.937
6.087
6.090
5.003
17.855
53.708
56.221
7.211
8.724
18.014
18.120
7.665
9.349
9.356
9.106
9.099
4.467
4.467
11.514
13.080
6.389
2.605
5.816
15.771
23.811
38.529
41.200
38.529
33.377
4.441
25.574
27.193
27.699
20.672
10.027
10.145
6.676
8.225
8.737
5.595
3.205
4.286
4.286
3.176
7.004
23.581
25.941
9.727
9.746
7.057
4.118
4.118
3.007
5.102
19.053
26.149
27.109
15.529
3.886
3.780
2.206
3.886
3.886
3.900
3.900
2.674
1.385
4.361
4.367
6.829
7.411
7.427
4.470
1.298
2.031
2.362
2.362
2.716
4.338
4.345
3.162
1.935
1.957
3.082
4.856
4.856
1.941
4.927
5.219
5.261
22.351
36.520
37.009
10.747
1.793
1.176
0.787
0.419
0.551
0.889
1.187
1.189
3.707
3.712
3.936
3.976
3.013
1.192
1.199
0.686
0.066
0.068
0.093
6.800
6.925
0.936
0.208
1.123
1.153
0.786
0.786
0.658
0.294
0.581
0.622
0.925
0.962
0.538
0.539
0.178
0.180
0.053
0.116
0.145
0.146
0.070
0.071
0.024
0.069
0.548
3.358
3.376
0.386
0.406
0.300
0.338
1.565
1.618
0.455
0.226
0.021
0.210
1.008
1.033
0.459
0.080
0.065
0.465
0.481
0.481
0.090
0.130
0.140
0.138
0.094
0.116
0.475
0.478
0.108
0.158
0.159
0.006
0.009
0.047
0.303
0.679
1.554
1.600
0.843
0.399
0.197
0.678
0.681
0.573
0.550
0.555
0.392
0.158
21.776
23.052
1.397
0.006
0.040
0.040
0.007
0.121
0.124
0.148
0.155
0.260
0.277
0.290
0.155
0.027
0.014
0.001
0.001
0.002
0.030
0.039
0.455
0.467
0.454
0.116
0.116
0.020
2.016
10.187
10.199
7.833
10.819
10.825
0.429
0.557
0.574
0.191
1.233
1.276
0.643
0.689
0.913
2.054
2.198
2.832
2.832
0.634
0.191
1.119
28.342
28.581
0.788
0.177
0.405
2.125
2.781
2.791
1.320
0.335
0.504
0.943
0.975
0.764
0.781
0.654
1.302
1.328
0.415
2.073
2.118
1.505
1.509
0.709
1.066
1.213
1.216
0.439
0.934
0.940
0.508
0.579
0.579
3.117
3.127
2.418
2.420
0.558
1.829
2.233
2.249
1.962
1.985
0.864
0.763
1.089
1.090
0.349
0.349
0.457
0.722
1.111
1.111
0.254
2.224
2.283
4.133
4.134
0.525
1.744
1.752
0.811
0.812
0.311
0.362
0.847
0.849
1.610
7.265
7.269
3.084
3.419
3.422
1.658
3.413
3.440
0.336
0.122
0.120
1.784
3.088
6.394
6.408
2.022
2.649
3.529
5.185
5.300
4.273
6.614
6.616
5.262
5.264
5.866
8.560
8.754
2.686
2.840
2.848
1.988
2.183
2.212
4.346
4.351
4.917
6.585
6.600
6.267
9.501
9.501
5.044
24.339
25.820
27.402
24.051
25.087
7.591
7.702
7.495
3.977
6.838
6.848
6.039
16.066
31.232
32.005
7.879
13.271
38.161
38.646
15.742
11.487
15.239
15.515
18.306
19.947
20.577
7.817
20.667
40.357
40.745
23.831
14.484
10.849
10.967
29.972
30.616
5.560
5.788
10.621
26.011
26.614
13.252
13.778
7.768
8.675
8.675
6.141
6.183
6.169
11.562
13.792
13.854
10.891
15.438
15.495
4.375
2.231
1.864
2.049
7.936
7.950
9.590
9.652
3.694
3.332
6.897
10.419
11.839
7.283
67.880
68.657
6.044
4.199
4.699
4.738
6.820
6.863
5.176
4.957
5.009
3.031
9.461
15.461
15.724
6.094
9.441
9.475
8.459
5.241
3.365
2.376
4.790
7.314
7.318
6.185
6.738
6.769
5.075
4.817
3.521
3.388
3.631
3.646
2.998
3.149
8.531
9.528
9.528
1.603
1.516
2.831
3.604
3.619
2.885
1.743
1.748
0.312
0.448
0.457
0.299
6.407
51.613
51.776
0.808
0.698
0.492
0.343
0.821
0.848
0.378
0.558
1.252
1.256
0.773
0.154
1.616
12.261
34.952
35.848
15.388
0.861
0.114
1.221
1.234
0.376
0.155
0.143
0.219
0.410
0.670
0.929
0.955
0.303
0.387
0.681
0.684
0.136
0.039
0.043
0.634
0.880
0.915
0.813
0.146
0.146
0.096
0.097
0.069
0.205
0.696
0.701
0.630
0.268
0.131
0.073
0.100
0.280
0.316
0.312
0.227
0.227
0.218
0.230
0.217
0.162
0.009
0.002
0.004
0.054
2.312
2.323
0.083
0.159
0.162
0.077
0.085
0.152
0.180
0.180
0.088
13.369
14.866
11.718
0.029
0.080
0.152
0.166
0.221
0.224
0.267
0.342
0.342
0.100
0.100
0.002
0.136
0.235
0.978
0.994
0.082
0.088
0.089
1.807
1.824
0.104
0.216
0.258
8.134
8.343
6.685
0.430
0.446
0.214
0.214
0.492
0.665
0.688
0.391
0.397
0.551
0.858
0.878
0.492
0.035
0.035
0.180
0.259
0.259
0.423
0.423
0.450
0.458
0.338
3.547
3.661
1.668
0.345
1.063
1.091
0.254
0.193
0.526
0.535
0.254
0.387
0.398
0.436
0.444
0.289
0.567
1.387
1.586
1.590
0.151
5.166
5.166
1.018
1.035
0.585
0.731
0.742
0.462
0.419
1.749
8.321
8.353
1.456
1.490
1.295
0.364
0.103
0.390
0.390
0.111
0.358
3.738
3.743
6.803
7.160
0.977
0.837
3.033
4.133
4.133
4.956
4.957
3.411
1.371
2.092
6.349
6.358
5.837
4.540
4.555
3.461
0.469
5.471
6.485
6.436
4.211
3.343
2.106
2.750
3.919
3.936
1.903
1.340
1.360
0.239
1.043
1.854
1.854
0.803
0.815
0.980
8.928
9.633
5.616
2.630
2.975
3.022
2.904
6.271
8.834
9.837
9.845
24.648
24.656
11.005
11.695
8.889
3.241
3.559
3.566
3.061
3.320
4.103
4.750
4.932
4.938
7.409
7.438
4.138
6.925
6.956
5.343
6.673
7.097
7.897
10.620
11.448
8.471
4.642
8.793
13.326
14.786
14.541
14.557
15.281
15.376
8.260
8.289
3.567
1.234
3.147
4.027
5.777
6.422
13.905
14.874
8.373
21.505
27.884
61.743
65.853
29.957
53.566
54.677
26.884
6.477
12.384
12.838
5.330
26.780
26.780
10.728
10.753
7.324
7.446
3.631
13.819
14.868
9.403
10.366
12.580
12.856
7.072
7.085
6.098
6.107
9.768
10.051
6.570
6.573
7.775
8.427
8.647
8.669
2.962
4.240
4.240
3.755
4.350
6.173
6.173
6.305
9.340
9.346
7.873
0.970
3.478
3.500
3.094
3.343
6.312
6.315
2.433
4.432
6.164
6.183
3.547
4.561
4.599
2.624
2.258
2.601
2.616
6.043
6.051
6.944
6.948
1.406
2.450
3.438
3.604
4.294
4.339
4.347
4.060
4.060
1.964
2.134
3.129
5.617
5.945
2.477
6.224
16.904
16.957
1.424
4.050
4.050
3.340
3.343
3.287
25.638
25.678
4.347
0.562
1.375
1.381
0.466
7.349
7.442
0.176
0.105
0.142
0.210
0.219
0.219
0.466
0.658
0.868
0.868
1.662
1.665
0.124
0.093
0.161
0.164
0.289
0.639
0.656
0.391
0.176
0.314
0.414
0.427
0.468
0.798
0.825
0.919
1.586
1.617
0.416
0.390
0.191
4.465
4.563
0.773
0.680
0.680
2.823
2.823
0.310
0.791
0.791
0.786
0.527
0.255
0.388
0.391
0.090
0.091
0.087
0.093
0.047
0.041
0.047
0.048
0.018
0.225
0.227
0.650
0.651
0.324
0.131
0.007
0.109
2.044
2.083
0.614
0.619
0.326
0.507
0.531
0.281
0.003
0.002
0.003
0.191
0.232
0.444
0.448
0.192
0.074
0.232
0.266
0.857
0.945
1.629
1.650
0.222
0.021
0.018
0.075
0.429
4.142
4.201
1.251
0.385
2.847
4.222
18.486
18.487
0.112
0.545
0.555
3.434
3.447
1.702
20.645
21.332
2.835
0.353
0.691
2.006
2.028
0.703
0.542
0.309
0.266
0.068
1.070
1.094
0.966
4.167
4.245
4.660
4.661
0.238
0.216
4.164
5.221
5.262
0.165
0.437
0.476
0.582
0.587
0.716
0.733
0.203
0.733
0.735
0.214
0.128
0.214
0.215
1.025
3.872
3.872
0.732
0.408
0.240
0.423
0.474
1.589
7.803
7.803
1.146
1.189
0.769
5.100
5.107
1.000
1.094
1.105
0.982
0.549
0.557
0.254
0.248
0.272
0.283
0.327
1.158
1.922
1.928
0.458
0.475
0.173
0.077
0.031
0.098
0.271
0.271
0.252
0.150
0.073
0.800
0.800
0.712
0.724
0.664
1.974
3.513
4.068
4.072
3.216
3.792
4.471
4.472
3.267
3.519
4.901
4.969
3.395
0.768
5.130
6.679
3.366
1.284
1.572
1.967
1.970
2.534
5.339
5.979
1.609
2.328
2.329
2.773
5.562
5.909
1.677
1.429
2.129
2.130
1.156
1.324
2.518
2.521
0.799
2.187
5.030
5.036
4.336
5.441
5.785
2.004
2.010
1.571
2.648
2.654
1.682
1.344
6.651
14.413
15.568
3.809
7.739
7.851
10.216
35.205
35.794
5.591
1.283
1.122
4.630
4.825
5.558
6.749
6.759
4.082
5.651
5.651
4.851
3.154
4.056
8.763
29.980
30.711
17.002
17.182
10.910
19.138
21.063
13.418
4.989
3.017
42.115
44.967
8.657
3.123
3.154
4.273
4.294
4.072
4.109
4.109
2.417
2.417
2.908
5.759
10.016
10.021
10.164
14.144
27.800
27.819
8.844
8.844
6.519
6.137
4.243
6.041
8.112
8.772
8.246
9.021
14.392
14.971
6.811
8.547
14.172
22.098
22.112
6.476
4.577
2.157
0.268
0.861
3.219
4.537
4.875
4.875
4.264
6.970
7.370
1.941
1.800
4.452
4.452
1.258
1.901
1.901
3.377
3.387
3.674
5.314
5.388
4.327
3.739
11.286
11.430
3.510
1.984
1.678
1.498
3.340
3.342
0.738
0.671
0.677
3.219
14.239
14.326
8.121
2.922
3.498
3.503
0.640
0.503
0.192
0.160
0.050
0.069
0.229
0.229
0.032
0.325
1.088
25.118
25.388
11.953
0.613
0.508
0.508
1.802
1.820
0.284
1.372
1.459
0.649
0.378
0.204
0.030
0.025
0.020
0.021
0.053
0.053
0.011
0.011
0.008
0.056
0.124
0.127
0.113
0.369
0.897
0.917
0.435
0.243
0.141
0.666
0.668
0.549
0.327
0.267
0.103
0.147
0.178
0.303
0.316
0.155
0.234
0.304
0.307
0.089
0.369
0.382
0.093
0.146
0.158
0.156
0.165
0.080
0.083
0.052
0.084
0.088
0.033
0.029
0.029
0.509
0.511
0.212
0.278
0.279
0.030
0.281
0.281
0.021
0.021
0.018
0.018
0.007
0.010
0.049
0.059
0.062
0.082
0.088
0.066
0.053
0.756
1.079
1.126
0.230
0.028
0.234
0.235
0.028
0.030
0.176
0.177
0.092
0.071
0.034
0.034
0.010
0.006
0.006
0.001
0.005
0.048
0.048
0.915
1.790
1.817
0.006
0.256
0.430
0.713
1.547
1.547
0.016
0.179
4.815
5.054
4.915
1.379
1.385
0.278
0.700
0.727
0.492
0.516
0.931
1.325
2.298
2.320
0.502
0.297
0.305
0.236
0.481
2.232
2.255
0.650
0.152
0.057
32.555
34.968
16.289
0.423
1.086
15.080
15.131
2.601
2.607
0.239
0.357
1.640
2.257
2.288
0.534
1.152
1.687
1.687
0.304
0.405
0.407
0.206
3.101
5.725
5.726
0.638
1.798
2.433
2.436
0.739
1.235
1.414
1.424
0.297
0.095
0.058
0.020
0.028
0.536
21.242
23.126
9.678
0.571
0.884
0.886
0.996
1.004
1.698
1.704
0.571
0.279
0.103
0.307
3.188
5.451
5.452
0.478
0.527
1.096
1.107
1.309
6.981
7.064
6.058
4.364
4.364
0.489
0.669
0.669
1.239
3.687
3.840
5.358
5.369
2.400
2.981
4.732
4.732
6.640
8.357
8.693
7.699
7.766
5.643
8.565
8.582
8.412
8.416
6.084
5.677
6.549
6.579
36.071
36.096
10.449
4.759
1.664
1.677
2.083
2.096
1.414
1.435
6.482
6.486
3.916
4.708
10.783
18.548
19.208
34.373
34.453
13.857
7.798
7.808
4.771
2.059
3.020
13.798
13.969
9.499
9.629
6.550
5.727
5.673
5.694
14.638
14.892
9.174
9.458
6.337
5.827
12.708
14.508
9.320
3.534
4.541
9.462
13.255
14.633
11.931
5.598
3.225
2.807
3.810
3.810
5.428
5.433
5.682
5.689
4.391
2.844
5.105
6.484
6.484
1.376
1.039
2.906
4.000
4.220
4.223
1.336
1.585
3.509
3.509
2.417
1.945
3.369
9.895
11.150
42.589
43.521
8.185
8.185
4.197
4.201
3.958
3.154
3.154
2.188
1.489
1.233
3.676
10.501
36.955
37.027
22.259
22.958
6.437
1.350
2.494
3.949
3.949
4.616
19.071
19.071
7.983
14.852
20.494
21.589
18.501
16.383
1.561
0.381
0.741
1.131
1.131
0.798
2.207
2.219
1.773
0.266
1.218
2.712
2.712
1.140
1.269
2.970
2.981
1.052
0.742
1.221
1.221
0.675
0.675
2.264
5.316
5.342
1.168
0.464
0.471
0.365
0.365
0.020
0.017
0.047
0.269
0.747
0.747
0.622
0.934
0.935
1.419
1.422
0.251
0.121
2.394
2.634
2.634
0.352
0.343
0.290
0.316
0.717
1.017
1.687
1.721
0.771
1.288
1.582
1.593
1.131
0.754
0.242
0.257
0.126
0.103
0.137
0.137
0.005
0.004
0.105
0.109
0.420
1.424
1.453
0.302
9.862
9.906
0.327
0.023
0.013
0.048
0.048
0.039
0.040
0.029
0.078
0.180
0.185
0.094
0.083
0.337
0.937
0.943
0.169
0.030
0.048
0.094
0.098
0.048
0.002
0.019
0.102
0.119
0.126
0.061
0.138
0.175
0.307
0.438
0.824
0.851
0.475
0.430
0.128
0.141
0.144
0.389
0.393
0.076
0.004
0.004
0.004
0.004
0.008
0.009
1.674
1.838
1.839
0.331
0.444
4.105
4.179
8.335
8.398
1.154
0.661
0.658
11.887
11.935
3.363
16.651
16.665
1.278
1.292
0.606
0.313
0.314
0.082
0.108
0.426
2.344
14.274
14.298
0.932
0.629
8.515
8.564
0.584
0.499
1.147
1.468
1.489
0.696
0.702
0.638
0.643
0.467
1.927
4.225
4.265
1.172
1.187
0.199
0.009
0.548
4.087
4.102
0.424
0.496
0.598
1.274
1.290
0.310
0.176
0.163
0.164
0.187
0.722
0.722
0.619
1.699
1.705
1.486
1.489
3.848
3.940
2.026
2.028
2.114
2.114
0.336
0.281
2.098
2.385
2.386
2.454
2.455
1.764
3.725
18.450
18.802
8.944
3.546
0.573
0.101
0.034
0.033
0.436
1.687
2.416
9.999
9.999
1.371
3.219
5.291
5.311
4.793
5.609
5.622
2.505
15.792
15.828
2.790
5.884
7.557
7.557
5.504
10.171
10.597
1.599
1.740
3.127
3.127
1.340
0.436
0.436
0.824
1.145
2.305
4.288
4.312
5.304
5.357
4.101
6.103
14.501
14.631
5.838
5.578
7.499
8.490
9.842
20.946
21.124
7.710
6.324
7.768
7.768
3.350
6.685
6.700
5.520
5.540
5.525
6.839
6.844
6.209
9.390
10.592
6.709
3.362
6.463
6.463
4.280
4.307
4.202
8.970
14.602
15.104
15.209
13.784
9.304
9.354
12.816
12.820
19.781
36.748
38.384
25.655
27.372
24.179
27.902
28.637
19.603
19.932
29.071
30.204
9.413
15.109
17.015
9.836
2.899
2.904
2.478
2.478
1.277
4.620
4.620
7.230
15.497
15.620
15.142
24.155
24.382
21.729
9.245
9.680
8.143
2.000
2.601
5.036
5.538
4.771
3.693
5.315
5.344
5.443
6.020
6.029
4.783
6.652
8.812
11.813
30.973
38.667
40.823
10.762
17.220
19.888
13.385
1.433
2.834
3.364
4.941
4.959
2.919
5.502
5.502
6.728
6.733
2.183
0.988
8.673
19.381
20.135
5.174
4.029
4.051
3.427
1.818
1.818
0.428
1.827
1.830
1.542
1.119
5.783
10.701
18.002
19.337
2.648
2.789
0.755
0.442
1.480
1.481
0.139
0.056
0.621
1.306
1.311
1.230
1.218
0.327
0.332
0.223
0.276
0.401
0.473
0.814
1.865
2.014
1.193
0.230
1.221
1.292
1.102
1.281
1.303
0.241
0.187
0.300
0.301
0.123
0.123
0.046
0.047
0.021
0.022
0.172
0.175
0.157
0.374
0.374
0.166
0.013
0.001
0.001
0.049
0.257
0.263
0.171
1.345
1.345
0.020
0.020
0.186
0.405
0.407
1.147
1.158
0.507
0.350
0.324
0.342
0.102
0.052
0.026
0.158
0.162
0.081
0.012
0.022
0.025
0.023
0.023
0.016
0.029
0.037
0.053
0.060
0.084
0.085
0.281
0.286
0.106
0.227
0.279
0.279
0.060
0.142
0.402
0.403
0.141
0.141
0.008
0.008
0.231
1.927
1.996
0.798
0.303
1.835
5.134
5.150
2.651
2.663
0.326
0.998
1.073
1.375
1.400
0.418
0.177
0.468
0.483
0.271
0.253
0.484
1.544
1.551
0.300
0.488
0.702
0.720
0.259
0.265
0.269
0.419
4.739
4.764
1.418
0.285
0.037
0.570
1.208
1.492
1.508
0.403
0.128
0.074
0.210
0.699
6.276
6.444
2.669
0.298
0.806
0.863
0.461
0.613
1.300
1.300
0.693
0.918
0.918
0.621
1.158
2.858
2.860
0.286
0.545
0.545
1.160
1.172
0.871
0.750
0.763
2.494
2.503
0.581
0.830
2.302
2.385
2.105
3.781
3.788
9.101
9.107
0.072
0.117
0.162
2.404
8.091
8.104
7.244
1.219
1.223
0.675
0.453
0.049
0.447
0.447
0.437
0.589
0.830
0.831
2.218
2.227
1.625
0.749
4.036
4.064
3.053
5.817
8.055
8.135
5.328
5.625
5.629
1.724
4.091
4.763
4.814
5.907
5.907
3.733
3.739
2.728
4.626
5.641
6.257
5.744
5.641
5.645
5.097
3.586
5.229
5.229
3.943
5.032
7.605
7.682
5.644
5.879
5.920
8.406
9.405
9.137
5.361
5.361
5.159
5.592
8.485
9.070
13.420
14.401
8.954
8.969
11.568
11.698
10.841
10.893
9.204
6.729
6.788
5.472
6.870
6.971
4.865
4.365
14.270
14.442
21.895
24.129
6.914
11.478
20.544
20.557
9.627
8.989
8.993
5.202
7.035
8.821
12.953
18.336
18.647
22.843
23.581
20.031
12.384
18.763
18.789
36.418
37.906
21.925
6.932
18.573
18.741
4.197
6.086
7.522
7.535
9.622
9.950
6.451
7.320
7.334
6.668
17.219
17.222
5.056
7.120
7.838
14.451
15.148
14.168
50.356
53.127
21.254
4.076
30.341
30.990
2.627
3.206
3.227
1.960
8.794
9.308
15.086
25.206
25.571
9.567
3.248
2.208
1.789
5.030
5.056
4.565
2.557
1.433
1.440
1.885
2.576
3.409
3.965
8.033
8.220
5.288
4.869
4.462
4.139
4.145
2.815
1.266
4.358
4.791
4.823
4.371
3.306
1.311
15.310
17.466
17.473
0.156
0.883
0.980
1.602
3.588
3.845
3.851
2.327
1.044
1.070
1.071
1.018
2.878
2.879
0.934
0.109
0.080
0.647
0.649
0.507
0.510
0.164
0.164
0.060
0.073
0.516
2.022
2.055
0.734
0.735
0.341
0.329
0.147
0.386
2.127
2.128
0.264
0.200
0.010
0.162
0.162
0.211
0.624
0.625
0.225
0.161
0.161
0.064
0.121
0.622
0.893
0.918
0.682
0.330
0.438
0.439
0.094
0.016
0.006
0.001
0.003
0.020
0.056
0.059
0.055
0.064
0.126
0.133
0.365
0.365
0.122
0.429
0.435
0.215
0.164
0.169
0.019
0.005
0.003
0.009
0.067
0.067
0.177
0.716
0.718
0.983
2.853
2.854
0.384
0.393
0.688
1.041
1.079
0.881
0.065
0.526
0.837
0.855
0.334
0.371
0.399
0.408
0.418
0.172
0.142
0.068
0.017
0.014
0.017
0.023
0.014
0.025
0.025
0.001
0.001
0.006
0.037
0.037
0.399
0.401
0.055
0.110
0.688
0.688
0.578
0.575
0.458
0.124
0.138
0.140
0.353
0.355
0.075
2.458
2.462
0.035
0.055
0.108
0.171
0.186
0.227
0.230
0.403
1.659
1.659
2.400
6.357
6.546
2.167
2.203
1.350
1.351
0.070
0.070
0.157
0.798
0.807
0.493
0.513
0.209
0.165
0.493
0.497
0.212
0.212
0.194
0.695
1.434
3.028
3.034
3.346
3.351
3.170
3.170
1.756
5.002
6.966
6.990
1.882
2.415
2.417
1.548
1.548
0.882
0.932
0.831
0.841
1.580
1.588
1.319
2.609
2.634
0.822
0.426
1.916
1.936
1.779
2.035
5.105
5.106
2.027
1.916
4.420
4.479
0.482
0.445
0.064
0.069
1.005
2.377
2.377
1.988
2.921
6.411
6.433
3.475
2.331
1.114
1.114
1.032
2.227
2.316
8.642
22.124
22.143
3.404
1.281
1.281
0.416
0.427
1.370
1.396
3.204
11.125
11.151
8.545
36.201
60.964
60.968
1.429
4.848
4.855
5.854
5.858
5.289
5.305
2.123
4.428
6.574
6.586
2.691
1.496
3.490
6.917
7.018
5.145
4.257
4.806
4.857
1.468
1.667
1.893
1.897
2.263
2.263
4.156
4.300
4.323
4.171
12.681
12.712
10.430
13.814
14.090
22.605
22.659
10.138
10.207
3.424
3.305
2.309
3.226
3.873
4.775
7.686
7.686
4.193
11.016
11.031
2.457
5.007
6.621
6.621
1.983
14.055
14.060
1.367
3.720
50.059
54.740
50.078
15.111
15.954
16.606
4.382
17.288
27.165
27.190
43.478
46.927
19.035
13.973
7.681
6.308
5.055
6.304
6.324
14.271
14.280
12.914
13.554
11.499
19.878
42.225
42.507
3.839
13.126
14.832
5.636
3.573
5.586
5.648
8.744
8.806
4.598
3.989
5.040
5.040
2.993
8.602
10.180
10.726
3.237
7.387
7.394
3.477
3.477
0.707
1.822
1.833
0.901
1.587
3.090
3.177
1.686
3.987
3.993
1.534
2.579
4.273
4.290
1.240
4.337
4.337
3.706
3.705
0.914
3.979
6.838
6.846
12.730
59.034
61.998
5.932
0.934
0.753
0.584
0.342
0.306
0.258
0.226
0.044
0.145
0.149
0.379
0.809
0.830
0.266
0.423
0.592
0.620
0.270
0.576
0.584
0.133
0.097
0.013
0.228
0.228
0.062
0.210
0.210
0.110
0.342
0.360
0.217
0.211
0.686
0.687
0.491
0.598
7.547
8.479
6.060
0.932
0.870
0.192
0.192
0.026
0.025
0.184
0.296
0.296
0.031
0.080
0.126
0.173
0.226
0.231
0.096
0.245
0.432
0.450
0.450
0.450
0.042
0.099
0.100
0.373
0.405
0.836
0.858
0.744
0.747
0.398
0.159
0.198
0.380
0.528
0.598
0.599
0.151
0.151
0.136
0.138
3.617
3.914
0.279
0.001
0.009
0.177
0.180
0.058
0.003
0.061
0.066
0.102
0.104
0.069
0.243
0.262
0.229
0.061
0.024
0.038
0.408
0.408
0.135
0.143
0.721
0.721
0.186
0.188
0.045
0.181
0.577
0.598
0.733
0.756
0.557
0.571
0.564
0.572
0.067
0.067
0.218
15.081
15.094
0.244
5.771
5.772
0.357
0.364
0.532
0.705
0.710
0.262
0.451
0.451
0.286
1.888
1.888
0.370
0.403
0.526
1.564
7.251
7.271
1.778
1.799
0.844
0.595
0.607
0.434
0.453
0.332
0.418
0.514
5.060
5.060
1.427
0.727
1.168
1.169
0.511
0.028
0.192
1.377
1.399
0.588
1.303
2.336
2.452
2.457
1.029
13.237
13.240
1.465
1.042
0.252
0.232
0.108
0.108
0.061
0.063
0.159
3.166
3.166
1.695
1.315
1.012
3.124
3.125
1.166
5.467
5.481
2.031
1.437
1.265
1.393
1.584
1.585
2.429
2.437
1.216
3.568
3.600
2.811
3.643
3.656
2.676
7.409
7.428
5.584
4.922
4.975
2.539
2.636
2.674
0.854
1.531
1.557
1.293
3.661
3.669
16.187
17.038
3.182
2.764
9.075
13.871
13.871
5.548
5.788
5.792
3.667
6.436
6.534
4.568
9.455
9.493
41.242
44.284
9.742
3.193
2.490
4.990
5.044
2.197
2.203
0.725
2.717
4.444
5.602
10.002
10.051
21.704
23.961
5.932
6.581
11.988
12.010
5.472
6.982
39.364
39.364
8.573
8.573
8.896
14.786
14.972
9.129
6.024
5.498
5.647
6.225
17.365
66.422
68.526
42.192
18.190
5.152
2.104
6.122
8.912
9.851
11.310
11.429
8.463
10.103
10.330
13.688
14.673
16.798
17.746
7.189
19.087
25.003
27.081
8.381
6.469
6.507
14.850
16.152
6.896
5.319
4.342
4.347
4.045
4.050
3.850
3.888
6.075
13.819
14.283
20.520
20.904
9.537
23.377
26.757
17.480
22.605
23.728
14.877
8.397
8.451
6.361
11.988
18.144
18.485
5.322
5.335
9.797
9.872
4.643
9.683
10.825
9.418
2.249
2.059
8.571
8.664
3.514
3.091
6.468
6.601
6.442
5.498
7.619
7.623
6.737
10.705
10.873
4.956
1.750
0.988
0.653
0.930
1.420
1.455
1.962
1.962
1.519
1.542
0.909
0.909
0.645
1.497
2.248
2.278
0.945
0.681
0.260
4.677
4.692
5.167
5.274
4.231
2.377
6.833
6.920
2.912
0.643
0.554
0.565
0.365
0.097
0.097
0.050
0.437
19.643
20.101
2.480
0.477
0.522
0.426
0.088
0.076
0.038
0.335
0.338
0.147
0.273
1.074
1.136
0.946
1.310
1.351
5.521
5.625
2.478
0.664
0.109
0.102
0.102
0.040
0.061
0.188
0.721
0.754
0.232
0.270
0.593
0.599
0.037
0.025
0.033
0.034
0.282
0.282
0.304
0.465
0.501
0.380
0.398
0.173
0.237
0.373
0.454
0.467
0.168
0.058
0.160
0.262
0.274
0.106
0.065
0.096
0.099
0.030
0.188
7.433
8.021
2.450
0.049
0.056
0.126
0.131
0.343
0.363
0.504
0.529
0.132
0.056
0.109
0.266
0.822
1.611
1.611
0.460
0.465
0.192
0.109
0.109
0.176
0.253
0.346
0.638
0.659
0.466
0.473
1.098
1.195
0.207
0.163
0.163
0.015
0.098
0.098
0.275
0.711
0.743
0.384
0.364
0.366
0.196
0.393
3.189
28.371
28.384
0.936
0.366
0.751
0.835
0.560
0.199
0.317
0.889
0.904
0.372
0.230
0.045
0.259
0.591
0.607
0.432
0.105
0.020
0.615
1.790
1.796
0.343
0.366
1.002
1.004
0.291
0.120
0.376
1.670
6.509
6.533
1.161
0.326
0.332
0.702
1.129
1.727
1.748
3.357
3.364
1.660
1.796
1.213
1.235
0.591
3.402
3.407
0.154
1.248
1.255
1.005
2.319
2.320
1.023
3.886
3.897
2.003
0.950
0.313
0.496
1.218
1.240
1.216
1.216
2.393
4.640
4.656
4.623
4.623
3.203
1.184
4.350
4.365
3.490
6.742
6.751
2.155
3.002
3.004
2.846
2.846
5.436
5.439
6.088
6.090
3.553
3.558
2.131
6.657
9.409
10.308
7.987
2.814
4.363
4.387
2.811
7.882
7.882
3.153
3.425
5.269
5.271
4.313
2.445
19.136
19.255
5.818
6.439
2.285
2.303
2.893
4.473
4.473
6.071
6.071
4.566
9.257
9.270
8.982
21.257
22.677
18.084
13.819
6.639
6.643
4.349
12.040
15.000
15.310
16.828
20.911
42.159
42.953
37.424
13.293
13.898
17.742
17.974
13.947
10.866
11.028
4.914
5.476
5.476
3.919
10.049
25.213
26.197
33.792
35.181
16.709
11.622
11.909
11.925
15.023
15.596
11.055
5.736
7.828
14.115
14.980
13.882
18.131
24.375
24.470
12.148
12.805
12.105
12.219
11.638
12.267
9.933
9.928
12.930
13.239
6.459
10.183
12.208
12.713
64.702
71.401
31.184
22.754
11.274
1.102
23.395
27.341
7.540
3.023
3.023
2.893
2.893
1.797
1.737
1.688
1.687
1.561
1.561
2.539
3.169
4.097
4.428
14.388
16.164
9.725
8.290
8.625
6.514
4.445
4.827
4.831
15.878
19.274
19.429
14.644
5.876
4.248
8.357
8.957
27.484
28.012
24.747
3.244
0.478
0.478
0.483
1.451
1.452
0.883
0.899
0.456
0.456
0.567
0.570
0.260
0.532
0.532
0.351
1.354
9.396
10.177
3.815
0.256
0.190
0.723
14.722
14.723
0.066
0.219
0.742
0.756
0.620
0.260
0.581
0.618
1.629
1.754
0.969
1.205
1.968
5.456
5.472
3.385
0.538
0.009
0.001
0.151
0.186
1.376
1.558
1.670
1.721
1.467
0.270
0.153
0.153
0.066
0.010
0.093
0.095
0.011
0.019
0.019
0.145
0.146
0.141
0.014
0.070
0.265
0.338
0.347
0.167
0.136
0.060
0.582
1.014
1.022
0.380
0.139
0.142
0.134
0.189
0.189
0.167
0.169
0.104
0.109
0.051
0.044
0.149
0.211
0.216
0.147
0.114
0.116
0.043
0.067
14.478
14.509
1.187
1.049
1.072
0.961
0.561
0.617
1.004
1.042
0.270
0.245
0.246
0.158
0.158
0.787
0.821
0.768
0.550
1.016
1.024
0.455
0.470
0.441
0.192
0.606
0.626
0.750
0.761
0.191
0.373
0.396
0.273
0.254
0.179
0.388
0.396
0.116
38.576
38.587
0.475
0.422
0.632
0.646
0.528
0.754
1.288
1.382
0.454
0.313
0.315
0.191
0.149
0.151
0.218
0.220
0.237
0.350
8.403
8.728
1.663
1.689
1.497
1.179
0.177
1.325
1.370
1.051
0.180
0.177
0.181
1.707
12.052
12.052
3.703
3.708
0.395
0.395
0.059
0.087
0.429
0.430
0.152
0.195
1.324
1.325
0.998
0.785
0.805
0.462
1.485
1.484
0.142
3.088
3.734
4.071
3.243
3.244
5.160
5.263
6.644
6.645
2.292
2.298
0.604
1.166
1.209
0.918
0.918
0.887
0.887
1.458
1.481
1.048
0.232
0.236
0.204
1.506
1.511
1.488
0.818
0.178
0.120
0.316
1.476
1.476
1.266
0.710
0.418
1.555
1.555
0.701
0.664
0.637
1.841
1.841
1.037
2.722
3.710
3.717
3.151
0.879
1.357
1.366
0.869
0.724
2.044
2.047
1.756
1.356
1.103
0.773
3.628
4.490
7.983
8.737
7.278
4.664
4.762
9.778
9.876
2.408
3.482
3.482
2.451
5.494
5.553
19.269
35.121
38.022
9.995
5.347
8.704
19.458
19.518
15.315
19.415
19.784
8.395
5.684
5.754
6.757
6.763
4.750
18.545
21.972
48.584
51.518
51.563
3.561
3.574
4.341
6.290
10.049
10.324
10.343
29.074
32.264
17.145
15.099
17.989
18.117
10.778
19.044
19.095
20.955
21.364
6.866
16.058
16.845
12.306
12.498
4.705
7.722
13.919
15.899
10.821
3.252
3.784
3.995
10.499
10.624
7.651
4.681
4.681
3.559
3.563
2.569
2.569
4.095
4.135
3.684
9.263
14.787
44.876
44.944
5.664
3.616
3.906
3.913
3.055
3.173
3.831
4.495
16.358
20.934
20.934
4.033
4.033
2.054
1.856
1.856
1.771
2.866
5.251
5.256
13.808
41.703
43.814
42.969
47.596
27.078
17.865
21.652
9.884
4.505
1.908
1.308
1.313
0.430
0.642
0.642
0.264
1.294
1.986
4.543
7.167
7.190
1.911
0.785
0.292
0.295
6.569
6.678
5.879
0.175
0.109
0.099
0.101
0.734
0.747
0.414
0.278
0.204
0.292
0.304
0.264
1.326
1.367
0.562
0.133
0.046
0.046
0.003
0.004
0.042
0.042
0.157
0.160
0.156
0.147
0.205
0.216
0.207
0.263
0.263
0.195
0.195
0.108
0.050
0.047
0.047
0.001
0.003
0.007
0.049
0.281
0.312
0.503
0.541
0.275
0.280
0.107
0.310
0.326
0.213
0.134
0.123
0.003
0.003
0.002
0.023
0.271
0.278
0.284
1.137
1.166
0.530
0.534
0.227
0.092
0.092
0.147
0.170
0.235
0.255
0.220
0.078
0.078
0.080
0.080
0.013
0.120
0.129
0.084
0.118
0.119
0.566
0.592
0.275
0.076
0.240
0.542
0.551
0.122
0.128
0.066
0.001
0.027
0.028
0.073
0.073
0.077
8.594
9.654
5.289
0.278
0.177
0.107
0.200
0.209
0.195
0.180
0.103
0.555
0.555
0.299
2.240
2.241
1.231
0.182
2.806
2.811
1.111
1.118
0.049
0.136
0.193
0.193
0.197
0.274
5.178
35.155
37.719
8.276
0.415
0.741
0.743
0.100
0.417
12.525
12.525
0.031
0.401
0.419
0.153
0.268
0.269
0.434
0.441
0.176
0.469
0.476
0.758
3.470
3.477
0.276
0.365
0.365
0.107
0.098
0.810
0.810
0.595
0.827
2.201
2.205
0.460
0.211
0.382
0.419
0.420
0.783
1.370
1.379
0.703
0.710
0.254
0.250
0.309
0.890
0.891
0.243
0.248
0.250
0.476
0.486
0.112
0.035
0.435
2.910
2.916
2.642
2.648
1.421
6.388
10.708
11.210
6.401
1.657
1.658
0.441
1.286
1.505
1.525
1.417
1.381
4.035
4.050
2.989
2.989
1.720
1.133
1.751
14.861
14.979
3.719
3.752
3.438
3.445
2.205
4.625
4.688
3.369
5.760
5.760
5.048
3.326
3.443
3.542
3.542
2.389
6.255
7.685
22.322
35.636
38.990
37.662
2.836
1.013
2.153
2.944
5.073
6.886
6.929
6.203
6.283
7.626
7.729
4.249
7.616
8.422
8.681
8.973
5.549
4.781
4.649
21.662
24.191
13.617
13.711
13.754
11.135
11.799
12.595
13.179
10.240
8.384
6.297
6.776
16.778
28.434
34.830
32.241
30.711
30.752
14.504
14.810
11.045
11.487
4.741
4.962
5.502
18.756
21.498
30.110
30.300
22.433
24.978
13.780
7.918
7.976
7.793
5.329
5.332
6.539
9.668
16.305
29.440
29.729
4.130
5.044
12.872
13.147
13.636
7.675
26.612
26.832
11.426
7.380
7.401
7.401
4.471
4.471
6.683
6.686
2.941
3.386
6.435
6.449
6.030
6.131
5.292
10.266
10.426
10.683
6.773
5.998
3.456
3.544
8.096
20.158
20.456
10.797
1.782
4.139
4.198
4.327
4.334
3.385
4.715
5.198
5.200
4.363
2.194
1.563
3.785
4.581
4.581
1.306
1.306
1.104
1.095
1.304
2.840
2.841
4.139
4.140
3.205
3.771
5.558
5.895
5.907
11.765
11.893
1.549
0.505
0.207
1.067
1.181
1.181
20.703
40.733
42.375
11.157
0.412
2.001
2.546
2.586
0.657
0.256
0.168
0.263
1.211
1.223
6.988
7.128
0.913
1.656
1.710
1.369
0.842
0.842
0.358
0.073
0.073
0.043
0.047
0.035
0.040
0.040
0.000
0.004
0.026
0.027
0.015
0.080
0.089
0.058
0.105
0.105
0.026
0.007
0.059
0.059
0.013
0.013
0.020
0.034
0.643
0.684
0.383
0.016
0.058
0.059
0.074
0.086
0.188
0.200
0.416
0.518
1.724
1.807
0.918
0.604
0.095
0.016
0.305
0.781
0.849
0.443
0.200
0.059
0.002
0.034
0.037
0.143
0.484
0.489
0.080
0.081
0.157
0.160
0.020
0.210
0.959
1.013
0.491
0.093
0.376
0.384
2.510
2.510
0.005
0.061
0.473
0.484
0.165
9.163
9.170
0.051
0.014
0.166
0.171
0.303
0.307
0.101
0.236
0.236
0.043
0.044
0.022
0.022
0.015
0.072
0.077
1.407
1.417
0.916
0.945
0.637
0.647
1.919
1.925
0.309
6.111
6.157
15.300
15.308
0.057
0.038
0.229
0.724
5.404
5.475
0.666
0.159
0.892
1.973
2.062
3.996
4.008
0.376
3.353
3.820
0.586
0.609
0.510
0.398
0.365
0.465
0.644
0.658
0.778
0.779
0.133
0.421
3.332
3.353
2.166
1.837
7.447
7.452
0.572
0.580
0.580
0.337
0.303
0.303
0.691
0.710
0.378
1.363
3.643
3.658
0.542
0.882
3.009
3.011
0.614
0.615
0.621
3.307
3.310
2.549
1.657
1.822
1.843
0.959
0.663
0.667
0.214
0.049
0.343
0.835
0.835
1.277
2.170
2.171
1.707
1.707
2.084
9.279
9.717
6.569
7.719
5.720
4.854
2.260
2.247
2.118
1.990
1.998
0.652
0.870
1.166
1.278
1.278
0.296
1.188
4.721
4.781
1.814
1.608
3.336
4.464
14.897
37.143
69.415
69.415
0.386
0.733
2.772
2.788
0.965
0.909
0.868
6.698
6.753
3.534
12.537
12.562
16.965
18.646
5.164
6.332
6.332
4.301
7.012
8.394
8.881
9.541
11.770
19.646
31.447
35.052
18.783
5.697
2.920
24.917
31.147
31.594
19.128
9.069
5.876
5.408
9.243
11.468
11.468
8.579
8.998
4.456
4.472
6.044
9.091
22.659
25.586
26.070
23.562
17.632
12.148
8.900
4.771
4.782
24.552
26.413
9.401
7.426
11.446
11.446
5.783
13.372
13.829
6.146
6.153
8.273
8.356
4.573
3.898
5.497
5.567
3.210
3.210
4.165
9.471
24.215
42.781
43.163
14.381
6.503
6.503
19.120
21.699
22.158
7.834
5.356
9.815
24.432
24.935
15.235
1.809
4.815
4.815
7.000
7.205
3.163
1.558
1.558
2.608
2.794
2.794
3.409
6.682
9.797
10.015
6.163
6.429
6.448
5.521
5.573
2.576
4.201
8.708
21.898
40.399
41.921
17.760
3.583
4.748
5.949
6.440
2.366
0.991
1.478
2.811
2.811
1.053
1.002
1.771
1.771
1.337
1.337
0.572
0.716
0.722
0.182
7.587
11.822
11.902
0.271
0.045
0.623
0.623
0.076
0.150
0.390
0.390
0.411
0.968
1.021
1.021
1.551
1.604
0.527
0.333
0.235
0.694
1.193
1.922
2.084
2.112
0.024
0.018
0.087
0.161
0.870
0.884
0.478
0.480
0.212
0.309
1.264
1.277
0.668
0.671
0.394
0.775
0.795
0.290
0.216
0.217
1.044
1.087
0.282
0.129
0.029
0.025
0.025
0.061
0.069
0.085
0.085
0.203
0.250
0.260
0.184
0.081
12.760
28.545
29.465
10.736
0.367
0.382
0.024
0.001
0.078
0.083
0.567
0.603
0.170
0.108
0.184
0.194
0.064
0.025
0.023
2.885
10.103
16.298
16.594
0.872
0.536
0.843
0.850
0.613
0.432
0.001
0.002
0.003
0.003
0.017
0.027
0.070
0.070
0.025
0.002
0.002
0.429
0.691
0.425
0.145
0.270
0.595
0.605
1.099
1.119
0.245
0.234
0.112
0.296
0.305
0.180
0.181
0.496
0.577
0.598
0.522
0.321
0.578
0.579
0.644
0.651
0.596
0.242
2.648
2.678
0.644
0.691
0.691
0.244
0.252
0.201
6.843
6.867
0.435
24.031
24.691
9.809
1.397
0.554
0.677
0.693
0.470
0.362
0.255
0.067
0.060
0.474
0.526
3.662
3.724
1.145
1.367
1.374
0.247
0.250
0.198
0.629
1.013
1.013
0.382
1.040
1.042
0.918
15.782
15.793
1.500
1.599
9.979
10.011
0.845
0.689
0.703
0.676
0.699
0.156
0.781
10.008
12.091
9.469
3.375
3.409
1.855
3.905
3.906
0.569
1.149
1.799
1.817
1.213
4.774
4.792
2.388
1.407
3.390
3.392
6.177
7.407
1.427
0.399
0.383
0.383
0.585
0.585
0.748
0.749
1.550
1.553
1.091
1.786
1.787
1.682
2.051
2.051
1.422
8.743
10.609
4.412
6.265
6.862
3.901
14.373
15.581
8.090
1.560
26.364
28.931
14.978
3.947
0.792
0.857
0.863
2.151
2.180
3.143
6.405
23.102
38.050
39.983
14.848
6.919
6.133
3.232
4.567
4.632
5.010
5.064
3.994
10.210
19.132
19.539
10.298
10.570
14.275
24.101
25.294
6.706
2.998
3.003
3.261
8.354
12.582
12.867
12.669
6.406
5.780
17.638
18.274
4.974
1.041
4.983
5.932
6.277
4.264
4.513
4.513
4.246
4.246
2.887
2.012
3.445
5.011
5.011
3.242
2.187
4.066
4.071
3.279
8.204
8.861
7.288
3.953
21.365
22.737
14.758
4.291
3.272
7.773
7.881
2.464
4.658
7.024
9.884
11.006
25.142
25.142
14.616
18.544
19.979
12.916
4.198
4.203
1.891
12.554
32.871
34.037
11.643
13.019
13.024
13.143
13.432
17.384
19.860
11.076
3.438
3.103
0.306
0.595
3.214
4.176
5.576
5.608
4.199
4.211
4.788
4.791
3.412
6.859
17.002
17.177
9.539
6.614
3.782
4.710
4.946
2.493
1.715
0.572
0.423
0.222
1.296
1.419
1.453
0.243
0.128
0.035
0.066
0.066
3.889
3.919
3.167
1.994
2.004
2.445
2.450
0.706
0.159
0.140
0.292
0.344
0.811
0.830
0.662
0.244
0.251
0.173
0.364
3.974
3.990
3.691
0.670
0.442
0.837
1.252
1.269
1.271
0.876
0.361
0.365
0.487
0.491
0.157
0.016
0.242
0.278
1.084
1.113
0.944
0.187
0.003
0.003
0.022
0.026
0.028
0.028
0.246
0.665
0.675
0.086
0.332
1.203
3.542
3.559
0.233
0.017
0.359
0.366
0.123
0.026
0.334
0.791
0.827
0.741
0.758
0.590
0.172
0.560
0.589
0.337
0.820
0.844
0.369
0.382
0.292
0.235
0.009
0.001
0.001
0.002
0.503
0.533
