20150101
16207208.0
10680964.0
10866756.0
13222752.0
17375706.0
17375704.0
11532060.0
15465596.0
19028096.0
19028096.0
19020208.0
18924248.0
18608064.0
17662824.0
17739276.0
17739276.0
18650328.0
19469756.0
19469756.0
19611500.0
19611496.0
15641532.0
15641532.0
14479360.0
14168160.0
12230868.0
12223616.0
14180104.0
14180104.0
14620568.0
19573128.0
19573128.0
16907144.0
14245028.0
14656620.0
14656620.0
16227350.0
16227350.0
13097080.0
12208166.0
12510472.0
18561144.0
18561144.0
21471664.0
21588452.0
21588448.0
23258794.0
23258792.0
20361228.0
17078796.0
21661850.0
21661850.0
24367370.0
24923560.0
24923560.0
24645216.0
18841128.0
17279008.0
17279008.0
17252272.0
13012864.0
16780690.0
18424044.0
18913322.0
18913320.0
16639365.0
17279328.0
17279328.0
19958350.0
24431888.0
24431888.0
23671384.0
20184844.0
19616752.0
19616752.0
21727128.0
21727124.0
21603456.0
25477128.0
25477128.0
26979618.0
26979618.0
27965502.0
29680588.0
29680588.0
25317306.0
29183976.0
29183976.0
23326762.0
20431012.0
20431012.0
20819508.0
23992134.0
23992160.0
23892224.0
23892560.0
21152130.0
20421820.0
21892936.0
23913454.0
23915582.0
21266702.0
20095776.0
22468390.0
26390674.0
28432512.0
28438980.0
23939640.0
32301566.0
32318166.0
29800304.0
29815518.0
25383522.0
25407384.0
24309602.0
25522848.0
27256916.0
27293584.0
24356992.0
27991670.0
28024848.0
23196020.0
23235976.0
24251076.0
30466016.0
30518644.0
29512264.0
31387776.0
31463224.0
30189540.0
26070312.0
25899422.0
25939820.0
23908576.0
22321604.0
22340056.0
25269116.0
27735692.0
27804760.0
24483772.0
20459020.0
20761188.0
20785316.0
19578160.0
26897912.0
26975652.0
21343456.0
25544720.0
25622620.0
24098916.0
21367580.0
21862460.0
23552200.0
27998740.0
28080792.0
26486956.0
21937452.0
22232052.0
22299008.0
21643608.0
17525508.0
17556056.0
15879440.0
16959024.0
17003112.0
27750764.0
27826468.0
23325092.0
23789724.0
23854872.0
23646004.0
24896812.0
24971728.0
17608024.0
20653596.0
20692332.0
21591276.0
21636504.0
16350568.0
17303120.0
24704436.0
25205700.0
27217436.0
27276284.0
21374332.0
20495028.0
19244388.0
19280596.0
17092624.0
22118588.0
22152968.0
17463920.0
26161606.0
26207064.0
21549756.0
24248168.0
24284166.0
24486584.0
24550312.0
23477848.0
23081272.0
22105168.0
21076272.0
19197216.0
22744704.0
23537064.0
25100046.0
25145186.0
24116044.0
24152250.0
22092734.0
19192654.0
21359560.0
21376550.0
23899776.0
23917408.0
20616912.0
15506694.0
16254980.0
21697084.0
23522428.0
23751686.0
23760862.0
20207218.0
20219980.0
19812796.0
14425006.0
14429590.0
13057654.0
18901006.0
18905638.0
11686374.0
12216090.0
18547584.0
19608542.0
22013770.0
22019264.0
19538592.0
15012694.0
14572258.0
16807880.0
16811170.0
19514128.0
19606278.0
19609334.0
16014772.0
14221112.0
15086084.0
16619164.0
24676472.0
24678094.0
24174126.0
21496618.0
20573972.0
16406286.0
19644150.0
19905328.0
20050518.0
20050994.0
20420466.0
21055790.0
21055902.0
22011460.0
22011474.0
18193954.0
18193954.0
15221993.0
13495397.0
13794912.0
17747796.0
20301728.0
21934348.0
23521100.0
23521098.0
22088908.0
18959598.0
17543604.0
22185946.0
23204396.0
23204396.0
23066510.0
20667160.0
19582088.0
17098912.0
18836702.0
18836702.0
18486808.0
18486808.0
17407288.0
20033666.0
22618948.0
22618948.0
17130500.0
16276372.0
16773388.0
16773388.0
20472014.0
20472014.0
17768436.0
17768436.0
19325408.0
19325408.0
18004234.0
20031588.0
20737890.0
20737888.0
19905652.0
14653272.0
11972800.0
12359638.0
15872562.0
15872560.0
14437192.0
14437192.0
14150776.0
19701722.0
19701720.0
17833040.0
13212586.0
13212584.0
11850752.0
17510786.0
19469736.0
19469736.0
18848872.0
18848872.0
17287848.0
15944358.0
16857640.0
16857640.0
11564620.0
12431240.0
12431240.0
12264068.0
12264068.0
9618420.0
12439710.0
18157510.0
18157508.0
16837660.0
15526324.0
13955434.0
13955432.0
13675532.0
11645812.0
11645812.0
11171512.0
11448088.0
11448088.0
10959732.0
11324056.0
11324056.0
15799956.0
15799956.0
11592480.0
11592480.0
11447086.0
12462632.0
16438900.0
17148060.0
17219260.0
17219260.0
16639360.0
16130488.0
12926432.0
