20150101
1.14
0.81
0.59
0.71
1.12
0.74
0.71
1.11
1.66
1.56
1.65
1.69
1.48
1.32
1.25
1.38
1.62
1.72
1.61
1.64
1.52
1.29
1.27
1.18
0.87
0.88
0.90
0.83
0.84
1.10
1.05
1.38
1.27
0.90
1.00
1.00
0.90
0.77
0.71
0.98
0.86
0.91
0.88
1.35
1.14
1.29
1.28
1.06
0.90
1.08
1.14
1.01
1.83
1.81
1.48
0.94
0.63
0.99
0.90
0.73
0.74
0.84
1.13
1.02
0.78
0.92
0.89
0.89
1.16
1.46
1.07
0.93
1.01
0.88
0.78
0.94
0.93
1.07
1.09
1.14
1.13
1.10
1.37
1.23
1.11
1.06
0.98
0.78
0.64
0.97
0.89
1.12
0.59
0.59
0.83
0.79
0.67
0.65
1.15
0.89
0.79
0.63
0.71
0.87
0.68
0.84
0.72
1.22
1.01
1.21
1.04
0.80
0.81
1.05
0.83
1.10
1.12
0.81
1.02
0.98
0.91
0.55
0.73
0.99
0.86
1.05
1.02
1.18
0.90
0.80
0.64
0.74
0.68
0.65
0.43
0.66
0.96
0.99
0.73
0.75
0.54
0.68
0.55
0.47
0.88
0.54
0.55
0.79
0.88
0.71
0.64
0.61
0.73
0.87
0.99
0.80
0.45
0.50
0.56
0.47
0.66
0.66
0.66
0.53
0.67
0.74
0.74
0.83
0.78
0.77
0.83
0.71
0.68
0.54
0.61
0.54
0.60
0.78
0.76
0.68
0.78
0.95
0.66
0.55
0.83
0.61
0.48
0.52
0.73
0.75
0.99
0.73
0.50
0.55
0.77
0.63
0.55
0.70
0.67
0.85
0.86
0.59
0.62
0.56
0.79
1.00
0.91
0.84
0.70
0.63
0.64
0.73
0.70
0.75
0.66
0.48
0.56
0.46
0.50
0.58
0.51
0.62
0.53
0.54
0.49
0.38
0.48
0.48
0.59
0.54
0.57
0.69
0.73
0.60
0.59
0.51
0.50
0.60
0.82
0.78
0.77
0.73
0.70
0.60
0.50
0.43
0.66
0.52
0.84
0.98
0.94
0.87
0.54
0.57
0.48
0.53
0.58
0.64
0.64
0.81
0.74
0.67
0.86
0.65
0.70
0.61
0.53
0.46
0.49
0.79
0.82
1.13
1.24
0.98
0.86
0.38
0.61
1.01
1.14
1.14
0.96
0.75
0.76
0.78
0.82
0.70
0.80
0.76
1.00
1.17
1.18
1.14
0.84
0.91
0.76
0.97
0.80
0.95
0.94
0.71
0.85
0.62
0.80
0.89
0.94
1.00
0.51
0.71
0.41
0.53
0.79
0.82
0.92
0.73
0.99
1.53
1.04
0.66
0.73
0.54
0.66
0.99
1.28
1.23
1.24
1.10
1.08
1.11
1.07
0.64
0.67
0.82
0.73
0.45
0.73
0.40
1.08
1.10
1.25
0.87
1.20
1.18
0.83
0.72
0.50
0.67
0.70
0.74
0.81
0.82
0.77
0.85
0.91
0.88
0.89
1.25
0.96
0.89
1.25
1.54
1.52
1.32
1.10
0.82
0.95
