20150101
5.376
12.430
18.749
19.213
2.681
3.099
3.229
2.785
0.763
0.002
0.235
0.240
0.425
0.928
1.060
1.287
1.304
0.188
0.157
0.063
1.154
2.368
2.726
2.586
2.003
2.998
3.242
3.370
3.663
3.731
1.682
1.232
1.661
2.037
2.106
1.841
1.873
2.265
3.313
3.461
2.913
2.768
1.571
1.575
1.028
1.062
0.393
0.360
2.996
3.077
0.867
0.655
0.655
0.002
0.041
1.174
9.776
9.890
2.742
23.448
24.099
12.305
4.504
3.429
3.156
3.275
2.946
3.097
3.126
1.812
0.570
2.566
2.681
6.049
6.185
4.339
3.393
3.564
1.458
1.209
0.830
0.764
0.764
0.079
0.295
1.588
1.588
0.839
15.451
15.532
2.042
2.037
9.243
9.337
3.186
3.032
3.027
3.192
3.334
1.606
2.023
10.767
12.710
9.228
3.465
3.509
3.760
4.708
4.708
0.414
0.739
1.862
1.863
1.682
5.302
5.337
2.316
1.585
3.495
3.517
4.290
5.555
3.406
2.327
1.780
0.824
0.893
0.893
0.040
0.271
0.550
0.551
0.601
1.485
4.258
4.475
3.579
1.583
0.308
8.363
10.659
6.535
6.189
6.389
2.765
11.055
12.565
8.908
0.679
23.130
25.828
13.519
6.647
1.318
1.182
1.223
1.968
2.068
2.824
5.873
20.130
31.681
33.655
14.293
7.143
6.239
3.640
4.343
4.390
6.192
6.310
3.126
9.843
15.262
15.474
7.102
8.508
12.284
16.739
17.572
4.154
1.303
1.552
1.589
2.455
3.845
9.114
9.257
3.928
5.001
15.091
15.607
2.795
0.470
3.615
3.620
3.942
1.529
2.505
2.524
2.017
2.022
1.105
1.110
0.958
1.483
1.483
1.059
1.059
0.990
0.990
2.229
4.937
5.505
3.394
2.542
18.471
19.406
13.896
4.447
2.856
3.698
3.791
1.146
2.018
5.133
6.475
8.390
22.414
22.443
12.387
16.267
17.324
10.031
2.998
2.630
0.906
9.977
20.988
21.836
9.879
10.472
10.472
10.945
11.674
12.686
14.380
10.011
6.145
3.301
0.297
0.330
1.327
2.686
4.051
4.086
2.870
2.905
2.321
2.345
2.097
6.780
12.397
12.621
8.644
4.156
4.465
4.777
4.952
1.887
1.140
0.519
0.082
0.173
0.725
2.156
2.271
0.882
0.351
0.329
0.627
0.728
6.287
6.365
2.646
0.637
0.481
1.670
1.766
1.631
0.167
0.672
1.713
2.371
2.407
1.983
1.983
1.362
1.571
1.625
1.571
3.293
4.696
4.726
0.592
0.310
2.234
3.063
3.890
4.044
3.921
2.740
2.807
2.771
2.879
0.902
0.247
0.557
0.874
3.122
3.841
3.917
0.172
0.002
0.003
0.292
0.591
0.597
0.434
1.182
2.415
2.499
1.475
1.825
2.271
5.228
5.357
0.770
0.487
0.979
1.344
1.389
0.955
1.649
2.489
2.622
3.018
3.119
2.064
1.549
2.703
2.852
1.967
2.440
2.563
2.204
1.874
2.419
2.519
0.211
0.001
0.025
0.486
1.851
2.050
