20150101
0.66
0.63
1.37
0.88
1.01
0.64
0.48
1.15
1.72
1.63
1.47
1.46
1.09
0.86
0.81
0.80
1.09
1.35
1.40
1.40
1.22
0.93
1.03
0.98
0.76
0.74
0.76
0.79
0.75
1.10
0.80
0.85
0.84
0.79
0.88
0.86
0.76
0.69
0.66
0.69
0.73
0.55
0.52
1.09
0.89
0.97
0.80
0.77
0.73
1.30
0.86
0.97
1.58
1.48
1.32
0.87
0.89
0.82
0.68
0.58
0.60
0.78
0.85
0.77
0.66
0.76
0.68
0.66
1.03
0.96
0.91
0.74
0.79
0.70
0.73
0.75
0.75
1.33
0.78
1.08
0.84
0.66
1.34
0.86
0.87
0.97
0.87
0.65
0.82
0.94
0.96
1.05
0.94
0.87
0.67
0.76
0.80
0.77
1.07
0.91
0.75
0.46
0.65
0.81
0.61
0.62
0.57
1.38
0.87
1.12
0.79
0.69
0.61
0.79
0.43
0.89
0.91
0.48
1.05
0.81
0.71
0.69
0.78
1.11
0.85
0.69
0.83
0.99
0.73
0.55
0.49
0.59
0.57
0.64
0.63
0.64
0.71
0.73
0.60
0.68
0.69
0.69
0.58
0.47
0.52
0.47
0.53
0.64
0.65
0.80
0.69
0.69
0.60
0.78
0.80
0.73
0.65
0.66
0.59
0.73
0.71
0.64
0.71
0.54
0.67
0.65
0.73
0.59
0.64
0.72
0.54
0.53
0.51
0.51
0.67
0.45
0.45
0.55
0.56
0.72
0.79
0.83
0.65
0.66
0.80
0.66
0.40
0.42
0.70
0.62
0.57
0.78
0.66
0.64
0.88
0.78
0.65
0.79
0.61
0.83
0.84
0.75
0.55
0.57
0.72
0.92
0.81
0.75
0.71
0.68
0.68
0.78
0.68
0.76
0.63
0.58
0.66
0.55
0.67
0.67
0.63
0.63
0.59
0.62
0.60
0.55
0.72
0.63
0.63
0.64
0.52
0.80
0.52
0.61
0.63
0.59
0.56
0.54
0.64
0.69
0.77
0.67
0.62
0.58
0.53
0.47
0.60
0.49
0.78
0.74
0.77
0.65
0.64
0.66
0.58
0.51
0.48
0.57
0.57
0.62
0.59
0.49
0.50
0.48
0.68
0.60
0.53
0.46
0.40
0.41
0.64
1.06
0.99
0.81
0.64
0.44
0.52
0.72
0.81
0.87
0.80
0.49
0.63
0.64
0.56
0.66
0.66
0.54
0.92
1.15
1.00
0.97
0.68
0.70
0.55
1.00
0.77
0.79
0.67
0.60
0.49
0.53
0.66
0.87
0.84
0.85
0.65
0.67
0.83
0.66
0.60
0.56
0.69
0.60
1.05
1.40
0.88
0.75
0.80
0.74
0.51
1.08
0.97
0.98
1.00
0.86
0.85
0.92
0.80
0.61
0.57
0.62
0.67
0.67
0.65
0.92
0.90
1.05
1.07
0.81
0.95
1.13
0.74
0.69
0.70
0.75
0.82
0.78
0.85
0.73
0.77
1.18
0.79
0.81
0.81
0.92
0.95
0.76
1.36
1.54
1.65
1.49
0.91
0.69
1.27
