20150101
16675620.0
11896392.0
11820548.0
14397964.0
18105312.0
18105312.0
13932824.0
16411398.0
19108612.0
19108612.0
18998816.0
18936208.0
18810420.0
18276056.0
18261560.0
18261560.0
19061018.0
19515120.0
19515120.0
19699404.0
19699404.0
17549528.0
17549528.0
15881520.0
15492064.0
15159276.0
14055796.0
15622678.0
15622676.0
16439984.0
20712596.0
20712596.0
18974824.0
16989068.0
16472580.0
16472580.0
18841306.0
18841306.0
15902790.0
15823048.0
16672776.0
21172908.0
21172908.0
22131382.0
22131380.0
22024152.0
23335040.0
23335040.0
21946752.0
18721162.0
22994674.0
22994674.0
24605840.0
25104094.0
25104094.0
24909756.0
20457016.0
19687468.0
20400216.0
20400216.0
14287680.0
19429596.0
21392300.0
22145432.0
22145432.0
20301304.0
20409502.0
21167268.0
22884102.0
26206528.0
26206524.0
25777176.0
23120764.0
22613444.0
22598888.0
25078586.0
25078584.0
23672550.0
27112500.0
27112500.0
28151098.0
28151098.0
28351620.0
29808472.0
29808472.0
27774718.0
29590398.0
29590398.0
25503720.0
23768114.0
24041012.0
25341072.0
25838542.0
25965782.0
27059354.0
27059578.0
26655138.0
24830298.0
26690618.0
27896580.0
27899026.0
26150060.0
24571442.0
25365454.0
27487376.0
29303176.0
29310354.0
26476680.0
32845706.0
32861866.0
31792138.0
31811006.0
28578028.0
28603772.0
28117734.0
27257796.0
29540522.0
29578364.0
27437558.0
31300796.0
31344864.0
27239104.0
27283094.0
27557892.0
31278596.0
31326460.0
29778108.0
31414104.0
31488056.0
31196468.0
28926388.0
29167722.0
29214264.0
26935400.0
27003684.0
25779440.0
27967588.0
29068460.0
29145256.0
28281076.0
24975124.0
25016172.0
24878308.0
23873260.0
29083920.0
29175564.0
25045596.0
29008456.0
29106488.0
27673536.0
25032798.0
26261284.0
26330308.0
29131356.0
29225724.0
28039220.0
25349164.0
24662560.0
24733600.0
24680760.0
20719980.0
19326064.0
16886584.0
21156760.0
21206864.0
28705856.0
28793912.0
25166092.0
25020208.0
24361404.0
25355308.0
25455276.0
25026972.0
19919100.0
21809882.0
21860792.0
23475408.0
23514424.0
15985176.0
19524920.0
27034304.0
27101940.0
27835406.0
27898916.0
22164652.0
20663640.0
20280068.0
20318072.0
18071584.0
21913444.0
21940752.0
17776128.0
26905744.0
26953952.0
22082612.0
24423288.0
24457198.0
23537308.0
23590108.0
23410604.0
23466734.0
22388184.0
20911402.0
19365208.0
22150296.0
23129500.0
24831762.0
24874192.0
24327438.0
24363864.0
22164132.0
19311486.0
21531822.0
21549766.0
24085018.0
24103676.0
20945216.0
16217698.0
17577912.0
22232140.0
24111724.0
24126164.0
24107426.0
20734794.0
21606330.0
21611770.0
16548070.0
16554088.0
15131790.0
20426706.0
20432308.0
11697870.0
13367532.0
20903964.0
21681148.0
23647350.0
23652636.0
20489472.0
16185202.0
18214248.0
19459688.0
19463548.0
21736394.0
21756174.0
21759312.0
19487370.0
16344194.0
18466628.0
19210040.0
25556818.0
25558354.0
25374154.0
23776656.0
20658860.0
17482714.0
20694062.0
21298986.0
21299254.0
20730720.0
20994946.0
22007162.0
22007162.0
22434376.0
22434376.0
18702736.0
18702736.0
18357376.0
16475417.0
15709099.0
18969860.0
21394894.0
22570814.0
23986596.0
23986596.0
22320984.0
20184516.0
19098830.0
22895410.0
24121272.0
24121272.0
23998142.0
22304364.0
21726616.0
18584140.0
18814794.0
18814794.0
18174212.0
18884358.0
18884358.0
20936342.0
22532404.0
22532404.0
19756138.0
18690064.0
18243212.0
18198376.0
21017698.0
21017698.0
19047692.0
19047692.0
19795276.0
19795276.0
18206474.0
19662426.0
20511376.0
20511376.0
20458332.0
16487604.0
14969304.0
14969304.0
18535232.0
18535232.0
16938438.0
16938436.0
17231440.0
19829760.0
19829760.0
17927824.0
15807352.0
15807352.0
14475168.0
18568464.0
19495804.0
19495804.0
19121156.0
19121156.0
18058860.0
16881962.0
17529288.0
17529288.0
13586892.0
14773088.0
14773088.0
13664616.0
13628152.0
12312666.0
15377220.0
18226472.0
18226472.0
17229328.0
16527424.0
15973482.0
15973480.0
15510704.0
13623520.0
12869152.0
12795224.0
13615628.0
13615628.0
13525044.0
12783708.0
12919396.0
16519556.0
16519556.0
14313248.0
14313248.0
13086710.0
14225216.0
17090820.0
17268452.0
17268452.0
17216356.0
16699156.0
16295216.0
14585612.0
