20150101
4.110
9.220
14.064
14.277
1.086
0.369
0.538
0.543
0.339
0.001
0.001
0.002
0.002
0.005
0.044
0.046
0.034
0.016
0.001
0.002
0.002
0.427
0.595
0.429
0.206
0.527
1.006
1.025
1.322
1.351
0.289
0.105
0.106
0.504
0.520
0.208
0.189
0.630
0.832
0.866
0.909
0.316
0.536
0.542
0.195
0.474
0.475
0.049
1.684
1.708
0.537
0.315
0.315
0.002
0.010
0.068
4.567
4.592
0.643
22.457
22.991
8.344
1.882
0.799
0.761
0.787
0.695
0.477
0.323
0.073
0.015
0.274
0.390
3.220
3.292
1.127
1.456
1.467
0.314
0.066
0.027
0.807
0.809
0.095
0.013
0.364
0.364
0.598
11.759
11.779
1.501
1.610
6.241
6.288
0.831
0.818
0.880
0.971
0.728
0.117
0.291
6.459
7.922
6.279
2.141
2.172
0.888
2.533
2.534
0.082
0.005
1.452
1.454
0.603
2.361
2.369
1.009
0.666
1.780
1.780
3.118
3.598
1.183
0.380
0.242
0.160
1.358
1.358
0.013
0.031
1.201
1.205
0.258
2.563
2.566
1.938
1.951
0.525
0.138
3.599
4.308
4.580
7.079
7.825
3.315
10.656
11.907
6.005
0.230
9.958
11.282
10.665
2.505
0.526
0.242
0.366
1.323
1.365
2.434
3.492
7.640
15.994
17.028
8.774
8.148
6.222
1.075
1.117
1.188
2.665
2.677
2.470
7.699
13.802
14.423
5.477
5.247
10.505
18.021
18.718
3.486
1.151
1.151
2.998
5.711
5.711
5.061
5.186
5.241
2.993
11.030
11.486
3.726
1.814
7.516
7.520
1.455
2.556
2.565
2.275
1.736
1.736
1.709
1.271
1.626
2.118
2.118
1.418
1.036
2.289
2.289
1.994
4.193
4.487
3.987
2.968
11.207
11.873
11.124
1.391
1.420
2.620
2.699
1.288
1.778
4.085
4.443
4.751
12.745
12.745
11.613
12.848
12.137
9.213
2.714
2.126
0.989
6.465
24.549
24.887
4.545
6.901
6.901
6.363
6.445
9.309
10.601
8.419
1.525
1.525
0.023
0.242
2.345
2.350
2.689
2.718
2.243
2.260
3.561
3.567
1.391
1.931
12.846
13.001
5.127
2.418
1.234
1.409
1.479
1.062
0.924
0.184
0.134
0.128
0.659
0.689
0.646
0.128
0.010
0.002
0.026
0.087
0.927
1.179
1.182
0.974
0.982
1.992
1.999
0.365
0.024
0.009
0.229
0.313
0.771
0.800
0.544
0.120
0.123
0.200
0.223
3.762
3.787
1.844
0.803
0.174
0.561
0.956
1.011
1.064
0.732
0.292
0.296
0.259
0.262
0.009
0.003
0.028
0.028
1.009
1.053
0.705
0.009
-0.000
0.003
0.042
0.047
0.016
0.003
0.132
0.300
0.303
0.081
0.313
1.195
2.699
2.729
0.086
0.010
0.030
0.030
0.002
0.030
0.231
0.838
0.881
0.771
0.791
0.520
0.153
0.703
0.747
0.256
0.643
0.666
0.324
0.425
0.439
0.357
0.007
0.001
0.001
0.003
0.319
0.475
