20150101
6.778
12.414
17.276
17.693
2.727
2.316
2.757
2.840
0.935
0.002
0.034
0.034
0.121
1.132
1.176
1.530
1.557
0.178
0.024
0.008
0.572
2.225
2.539
1.984
1.449
3.311
3.429
3.129
4.214
4.294
1.478
0.416
0.705
0.716
0.713
0.744
0.470
1.186
2.392
2.480
1.777
1.189
1.799
1.803
0.699
0.706
0.373
0.180
2.491
2.566
0.718
0.361
0.361
0.003
0.008
0.725
9.334
9.471
2.938
21.644
22.184
11.523
4.198
3.008
2.190
2.253
2.810
2.966
3.111
1.051
0.072
2.007
2.059
6.964
7.100
4.140
3.742
3.918
0.769
0.323
0.298
0.309
0.305
0.126
0.048
1.569
1.569
0.825
13.283
13.370
1.942
1.141
6.498
6.523
3.593
3.708
2.670
2.738
2.425
0.859
0.429
8.709
10.297
7.348
2.832
2.882
3.323
4.415
4.415
0.056
0.098
0.559
1.138
1.268
4.305
4.341
1.605
1.254
2.762
2.767
2.299
2.988
2.575
1.671
1.671
0.377
1.522
1.522
0.019
0.044
0.292
0.295
0.230
1.195
4.359
4.593
3.472
0.883
0.085
4.470
5.796
4.825
5.252
5.434
2.113
8.713
9.847
6.089
0.484
14.247
16.166
9.347
5.483
1.069
0.603
0.626
1.016
1.075
1.625
3.173
9.761
18.109
19.622
9.359
5.631
5.666
2.316
2.334
2.393
3.616
3.699
1.855
7.610
11.764
12.071
5.312
6.487
9.211
11.285
11.888
2.688
0.700
1.018
1.050
2.344
2.344
5.384
5.462
2.860
3.293
10.330
10.689
1.920
0.391
3.947
3.956
1.667
1.068
2.160
2.187
0.898
0.907
0.962
0.967
0.488
0.663
0.663
0.456
0.456
0.612
0.861
1.497
3.576
3.992
2.376
1.724
12.544
13.269
11.466
2.052
1.367
1.602
1.660
0.519
0.989
3.370
3.394
4.286
14.841
14.875
10.732
14.131
15.262
7.803
2.253
1.964
0.416
5.907
16.360
16.815
5.790
6.074
6.074
7.256
7.964
8.565
8.670
8.553
3.867
2.458
0.248
0.134
0.729
1.744
2.426
2.464
1.863
1.922
1.607
1.645
0.977
3.447
9.650
9.839
5.716
2.490
2.036
2.161
2.208
0.939
0.656
0.405
0.061
0.103
0.400
1.345
1.410
0.798
0.426
0.393
0.655
0.656
3.837
3.881
1.463
0.299
0.307
1.723
1.854
1.642
0.044
0.100
1.442
2.944
2.969
2.407
2.320
1.527
1.698
1.757
1.672
3.296
3.870
3.919
0.778
0.072
0.762
2.051
3.120
3.764
3.785
3.107
3.202
3.101
3.204
0.569
0.034
0.157
0.442
2.515
3.745
3.805
0.065
0.001
0.003
0.144
0.201
0.201
0.059
0.897
1.857
1.913
1.314
1.587
1.691
5.103
5.232
0.359
0.085
0.359
0.373
0.224
0.215
0.948
1.464
1.542
2.273
2.356
1.508
0.698
2.422
2.553
1.158
1.536
1.626
1.382
1.645
2.020
2.106
0.133
0.001
0.004
0.067
1.971
2.694
