20150101
3.277
9.800
15.369
15.648
1.231
0.652
0.989
0.999
0.626
0.350
0.001
0.002
0.003
0.003
0.022
0.033
0.033
0.025
0.008
0.002
0.002
0.507
0.745
0.579
0.282
0.448
0.965
0.981
1.170
1.199
0.322
0.294
0.213
0.738
0.755
0.324
0.270
0.964
1.009
1.021
0.948
0.582
0.576
0.577
0.479
0.496
0.522
0.191
2.889
2.930
0.776
0.830
0.830
0.223
0.232
0.198
6.422
6.451
0.535
23.864
24.502
9.361
2.238
0.731
1.091
1.127
0.935
0.604
0.403
0.131
0.062
0.467
0.559
3.786
3.860
1.297
1.609
1.620
0.394
0.206
0.178
0.671
1.025
1.025
0.312
1.074
1.075
1.287
15.615
15.635
2.056
2.171
11.413
11.476
1.151
1.070
1.102
1.228
1.067
0.269
1.090
9.264
11.279
9.179
2.900
2.933
1.364
4.055
4.055
0.322
0.720
2.946
2.950
1.397
4.081
4.101
2.080
1.609
3.472
3.474
7.341
8.394
1.677
0.578
0.522
0.528
0.545
0.545
0.639
0.639
2.020
2.023
0.902
2.875
2.877
2.092
1.778
1.400
1.220
8.448
9.801
5.177
8.291
9.140
5.186
16.865
17.843
8.052
1.369
24.932
27.091
16.437
3.823
0.880
0.609
1.081
3.439
3.510
4.479
7.326
20.792
36.739
38.458
14.452
8.077
6.133
2.659
3.935
3.994
3.699
3.959
5.123
10.747
20.756
21.341
11.758
11.013
16.408
29.164
30.452
7.675
3.762
3.767
5.296
12.149
13.793
14.106
12.711
8.534
6.825
19.743
20.447
6.153
2.602
5.955
6.857
7.253
5.895
5.895
5.678
5.683
5.687
5.337
3.150
6.134
7.078
7.078
4.859
3.072
6.005
6.010
4.287
9.507
10.129
8.905
5.128
21.743
23.325
14.675
3.860
3.909
8.758
8.890
3.595
5.589
8.067
11.310
12.353
23.496
23.496
15.493
18.809
20.474
14.596
5.265
5.270
2.669
12.735
36.084
37.098
10.942
13.039
13.048
13.321
13.464
18.081
20.621
11.257
3.581
3.584
0.265
0.787
3.972
4.716
5.841
5.891
4.669
4.681
6.104
6.107
4.167
5.450
18.708
18.897
9.154
7.541
3.499
4.555
4.809
2.884
2.158
0.694
0.557
0.267
1.755
1.843
1.487
0.218
0.052
0.005
0.052
0.205
2.153
3.276
3.279
3.353
3.385
3.090
3.098
0.838
0.123
0.089
0.284
0.446
1.179
1.208
0.706
0.366
0.375
0.266
0.437
4.241
4.256
3.356
0.749
0.713
1.172
1.379
1.755
1.836
1.106
0.411
0.416
0.490
0.493
0.128
0.019
0.247
0.251
1.596
1.643
0.922
0.175
-0.000
0.003
0.034
0.045
0.045
0.041
0.290
0.676
0.683
0.167
0.551
1.959
4.798
4.822
0.163
0.013
0.309
0.316
0.119
0.051
0.501
1.397
1.463
1.087
1.115
0.811
0.283
0.959
1.004
0.406
1.126
1.163
0.515
0.533
0.486
0.429
0.011
0.001
0.001
0.003
0.666
0.714
