20150101
1.05
1.20
1.86
1.42
0.87
1.23
1.07
1.12
1.59
1.30
1.01
1.10
0.83
0.97
0.94
0.76
0.89
0.86
0.98
1.10
1.03
1.32
1.29
1.01
1.04
1.39
1.47
1.47
1.65
1.14
0.66
0.66
0.93
0.92
0.94
0.79
0.75
1.07
1.21
0.93
0.70
0.49
0.74
0.98
0.52
0.67
0.46
0.52
0.78
1.12
0.63
1.21
1.08
1.01
0.96
0.91
1.34
1.15
1.04
1.44
1.21
1.65
1.62
1.10
1.17
0.84
1.15
1.17
0.84
0.67
0.62
0.83
0.78
1.08
1.06
1.17
1.25
1.33
0.62
0.88
0.54
0.42
1.01
0.54
0.49
0.86
0.65
0.67
1.41
0.85
0.84
1.05
1.05
1.24
1.19
0.77
0.88
1.04
1.23
0.82
0.71
0.72
0.89
0.54
0.55
0.83
1.01
1.40
0.63
0.71
0.63
0.51
0.54
0.45
0.50
0.56
0.55
0.69
0.87
0.52
0.47
0.81
0.71
0.93
0.59
0.52
0.69
0.64
0.44
0.39
0.48
0.41
0.48
0.61
0.96
0.99
0.55
0.45
0.49
0.71
0.82
0.69
0.87
0.58
0.48
0.76
0.81
0.60
0.54
0.63
0.81
1.02
0.66
0.49
0.64
0.60
0.68
0.84
0.83
0.64
0.65
0.46
0.88
1.04
1.06
0.94
1.14
0.74
0.74
0.59
0.69
0.99
0.86
0.43
0.52
0.48
0.42
0.81
0.54
0.63
0.91
0.80
0.85
0.68
0.65
0.43
0.45
0.96
0.75
0.52
0.60
0.66
0.57
0.46
0.82
0.70
0.50
0.82
0.54
0.52
0.66
0.45
0.46
0.41
0.56
0.62
0.58
0.46
0.45
0.53
0.56
0.43
0.49
0.52
0.52
0.60
0.84
0.78
0.67
0.49
0.39
0.53
0.60
0.65
0.72
0.65
0.74
0.62
0.61
0.72
0.56
0.58
0.51
0.75
0.80
0.47
0.42
0.35
0.62
0.57
0.61
0.47
0.52
0.66
0.59
0.50
0.42
0.51
0.54
0.59
0.40
0.39
0.50
0.75
0.83
0.59
0.70
0.82
0.79
0.67
0.54
0.49
0.48
0.37
0.56
0.57
0.58
0.60
0.56
0.60
0.62
0.62
0.58
0.52
0.56
0.67
0.80
0.63
0.66
0.63
0.71
0.64
0.74
0.34
0.30
0.45
0.32
0.79
0.75
0.78
0.55
0.55
0.89
0.97
0.99
0.82
0.66
0.58
0.91
0.73
0.79
0.61
0.40
0.58
0.49
0.61
0.68
0.80
1.41
1.20
0.55
0.93
0.93
1.10
1.21
1.06
0.73
0.74
0.80
1.09
1.06
1.24
0.70
0.61
0.62
0.62
0.60
0.70
0.59
0.98
1.20
0.71
0.74
0.85
0.73
1.36
0.84
0.77
0.80
0.81
0.90
1.07
0.95
1.10
1.34
1.30
1.56
1.56
1.08
1.08
1.60
1.70
1.14
1.28
1.06
1.52
1.85
1.64
1.38
1.77
1.88
1.62
1.03
1.05
1.45
