19950101
2.619
1.713
1.571
2.385
2.481
2.167
2.247
24.377
24.507
3.616
3.380
2.913
2.255
2.005
3.579
13.896
16.975
17.067
3.726
3.894
3.995
3.074
2.488
2.073
2.163
2.060
1.517
1.857
1.932
2.155
2.239
1.815
1.904
2.733
3.277
3.431
3.341
1.694
0.925
0.934
0.921
1.030
1.301
1.724
7.092
9.160
9.331
3.651
3.813
3.533
3.144
5.169
8.920
12.580
12.698
2.971
2.354
3.304
3.447
2.854
2.237
2.339
2.184
2.274
2.715
8.847
8.968
3.495
3.676
4.202
4.359
2.481
2.227
1.687
1.886
3.867
3.982
1.477
2.156
2.201
0.738
0.585
0.587
0.462
25.416
26.796
3.374
3.979
4.170
3.713
2.351
2.049
1.315
1.387
3.151
3.293
1.251
0.745
0.766
0.783
3.044
3.566
3.729
2.216
1.902
2.152
2.184
1.235
1.299
3.562
3.650
2.411
1.991
2.048
1.878
1.247
0.589
0.320
0.634
2.039
2.081
1.034
2.869
3.176
3.281
1.982
1.176
1.225
8.600
8.606
2.025
5.602
5.608
3.860
3.878
2.949
0.966
3.367
4.007
4.032
1.798
2.456
2.469
0.800
2.185
2.191
0.517
0.542
1.219
1.231
1.010
1.010
1.392
1.781
1.836
1.276
1.147
3.208
3.222
1.119
2.396
3.495
7.344
7.624
7.849
11.672
17.473
22.155
26.647
26.770
6.082
5.481
10.887
11.596
8.525
5.215
1.072
1.413
2.136
2.805
29.616
35.815
35.363
3.788
7.387
7.436
7.213
5.786
3.627
3.627
17.580
17.650
3.147
3.746
3.767
2.966
7.756
8.606
6.635
5.013
4.874
4.226
3.349
3.370
1.386
1.184
2.235
15.004
15.032
1.427
2.207
4.212
6.292
9.396
9.789
2.640
1.307
2.583
2.593
1.885
3.053
5.408
5.517
69.370
72.222
48.408
42.917
6.276
0.150
0.155
2.604
2.660
0.501
0.537
1.018
1.018
0.981
5.889
6.772
6.819
14.190
14.603
1.493
0.284
4.592
4.612
4.717
4.717
3.277
3.326
2.580
0.900
1.383
1.403
1.022
0.953
2.389
3.651
3.663
2.933
3.472
3.521
2.272
6.056
6.774
7.488
7.528
3.456
3.464
13.572
35.740
36.364
10.696
0.856
1.462
1.501
1.183
0.986
0.689
0.842
0.843
1.261
1.932
1.948
1.595
1.119
1.394
1.283
1.379
3.739
3.836
1.883
1.954
1.639
1.671
1.172
2.023
2.121
1.398
0.887
0.690
1.765
1.997
2.054
1.897
1.711
1.355
1.405
2.169
2.271
1.897
0.231
34.724
59.249
59.289
1.104
0.064
0.000
0.369
1.459
1.925
2.031
2.276
2.374
1.732
2.369
2.464
2.276
2.483
2.619
1.716
2.389
2.489
2.360
2.423
2.425
1.890
2.009
2.083
1.344
1.345
1.282
1.830
2.389
2.593
2.659
2.169
2.842
2.971
1.990
1.237
1.582
1.646
2.613
2.737
2.991
3.168
2.916
13.722
13.820
1.417
1.830
1.917
1.977
2.578
2.692
2.838
3.673
3.762
1.972
2.541
2.669
1.553
1.486
3.100
3.258
2.789
1.939
1.996
26.918
28.047
24.551
2.911
2.765
2.871
2.313
2.150
2.300
2.449
1.812
1.846
1.086
1.976
2.600
2.766
2.882
2.764
2.876
2.334
0.156
1.492
1.536
0.997
2.851
2.935
13.560
14.171
6.846
0.629
2.158
2.277
2.201
2.006
2.384
14.241
14.427
2.342
2.271
1.318
2.421
3.954
7.927
8.056
2.186
1.753
0.589
0.594
3.467
7.723
7.724
0.212
2.504
2.731
2.506
0.777
2.779
2.931
1.374
1.816
1.868
1.985
2.555
2.667
2.213
2.328
1.652
12.212
12.301
8.663
8.675
4.372
1.007
0.715
2.089
2.758
2.860
2.277
1.761
2.420
2.482
1.370
1.404
1.996
2.081
1.918
1.394
1.105
0.536
0.892
0.945
0.186
0.639
2.032
2.083
0.327
0.542
1.533
1.873
3.231
3.351
3.211
3.242
1.943
0.131
0.854
10.007
10.632
2.155
0.936
4.678
4.938
1.857
2.787
2.808
2.926
2.989
3.835
4.057
6.530
6.571
2.446
5.732
5.835
3.025
3.034
1.883
1.896
1.732
1.253
0.386
0.714
3.258
7.502
7.656
13.523
14.171
4.470
6.344
6.508
6.175
8.147
8.407
4.469
3.695
3.898
3.898
5.175
5.604
1.785
1.288
2.768
2.859
2.181
2.198
2.017
1.486
1.486
5.898
6.017
8.062
8.107
15.553
19.084
13.548
6.198
5.350
4.955
4.954
2.604
2.645
2.584
15.426
17.598
12.527
6.134
6.739
12.593
13.676
33.629
35.445
11.713
9.592
5.483
19.027
20.492
5.920
6.078
3.759
2.986
2.940
2.940
1.739
2.726
2.726
4.288
16.611
16.926
9.318
4.260
5.590
5.595
2.128
11.014
12.363
4.460
4.521
2.717
2.251
5.148
17.259
17.330
10.933
8.164
3.491
5.818
5.851
6.877
6.982
3.211
3.182
1.434
1.425
0.532
2.441
2.745
2.968
3.325
4.735
4.754
7.737
8.132
5.142
5.589
5.868
4.489
4.038
3.703
2.234
2.251
2.092
7.195
7.268
13.480
13.493
4.253
4.266
1.723
1.323
1.332
0.490
1.375
2.659
2.865
2.509
6.113
6.306
4.893
4.794
4.820
2.752
2.792
2.508
5.674
5.733
4.569
2.425
2.877
3.040
2.541
1.344
1.164
1.200
1.311
3.021
3.083
0.812
0.771
0.573
1.330
1.379
1.519
2.496
2.603
2.430
2.373
2.614
5.243
16.576
16.637
1.341
1.271
1.347
2.485
2.486
1.178
1.224
0.919
0.977
0.658
0.528
0.805
1.683
1.758
1.470
0.890
1.413
1.493
1.194
1.243
2.164
2.255
2.398
2.475
2.487
2.888
3.015
2.983
2.370
2.469
2.125
2.178
1.459
1.710
1.923
2.334
2.466
2.157
1.783
1.847
1.598
1.817
1.892
2.114
3.085
3.238
1.861
1.684
1.701
0.731
1.129
1.219
1.182
1.172
0.867
0.815
1.802
1.919
1.703
1.261
0.644
0.003
0.003
0.034
0.034
0.223
2.703
2.816
2.569
2.500
2.204
2.169
2.494
2.640
2.642
1.881
2.365
2.501
2.508
0.061
3.815
9.078
9.149
2.074
1.990
1.965
2.034
1.381
1.942
2.214
2.247
2.268
3.730
3.875
2.653
4.068
4.181
3.413
3.073
2.603
1.459
1.687
1.757
1.757
1.095
1.129
3.231
3.397
2.798
1.870
2.379
4.937
4.997
2.996
3.112
2.675
0.394
2.889
4.864
5.011
3.223
0.528
2.211
3.587
3.669
2.015
1.915
1.993
0.991
4.968
5.071
2.627
2.730
3.104
3.239
2.951
3.544
3.621
4.662
4.777
3.469
3.611
3.366
3.688
3.787
3.169
3.215
1.118
0.481
6.936
7.055
6.878
4.235
4.382
5.122
5.304
4.704
1.930
1.144
1.081
3.414
4.114
4.121
2.656
0.145
1.494
1.497
0.885
1.783
1.882
1.904
4.125
4.132
1.678
1.681
0.731
2.293
2.294
1.573
1.589
3.872
4.104
2.855
1.994
2.018
1.556
1.575
1.596
5.266
5.290
4.171
2.941
2.965
1.296
1.342
2.087
2.184
2.028
2.090
1.970
1.316
2.098
2.131
4.043
5.189
5.983
5.913
2.814
2.500
3.275
4.064
4.673
4.706
4.365
4.024
4.055
1.779
1.003
3.248
3.279
3.734
8.669
8.834
7.215
7.820
7.836
4.779
22.354
22.385
25.059
27.542
5.581
5.627
13.049
16.137
8.467
3.765
3.931
3.941
3.181
14.415
58.580
63.060
31.864
18.109
15.642
9.726
15.074
22.913
46.944
48.814
12.359
2.112
8.537
8.791
17.902
18.736
5.887
10.909
12.217
1.154
1.130
1.645
1.651
1.574
1.574
0.958
1.645
3.443
7.833
7.839
1.343
1.343
2.721
2.723
1.482
2.262
2.910
2.929
4.266
4.448
3.805
8.977
12.827
22.383
22.486
9.468
11.723
11.784
2.491
9.975
12.660
12.808
1.676
1.577
3.241
4.022
4.026
3.275
3.279
1.565
1.569
4.765
6.376
10.249
10.249
1.307
2.512
2.611
4.186
5.015
5.107
2.392
5.117
5.499
3.819
7.949
8.275
2.471
2.240
4.360
4.481
2.582
3.284
4.870
4.920
4.117
4.208
4.927
5.031
4.170
4.373
6.192
6.344
3.082
3.076
3.131
2.747
2.803
0.845
1.046
1.069
0.970
0.354
0.375
1.107
1.249
1.307
2.359
2.588
2.638
1.921
1.015
2.318
2.693
2.863
1.753
1.956
10.406
10.425
0.134
1.670
2.944
2.981
2.683
2.760
2.570
2.508
2.445
2.570
2.627
1.384
1.988
2.051
2.633
2.757
2.908
3.365
3.525
2.398
1.285
2.068
2.132
3.468
3.616
3.617
2.359
3.154
3.265
3.315
3.124
4.200
4.343
2.678
1.971
3.357
6.010
6.010
1.846
1.914
1.883
1.954
2.296
3.326
27.569
29.659
18.440
2.098
9.061
9.504
5.378
2.500
2.603
1.765
1.370
1.429
1.328
1.491
1.791
1.894
1.901
1.822
2.919
3.067
2.375
3.132
3.257
2.122
1.843
1.806
0.383
3.407
3.502
0.732
0.830
0.921
0.938
2.068
3.064
3.200
2.560
2.233
2.376
2.809
2.916
2.464
2.518
2.587
2.320
1.972
2.029
2.050
2.416
2.472
2.426
3.395
3.484
1.662
1.743
5.402
5.577
3.147
3.088
3.127
3.234
2.548
0.167
0.027
0.257
0.285
0.725
1.199
3.188
3.322
3.072
3.314
4.079
4.231
3.304
3.409
3.303
7.059
7.323
6.785
2.797
2.485
2.994
3.138
1.025
1.528
8.352
8.659
6.655
3.150
1.991
2.315
2.585
3.003
3.623
3.746
2.449
2.549
3.732
3.937
4.075
1.637
1.735
11.415
11.540
6.057
3.755
2.220
0.861
2.349
31.745
32.388
9.956
0.163
0.403
0.767
3.324
3.694
3.694
0.711
2.636
2.731
2.401
1.852
1.926
1.970
1.732
2.065
2.445
2.462
0.675
1.199
2.671
2.750
0.844
0.517
1.911
2.820
2.820
1.005
1.014
1.822
1.822
0.963
0.963
0.926
0.828
0.833
0.721
2.233
11.301
11.386
2.630
2.056
1.961
0.349
0.605
4.440
4.440
0.537
2.905
2.909
1.035
1.182
6.134
6.140
4.200
12.884
13.196
2.244
0.919
20.570
22.173
2.370
1.090
9.251
9.266
7.270
7.662
3.593
3.601
1.635
1.036
7.677
9.688
7.255
4.299
2.380
1.958
1.758
0.983
2.449
5.643
5.742
13.066
13.089
3.447
3.332
3.923
9.704
9.827
8.575
6.318
6.464
11.707
12.160
9.155
5.214
9.458
9.483
5.840
8.020
13.908
15.056
4.515
9.967
21.250
22.481
9.462
13.204
15.557
14.400
12.268
19.412
19.472
13.619
14.586
11.409
11.581
6.117
12.440
12.963
5.853
3.432
5.253
9.888
13.474
13.611
5.463
15.339
15.356
4.841
8.228
8.947
8.513
8.890
9.038
16.394
16.588
21.218
21.241
5.674
13.349
14.928
10.253
6.204
6.261
3.564
8.610
9.511
10.663
8.502
2.988
3.091
34.247
34.510
42.287
90.870
94.475
30.661
0.548
4.172
4.172
0.330
0.137
1.214
1.220
0.181
0.093
0.143
0.149
0.037
2.790
2.883
1.800
2.522
2.628
2.130
1.961
1.457
0.959
0.959
5.785
18.538
18.668
1.457
3.798
4.013
4.745
4.854
1.026
0.668
0.585
1.094
2.097
2.580
2.674
2.387
0.999
0.788
0.626
0.479
0.487
1.162
4.243
4.262
2.044
0.404
1.237
1.245
1.230
1.739
1.810
1.384
1.648
1.671
3.304
3.343
0.015
0.018
0.363
0.952
1.570
1.607
1.713
2.843
3.251
3.251
0.005
0.030
0.297
1.800
2.859
5.432
5.499
1.652
1.398
0.968
0.925
1.279
2.412
2.538
2.060
1.908
1.815
1.849
1.631
2.010
2.100
1.451
1.160
1.184
0.408
0.318
1.512
3.182
3.338
3.117
3.150
1.000
0.027
1.053
1.841
1.841
0.585
0.185
0.425
2.581
2.695
2.090
1.625
1.665
0.782
0.791
0.445
0.571
1.575
1.665
1.531
0.139
0.226
1.563
1.634
1.241
3.990
4.075
2.357
2.385
0.437
1.721
2.192
2.193
0.640
1.238
1.274
0.631
0.672
0.890
1.464
1.583
1.692
1.575
0.911
1.103
1.581
2.298
4.788
4.891
2.101
2.161
2.811
2.939
3.628
4.140
3.548
0.738
0.738
0.388
0.305
0.231
0.188
0.481
0.610
0.650
0.977
1.021
1.935
2.109
2.266
2.968
2.968
1.235
4.508
4.660
3.684
3.057
3.155
2.617
1.291
1.291
0.572
1.007
1.012
1.364
2.261
2.401
2.366
2.842
2.913
1.892
1.139
0.689
1.108
1.655
1.691
0.663
1.423
1.508
2.526
2.735
4.615
4.777
6.871
6.992
2.324
0.877
0.781
0.790
1.569
2.692
2.789
2.454
1.901
1.827
1.553
5.829
6.642
5.751
0.367
0.372
0.321
1.533
2.663
2.766
1.236
1.137
0.942
0.852
0.411
0.529
1.692
4.035
4.147
2.548
2.079
2.539
4.446
6.617
6.688
4.647
2.556
1.249
2.801
2.862
3.561
9.310
9.616
8.166
3.806
3.818
3.320
6.182
6.264
2.740
1.874
1.874
4.634
4.643
4.745
4.982
4.532
9.261
9.322
2.495
3.973
3.985
6.598
6.656
7.240
7.278
2.617
6.954
7.027
0.543
0.592
0.988
2.927
2.931
1.528
7.410
8.040
8.099
2.739
3.146
3.202
2.088
2.861
6.439
6.481
5.764
6.839
19.342
23.303
15.256
4.977
19.129
20.389
13.519
3.087
3.183
7.523
35.407
35.510
5.935
5.077
2.469
2.671
2.895
9.239
58.892
59.134
5.048
0.656
0.512
2.890
3.247
12.445
12.468
4.277
4.277
3.402
7.385
7.909
20.412
20.993
10.171
7.731
4.893
5.094
5.227
2.522
3.046
3.046
5.050
5.063
2.155
2.155
2.964
4.285
4.374
6.674
7.768
22.298
22.311
9.259
4.355
11.560
11.693
4.456
4.190
7.477
7.983
7.016
7.338
13.197
13.462
6.895
2.629
6.131
6.181
5.202
2.942
6.079
8.354
8.367
2.833
1.703
1.925
3.827
7.154
7.241
3.519
3.041
2.303
1.777
0.866
1.954
4.514
4.514
1.768
1.851
2.021
2.021
1.710
3.465
7.071
7.083
3.657
2.201
1.431
0.901
2.257
2.315
5.471
5.539
5.129
5.207
3.353
3.232
2.033
2.435
3.252
3.398
2.960
2.300
1.596
3.456
4.001
29.668
75.638
80.828
12.151
1.146
1.538
1.556
0.716
0.784
0.668
0.344
0.573
1.292
1.465
1.477
0.989
1.166
1.741
1.809
3.025
3.080
2.194
1.680
1.532
1.616
0.751
0.793
0.276
0.999
2.280
2.361
1.907
2.447
3.020
3.059
1.046
1.054
1.825
2.625
3.217
3.323
1.619
0.538
0.118
0.312
0.611
0.956
0.992
1.263
1.763
1.941
2.039
2.134
1.662
1.650
0.871
1.454
1.911
2.033
1.055
0.002
0.010
0.311
1.510
1.591
1.407
1.209
0.825
1.183
1.996
2.095
1.535
1.287
1.825
1.825
1.365
0.575
0.964
1.711
1.850
1.941
1.129
0.725
1.115
1.385
1.851
3.368
3.875
4.045
3.647
3.784
2.710
1.536
2.743
2.888
2.690
2.791
2.197
1.929
2.167
2.256
2.849
2.968
2.557
0.883
1.677
9.317
10.089
6.315
3.103
3.535
3.727
3.677
3.155
3.288
2.245
2.809
3.440
3.564
3.155
2.890
2.295
2.954
3.026
2.401
2.441
1.784
1.671
1.897
1.962
2.082
2.245
2.304
1.637
1.239
1.845
3.317
3.424
2.420
2.541
2.353
2.992
3.108
2.870
2.384
3.350
3.498
8.944
9.057
3.370
3.231
2.329
2.878
3.026
3.134
2.160
1.923
14.136
14.258
2.594
1.330
1.368
1.373
0.114
0.101
0.447
1.597
1.670
1.915
1.990
1.736
1.545
1.045
1.384
3.894
3.941
2.748
2.748
0.306
0.917
5.082
5.216
2.559
2.345
0.442
1.456
1.501
2.701
5.152
8.412
8.455
3.314
3.776
5.021
5.231
4.197
2.567
2.075
2.075
0.192
0.906
3.193
3.238
1.653
6.210
6.213
0.272
0.459
0.589
1.104
1.894
3.453
3.547
5.007
28.997
31.128
8.415
10.020
10.066
3.640
4.835
23.690
24.148
20.344
2.505
3.026
3.066
3.798
3.873
0.830
1.308
2.651
7.268
8.726
8.767
5.925
8.513
9.919
9.078
4.144
5.493
5.556
1.729
3.925
7.280
7.360
7.297
36.940
41.200
37.989
10.167
9.113
9.689
7.891
7.481
7.504
3.539
3.903
3.967
8.051
8.094
7.845
24.641
26.024
16.526
6.870
5.779
7.286
7.291
3.602
7.093
7.656
5.474
1.735
6.119
6.119
4.702
5.109
5.114
2.486
4.371
4.384
2.804
2.842
1.872
2.864
2.933
19.326
20.942
14.186
12.292
12.632
1.935
9.393
12.379
12.773
6.438
7.612
7.689
6.615
2.959
2.999
3.811
3.833
3.299
3.308
5.202
5.781
6.710
6.860
2.487
2.130
1.898
1.337
3.543
6.728
7.018
6.597
32.618
33.077
13.416
4.191
1.430
4.453
9.225
25.170
26.988
10.031
11.067
11.467
2.642
0.531
2.729
5.190
5.446
5.122
5.577
5.577
4.422
13.791
14.097
6.489
1.911
1.992
1.218
1.305
1.655
1.736
1.218
0.608
0.277
0.280
0.717
0.717
0.639
0.455
0.498
3.763
3.812
3.587
4.495
3.471
1.277
1.309
0.397
0.728
0.733
1.034
1.083
1.633
4.072
4.647
4.771
3.348
3.450
1.856
1.219
0.283
0.003
0.784
0.813
1.129
1.145
0.400
0.726
2.389
2.472
0.838
1.411
1.415
0.405
1.363
3.702
3.784
1.702
0.756
0.815
2.689
4.065
4.298
2.668
2.772
2.310
3.007
3.152
2.326
1.912
2.599
2.685
2.530
2.399
1.887
0.565
0.993
1.384
1.438
1.175
2.072
2.101
1.862
1.761
1.678
1.070
1.089
1.071
0.641
0.305
0.356
0.460
1.093
1.168
0.461
0.009
0.737
1.598
1.684
1.914
1.992
1.671
0.994
17.010
17.652
5.918
3.582
3.078
3.149
1.300
2.353
2.844
2.950
1.578
0.963
1.658
1.968
2.157
2.239
1.950
1.962
1.660
1.705
1.641
2.278
2.723
3.113
3.185
1.024
0.561
0.536
0.551
0.310
0.378
1.007
2.082
2.661
2.770
2.424
2.466
2.334
1.603
1.257
0.940
1.160
1.906
1.987
1.520
1.916
3.708
4.103
2.530
3.820
3.864
6.656
7.066
4.931
1.482
1.591
7.449
7.611
2.976
2.704
2.818
2.774
1.892
2.101
4.383
4.534
3.351
3.459
1.933
1.573
1.334
1.496
2.521
4.368
4.462
4.166
3.458
3.559
1.593
2.555
3.205
5.817
6.007
3.821
6.317
6.373
1.317
2.390
3.614
3.707
3.229
3.959
4.072
3.074
2.044
2.086
2.912
2.994
2.377
3.271
3.298
2.569
1.960
8.016
8.238
6.587
3.665
3.713
5.923
5.955
3.725
3.826
5.080
5.083
2.801
12.926
12.993
5.270
2.197
2.346
1.436
1.528
2.377
3.475
5.833
5.859
1.302
1.250
2.710
6.661
8.950
9.166
0.979
0.757
1.506
7.844
7.985
3.507
1.964
1.546
4.509
4.567
2.579
2.377
7.813
9.070
7.225
4.583
4.591
7.406
7.478
4.997
4.954
5.671
8.797
9.113
6.180
5.030
5.098
3.396
3.943
6.614
6.619
2.241
2.241
2.848
3.787
3.830
5.447
5.945
7.305
8.114
4.727
5.157
5.157
1.218
2.380
2.385
2.085
3.059
3.059
4.432
4.430
1.201
1.494
1.494
1.065
1.481
2.550
2.550
3.623
4.500
4.565
3.238
1.818
13.784
14.192
6.489
3.812
2.160
7.023
16.943
17.482
1.148
1.555
16.185
18.945
16.005
18.428
13.429
15.620
15.629
5.985
6.016
8.288
8.343
1.759
1.606
2.162
2.168
2.205
2.205
1.160
1.496
5.357
6.096
3.683
3.597
3.604
25.286
28.749
20.278
8.752
9.052
14.781
18.079
18.140
2.571
7.598
8.044
9.327
12.967
13.040
2.388
2.395
1.804
2.634
8.302
26.693
27.013
4.059
4.103
4.165
10.056
10.130
7.942
6.071
4.134
2.371
1.329
2.786
2.891
1.518
1.153
1.159
2.141
2.147
2.092
1.119
0.958
1.807
1.822
1.807
4.949
5.005
4.145
5.797
5.871
28.614
29.121
5.706
3.553
15.625
15.733
3.958
1.839
1.076
1.407
1.463
0.905
1.623
1.657
1.088
1.088
1.105
1.122
1.099
1.105
2.819
2.841
2.437
2.443
1.002
0.900
2.602
2.740
1.330
2.374
2.998
3.118
1.619
1.537
2.144
2.239
1.903
1.989
1.424
1.109
0.002
0.285
0.523
1.251
1.289
0.436
0.182
0.628
1.316
1.439
1.379
0.001
0.885
2.468
2.572
1.757
1.814
1.546
1.639
1.396
1.521
1.636
1.775
1.912
2.397
2.472
1.705
1.766
1.612
1.100
1.375
2.201
2.295
2.267
1.522
1.938
1.967
1.297
0.267
0.019
0.412
1.047
1.202
1.527
1.906
1.967
1.813
2.176
2.227
0.344
0.844
1.203
1.218
0.464
0.622
0.627
0.610
0.320
0.008
0.008
0.683
1.126
5.430
9.095
9.211
6.383
6.540
10.371
10.484
3.005
3.058
2.665
2.318
1.747
4.238
13.580
13.715
3.142
2.333
1.295
0.606
1.026
1.691
2.107
2.277
3.807
8.199
8.316
3.014
6.562
6.957
6.863
0.785
0.795
0.718
1.183
3.247
3.316
2.098
2.523
2.586
1.963
2.401
5.014
5.118
2.713
2.833
1.436
4.803
5.055
3.550
3.493
3.711
2.741
1.710
1.971
2.003
1.890
1.923
2.543
2.705
4.010
4.033
0.929
0.929
0.115
0.134
2.370
2.437
4.953
6.632
6.711
3.196
3.240
2.995
2.031
1.859
1.877
3.137
5.921
6.026
2.662
0.279
0.336
0.703
1.622
4.392
4.428
4.154
3.038
3.038
0.561
0.478
0.537
0.957
4.906
4.906
1.147
1.113
2.491
2.501
1.406
5.491
8.030
8.126
3.003
10.277
10.459
1.683
2.143
7.127
7.127
1.123
1.757
2.531
2.824
2.939
5.532
5.838
2.317
1.071
1.164
1.166
3.091
4.232
18.287
18.437
10.357
5.025
3.520
1.180
4.787
4.826
4.304
5.478
5.501
2.159
3.545
3.902
3.908
3.475
2.529
2.998
7.448
7.463
2.688
2.088
2.890
2.890
5.032
5.530
5.650
2.839
6.520
7.174
6.361
3.088
5.361
5.736
5.520
2.247
6.303
6.321
1.813
1.203
2.420
2.431
3.367
6.162
44.753
47.076
5.139
6.711
12.757
12.968
4.915
11.238
11.264
8.402
5.639
3.882
3.908
14.389
15.712
4.388
0.730
3.888
17.764
20.140
31.193
33.667
32.660
22.462
3.237
18.008
18.751
19.699
13.113
5.691
5.777
5.508
10.132
11.151
4.359
1.332
1.530
1.530
1.173
4.373
18.425
19.878
9.538
9.572
4.562
1.868
1.786
2.969
3.036
17.508
18.768
19.473
11.329
4.460
2.061
0.647
2.790
2.795
2.385
2.385
1.236
0.874
1.565
1.568
4.901
5.447
5.476
1.841
0.881
0.575
1.437
1.787
2.195
2.205
2.060
1.851
2.272
2.327
2.323
3.201
3.214
0.762
3.400
3.686
3.792
20.677
28.685
29.061
9.403
1.864
1.536
0.819
0.447
0.561
0.998
1.126
1.151
2.309
2.621
5.061
5.138
2.336
1.905
2.089
2.167
0.813
1.417
1.442
8.514
8.748
2.368
2.048
2.755
2.883
3.029
3.129
2.409
1.969
3.024
3.160
2.568
2.686
2.211
2.072
2.133
1.988
0.706
1.713
1.828
0.905
1.299
1.349
2.028
2.099
1.467
4.655
4.802
1.414
1.762
1.838
0.916
3.151
3.331
1.499
0.401
0.407
0.738
2.435
2.526
1.042
0.464
1.045
1.308
1.527
1.527
1.315
1.711
2.406
2.588
2.666
2.316
1.747
1.747
1.416
1.479
0.901
0.258
0.457
0.910
1.231
1.380
2.596
2.684
2.344
1.323
0.878
1.636
1.665
1.295
1.843
1.898
1.635
1.546
23.042
24.379
2.431
2.621
2.769
1.896
0.756
1.897
1.979
1.799
2.342
2.756
2.856
2.618
2.722
0.441
0.041
0.001
0.001
0.002
0.359
0.823
2.175
2.280
2.173
1.562
1.658
2.104
4.221
11.669
11.747
9.198
12.649
12.739
2.946
2.913
3.014
1.111
2.092
2.177
2.074
2.397
3.320
3.670
4.108
4.331
3.035
0.680
1.084
2.026
27.693
27.988
2.460
0.859
1.107
3.093
3.215
2.921
2.357
1.374
1.483
2.459
3.253
3.392
3.311
2.108
2.939
3.066
2.084
3.081
3.221
2.980
3.017
0.952
1.750
3.093
3.218
2.408
2.792
2.913
1.206
0.362
0.334
2.547
2.570
2.890
2.909
0.517
2.763
2.976
3.129
2.376
2.453
2.771
3.028
3.279
3.305
2.206
2.231
2.365
1.550
1.827
1.869
0.611
4.261
4.463
3.690
3.709
1.116
2.285
2.511
1.878
1.908
0.740
0.393
0.888
0.888
0.852
8.083
8.109
3.322
3.531
3.538
2.205
5.530
5.583
2.312
2.424
2.359
4.000
4.112
5.145
5.188
1.470
3.094
3.479
4.711
4.877
4.610
5.352
5.366
2.488
2.488
4.048
5.853
6.041
2.459
2.566
1.338
1.348
1.129
1.001
1.860
2.340
4.053
5.473
5.498
4.043
7.035
7.065
2.678
15.525
16.127
18.815
18.330
19.310
11.042
11.235
6.353
4.720
4.872
4.902
4.745
16.971
26.391
26.906
6.181
9.951
40.157
40.572
14.868
8.733
13.252
13.300
17.959
18.063
14.262
5.504
14.934
31.883
32.111
17.662
10.835
9.831
9.907
22.190
22.799
2.977
3.282
5.303
21.054
21.857
14.138
14.899
7.318
2.790
2.790
1.814
3.766
3.773
11.590
12.435
11.084
6.620
11.105
11.210
2.212
0.763
0.767
2.302
10.109
10.185
9.799
9.980
2.803
1.306
3.222
4.442
7.912
8.069
54.787
55.559
4.299
3.560
3.327
1.878
5.086
5.186
4.876
2.626
2.655
1.435
6.287
10.295
10.434
3.703
6.731
6.863
6.534
3.960
1.607
1.281
2.191
6.011
6.045
4.802
5.238
5.283
3.983
2.888
2.630
2.263
3.309
3.369
1.804
1.489
6.791
7.303
6.329
1.687
1.387
2.482
3.752
3.824
2.297
1.950
1.976
0.900
0.830
1.028
1.032
6.328
52.211
52.456
2.143
2.090
0.957
0.848
1.383
1.396
0.632
2.042
3.017
3.140
1.928
1.981
4.550
13.614
34.390
35.374
13.412
2.389
0.870
0.575
0.755
0.757
1.090
1.090
0.264
1.538
1.689
2.877
3.015
2.304
2.252
2.846
2.920
0.880
0.532
2.629
3.389
3.545
3.013
2.912
1.372
1.372
0.823
1.018
1.062
1.716
2.300
2.551
2.661
2.112
1.556
1.090
1.772
1.993
2.138
1.524
1.447
0.831
1.076
1.154
1.654
1.694
0.613
1.302
1.352
1.361
4.306
4.379
1.506
1.549
0.978
0.802
1.241
1.801
2.767
2.846
1.835
15.172
16.677
12.918
0.826
1.682
1.803
1.840
2.066
2.136
1.822
1.924
1.697
0.771
0.771
0.023
1.065
1.108
2.415
2.478
0.487
0.297
0.876
3.230
3.334
0.889
2.194
2.823
10.434
10.789
8.441
2.989
3.106
2.693
2.274
2.815
3.766
3.897
2.785
2.916
2.514
3.146
3.279
2.439
0.606
1.496
1.782
2.059
2.061
2.400
2.402
1.598
1.063
0.603
4.599
4.725
3.341
1.349
1.837
1.884
1.142
0.674
0.557
1.856
1.982
2.417
2.522
2.067
2.150
1.728
2.669
3.941
4.081
3.271
0.054
3.904
3.909
2.732
2.815
1.871
1.387
1.405
0.269
0.616
0.670
2.298
2.368
1.401
1.344
2.468
2.559
2.615
2.368
2.470
1.777
1.835
3.346
3.396
5.990
6.175
1.192
1.539
1.886
3.306
3.307
4.672
4.674
2.885
1.559
1.726
5.504
5.592
4.023
3.249
3.864
3.864
0.519
4.135
6.213
6.270
4.698
3.607
2.581
2.397
3.682
3.722
1.733
2.806
2.912
1.619
2.681
2.798
2.555
1.027
1.031
0.702
8.771
9.030
4.162
1.599
1.619
1.576
2.026
3.790
5.534
7.247
7.258
16.092
16.116
7.866
8.732
7.403
4.527
2.877
2.720
3.939
4.111
2.979
3.128
3.488
3.548
5.538
5.598
2.461
6.928
7.055
4.058
5.477
5.828
5.920
9.679
10.486
7.269
2.812
5.869
8.662
10.451
10.176
10.202
11.324
11.410
5.719
5.748
2.582
1.160
1.014
2.334
6.765
6.894
5.398
5.723
3.699
15.328
19.628
43.188
45.942
23.713
38.428
39.692
24.646
5.490
11.624
12.415
4.453
17.549
17.616
7.649
7.704
7.103
7.177
2.846
10.605
11.525
6.447
6.876
9.691
9.875
3.962
3.429
3.973
4.010
3.859
3.305
4.747
4.753
4.882
5.219
5.383
5.411
1.624
2.540
2.544
2.622
2.622
5.824
5.833
3.888
7.130
7.155
3.567
0.519
3.268
3.365
2.071
1.694
2.839
3.305
3.337
5.899
8.572
8.708
2.869
4.607
4.731
3.072
1.738
1.101
1.828
3.464
3.480
6.933
6.933
0.550
0.490
3.785
3.785
3.031
3.400
3.408
2.891
2.918
1.335
1.821
2.081
2.703
2.907
1.395
5.919
15.437
15.581
1.597
2.487
2.790
4.066
4.118
2.187
22.784
22.812
3.327
1.220
2.502
2.521
1.131
8.082
8.258
1.915
0.544
0.837
1.610
1.761
2.125
3.448
3.621
3.219
3.287
1.773
1.810
2.048
2.234
2.808
2.904
2.777
2.467
2.338
2.152
2.240
1.734
1.794
1.983
2.082
2.421
2.524
2.608
2.772
2.775
1.592
1.384
1.225
6.431
6.680
1.907
1.515
1.518
3.564
3.567
0.838
1.032
1.040
0.613
0.331
1.861
2.596
2.696
0.636
0.603
0.676
0.697
0.445
0.473
0.749
0.749
0.074
1.254
1.254
1.124
1.124
0.802
0.032
0.002
1.176
4.121
4.241
2.110
2.522
2.647
3.137
3.262
2.023
0.309
0.002
0.007
1.505
1.988
2.055
2.012
2.017
1.704
2.027
2.065
3.124
3.225
3.469
3.607
1.507
0.534
1.302
1.523
2.679
5.239
5.457
3.741
2.584
3.256
4.752
19.060
19.071
1.537
2.770
2.899
6.678
6.831
5.035
23.875
24.759
6.384
2.353
2.602
2.679
2.638
2.644
2.736
2.209
1.395
1.331
1.940
2.047
1.694
5.761
5.959
6.536
6.612
2.686
2.639
6.493
7.775
7.904
1.812
2.666
2.813
2.909
3.018
1.870
1.944
1.003
1.778
1.876
1.392
2.037
2.554
2.613
3.186
5.969
6.045
1.617
0.194
0.296
0.752
0.787
1.909
7.719
7.748
2.586
3.325
3.461
7.144
7.230
1.624
1.762
2.952
3.083
3.212
3.341
2.582
2.216
2.292
1.714
0.794
1.322
3.324
3.416
3.265
3.359
2.079
2.106
0.844
1.697
1.752
1.816
1.879
1.972
2.121
2.532
2.573
1.054
1.115
1.524
2.938
3.598
4.105
4.564
4.590
4.940
5.014
4.799
3.736
3.751
4.028
4.110
2.974
1.350
3.142
6.494
6.642
3.594
3.651
2.621
2.620
3.151
3.263
3.251
2.072
2.081
1.360
2.170
2.393
2.585
0.926
1.202
1.650
1.665
0.814
1.217
3.064
3.226
2.565
2.443
3.426
3.442
2.432
2.015
2.337
2.421
2.532
2.637
1.321
1.338
0.799
0.716
4.464
9.116
10.182
4.075
4.064
4.281
5.730
30.120
30.375
4.802
0.444
0.955
2.554
2.587
2.487
2.921
2.948
1.283
3.345
3.345
3.176
1.283
1.617
9.320
20.352
20.909
11.446
11.488
5.773
14.367
16.556
12.776
3.578
3.759
29.248
31.279
5.529
1.861
2.364
2.895
2.926
2.020
2.025
1.649
1.076
0.694
0.894
5.142
9.045
9.050
5.611
9.710
18.645
18.669
10.776
10.786
6.046
5.022
2.081
3.042
5.486
5.845
6.199
7.323
8.662
9.035
6.739
5.692
9.098
22.084
22.103
3.903
3.004
1.674
0.435
0.923
2.937
2.962
1.607
1.195
3.821
7.410
7.606
1.729
1.729
2.070
2.072
1.217
1.504
1.506
2.368
2.372
1.994
3.544
3.668
3.094
1.751
11.515
11.598
2.661
2.202
2.287
1.579
1.992
2.008
1.270
0.813
0.851
2.149
12.506
12.630
8.267
3.334
2.355
2.392
0.979
0.969
0.636
0.649
0.832
0.883
1.454
1.482
0.700
0.754
1.404
25.420
25.753
12.374
1.276
0.361
1.088
3.059
3.141
1.161
3.201
3.398
3.375
2.858
2.954
1.654
1.802
1.860
1.588
1.522
1.549
1.063
0.689
0.911
1.094
1.099
0.698
1.396
1.499
1.869
1.937
1.295
1.288
1.142
2.180
2.493
2.611
2.041
2.109
2.106
2.020
2.032
2.067
2.159
1.976
1.754
2.167
2.280
1.151
2.375
2.477
1.462
1.642
1.732
2.046
2.135
1.432
1.591
1.629
1.205
1.749
2.332
2.411
2.366
2.075
2.144
2.161
2.024
0.593
0.349
1.722
1.794
1.002
0.765
0.848
0.865
0.550
1.354
1.406
1.723
1.857
2.032
2.120
1.806
1.986
2.801
3.553
3.696
1.504
1.293
2.106
2.177
1.846
1.917
2.075
2.300
2.384
2.136
2.097
0.810
0.801
0.199
0.200
0.100
0.075
0.348
0.916
3.333
3.465
2.757
0.002
0.509
1.377
2.697
2.738
1.299
0.277
0.532
2.816
6.491
6.755
1.942
0.913
0.256
1.119
1.151
1.120
1.494
1.494
2.141
2.572
3.294
3.398
2.144
2.492
2.608
2.534
4.313
4.418
2.563
2.044
1.599
27.472
29.556
17.079
2.613
2.789
15.314
15.482
4.679
4.786
1.714
1.810
3.010
3.315
3.449
2.252
2.173
3.486
3.569
1.702
1.922
1.932
0.291
2.661
5.173
5.218
2.042
2.753
3.157
3.215
1.020
0.801
2.939
2.976
2.476
2.559
1.356
1.095
0.906
1.483
22.260
24.539
11.347
1.753
2.191
2.210
1.529
1.550
2.942
2.957
0.294
0.003
0.011
0.384
2.499
3.768
3.820
1.214
1.051
1.003
0.695
1.017
6.145
6.194
4.438
5.573
5.575
0.393
0.393
0.282
1.573
4.028
4.034
4.116
4.144
1.199
2.010
2.454
2.476
3.983
8.045
8.450
5.442
4.489
4.373
5.779
5.804
6.414
6.439
5.267
3.446
3.205
3.285
22.688
22.709
6.727
6.774
2.756
2.773
2.633
2.329
1.655
1.685
6.727
6.748
1.812
2.295
7.388
11.046
17.146
26.211
26.363
10.648
7.379
7.461
4.303
1.028
1.683
7.975
8.559
3.822
2.895
6.930
6.930
3.935
3.977
4.971
5.059
4.269
4.583
3.755
2.243
11.918
13.923
9.353
2.373
4.946
10.790
13.648
14.362
8.534
3.121
1.308
1.867
1.867
1.601
3.530
3.684
3.748
3.283
2.913
2.173
6.152
6.180
2.669
1.540
0.752
1.343
1.891
2.415
2.415
0.624
0.792
2.811
2.811
1.478
0.916
3.286
4.937
8.189
32.231
32.969
5.236
2.854
3.158
3.160
2.431
2.431
1.335
0.909
0.279
0.471
4.276
6.065
31.478
31.694
17.283
17.901
7.115
1.140
2.647
3.097
3.100
1.969
9.879
9.879
7.905
12.589
15.641
16.341
14.933
13.919
1.350
0.768
0.318
0.426
0.430
0.628
3.203
3.278
2.907
0.637
2.431
2.490
1.433
2.154
2.177
3.059
3.106
1.293
1.815
1.829
1.801
0.586
0.596
1.133
4.864
4.948
1.416
0.582
0.400
0.649
1.142
1.155
1.857
1.903
0.232
1.226
2.228
2.478
3.349
3.409
2.779
2.856
1.775
2.426
2.912
3.059
2.501
2.091
2.346
3.213
3.379
2.882
3.016
2.902
2.825
1.704
3.311
3.841
3.940
3.544
3.206
1.812
1.914
1.213
1.604
1.753
1.819
0.943
0.619
1.788
2.167
2.613
2.795
2.921
2.956
11.907
12.095
2.715
1.219
0.533
0.771
0.940
1.599
1.687
1.418
2.065
2.135
2.131
1.735
1.320
2.338
2.480
1.986
0.593
0.726
0.745
0.835
0.876
0.461
0.151
1.806
1.873
1.876
1.983
1.797
2.105
2.156
2.276
2.418
2.467
2.461
2.176
2.273
0.958
0.934
1.261
2.096
2.301
2.345
1.404
1.396
1.701
1.772
1.312
1.322
3.118
3.161
1.494
0.137
0.577
3.091
3.138
7.595
7.658
2.360
1.489
1.274
12.809
12.978
5.757
20.104
20.164
2.974
3.066
2.941
2.469
1.940
1.158
1.683
2.189
3.701
14.425
14.495
2.432
3.088
11.362
11.541
2.711
2.250
2.964
3.554
3.660
2.650
2.748
2.835
2.932
2.900
4.825
6.629
6.749
3.736
2.032
0.010
0.001
1.508
2.138
2.218
1.022
1.458
2.312
2.609
2.609
0.342
0.076
0.145
0.147
0.502
1.469
1.469
0.927
2.058
2.059
1.350
1.667
3.350
3.487
2.915
2.889
1.324
0.867
0.389
0.301
0.724
1.068
1.069
2.055
2.116
2.778
2.829
17.476
18.254
9.112
5.504
0.825
0.008
0.070
0.069
0.593
0.765
0.768
6.844
6.844
0.349
1.776
3.383
3.468
4.418
4.515
4.323
1.586
18.434
18.477
0.375
4.243
5.529
5.537
5.473
6.097
6.415
1.974
2.313
5.021
5.021
1.486
0.824
2.305
2.436
1.944
1.742
4.360
4.365
3.725
3.817
2.662
4.052
9.481
9.544
4.197
2.301
4.163
5.800
6.392
21.186
21.263
6.223
6.531
7.311
7.344
4.072
4.211
4.250
4.120
2.026
5.564
5.573
2.517
1.449
2.297
3.709
3.763
3.110
4.225
4.225
2.206
3.307
3.307
9.395
14.223
19.959
20.315
19.256
6.750
6.842
9.422
9.454
16.689
38.676
41.508
19.744
20.996
21.841
23.604
17.991
14.931
15.104
24.225
25.527
11.126
19.086
21.062
11.695
1.409
1.414
1.130
1.130
0.951
2.062
2.062
6.039
10.460
10.777
10.465
21.323
21.498
18.840
7.963
8.417
6.308
0.563
1.140
4.445
5.670
5.694
2.710
4.932
5.088
4.020
5.273
5.391
4.959
5.201
5.969
11.687
30.757
39.754
42.534
15.006
12.545
14.867
14.934
1.114
1.127
1.383
2.708
2.744
1.855
4.137
4.137
4.509
4.514
1.190
0.723
8.058
16.052
16.663
4.950
3.759
3.809
2.286
1.030
1.049
0.762
1.824
1.856
1.145
1.726
5.627
8.176
14.318
15.555
3.470
3.691
0.953
0.497
1.469
1.488
2.439
2.560
3.504
3.564
2.667
2.755
1.841
0.482
0.479
0.628
0.730
0.958
1.221
1.604
1.756
1.964
1.433
0.384
1.177
1.497
1.942
3.261
3.323
1.612
1.980
3.154
3.204
0.651
0.357
0.561
0.921
1.252
1.306
2.999
3.127
1.753
0.227
0.375
0.394
0.373
0.110
0.110
0.682
2.744
2.857
2.871
3.976
3.986
1.128
1.164
2.328
2.472
2.407
3.429
3.520
2.486
2.426
2.613
2.740
2.630
2.702
1.432
1.522
1.554
0.902
0.716
0.599
0.775
0.797
0.521
0.544
0.561
1.065
1.765
2.009
2.203
2.308
2.268
2.395
2.336
2.779
2.880
0.623
1.860
2.711
2.810
2.543
1.725
1.767
1.429
1.003
1.441
4.046
4.251
3.463
3.000
4.040
7.787
7.921
5.569
5.690
2.432
2.563
3.366
3.734
3.866
2.855
1.694
2.598
2.710
2.247
2.332
2.446
3.547
3.684
2.634
2.227
2.635
2.743
2.255
1.887
1.270
1.685
6.189
6.359
2.763
0.402
0.847
2.234
2.606
3.543
3.705
3.058
0.991
0.744
1.036
1.359
5.862
6.007
3.023
0.984
1.648
1.718
1.355
1.041
2.267
2.360
3.439
3.576
2.889
2.281
2.075
3.731
3.824
2.606
2.712
2.473
3.588
3.722
3.265
2.842
2.948
4.231
4.311
3.047
2.542
3.684
3.749
3.591
4.784
4.811
9.208
9.252
1.927
1.992
1.387
1.882
7.688
8.104
8.244
1.675
1.925
2.807
2.928
1.426
1.700
1.700
1.529
1.243
1.287
1.304
2.438
2.798
2.921
1.814
3.404
3.531
2.785
4.725
6.892
7.070
5.171
5.269
5.292
2.384
2.551
2.587
2.413
7.412
7.418
4.873
2.199
2.237
2.373
2.631
3.554
3.586
3.328
3.496
3.526
1.889
3.143
3.152
4.410
4.460
7.713
7.783
6.867
6.893
3.791
6.080
9.115
9.197
4.112
2.699
1.793
2.035
5.711
6.311
12.746
12.980
7.638
7.661
7.124
10.781
11.023
7.195
5.390
4.816
5.014
3.385
5.558
6.047
6.125
2.774
9.584
9.696
15.450
16.839
6.021
9.282
10.887
9.174
3.062
2.282
1.777
3.507
5.232
6.530
9.878
11.762
12.504
15.722
16.335
13.699
7.837
11.741
11.883
26.104
27.424
17.892
4.853
10.136
10.179
1.928
1.924
3.071
3.722
7.886
8.342
6.247
6.471
6.292
4.818
14.627
14.637
2.323
4.628
6.295
7.842
10.040
10.268
39.004
41.734
15.956
5.957
23.632
24.319
2.143
1.715
2.375
2.399
7.586
8.194
10.137
22.027
22.503
8.094
3.227
2.131
1.666
3.668
5.211
5.282
2.893
1.401
1.278
1.718
1.730
1.995
3.132
5.869
6.044
2.589
2.596
1.873
3.435
3.442
1.614
1.195
3.700
3.719
3.448
2.802
1.885
1.169
13.954
15.645
14.102
0.153
0.882
0.884
0.930
2.621
2.812
2.782
1.649
2.063
2.113
1.723
1.200
2.613
2.615
1.014
1.723
1.859
2.197
2.212
0.702
1.654
2.570
2.669
1.471
1.402
1.495
4.291
4.393
1.517
1.665
1.759
0.935
0.587
1.090
3.911
4.006
0.473
0.007
0.002
0.079
0.123
0.471
1.203
2.053
2.117
1.821
1.356
1.024
1.038
2.040
3.130
3.306
2.586
2.019
2.115
1.799
1.605
1.658
0.989
0.162
0.277
0.618
0.672
0.612
1.028
1.072
0.496
0.328
0.434
0.470
2.011
2.856
2.941
2.149
2.261
2.359
1.707
1.653
0.346
0.014
0.308
1.179
2.218
2.291
2.661
2.819
2.727
2.734
1.255
1.311
1.681
2.763
3.253
3.320
0.396
1.437
2.681
2.776
2.578
2.507
2.538
2.627
2.740
2.045
1.843
1.320
0.789
0.421
0.708
0.906
0.916
1.213
1.213
0.016
0.024
0.200
1.589
1.701
2.609
2.725
2.624
2.323
3.168
3.173
2.099
1.725
1.363
1.842
2.204
2.283
2.171
2.171
2.371
2.869
2.902
0.568
1.995
2.592
2.955
3.057
2.534
2.589
2.648
3.425
3.428
3.403
6.328
6.538
3.915
4.063
3.137
3.143
0.487
0.853
1.317
1.448
1.488
2.312
2.382
2.579
2.676
2.775
2.264
0.399
0.401
0.648
0.896
2.190
3.125
3.146
3.353
3.623
3.763
3.521
2.738
5.204
7.372
7.445
2.252
3.151
3.525
3.629
3.288
0.755
1.338
1.339
1.157
2.281
2.606
2.809
4.201
4.373
1.916
1.152
2.253
2.422
2.457
2.936
5.562
5.580
4.116
1.740
3.980
4.123
1.537
1.084
0.972
1.741
1.850
2.292
2.293
2.448
2.454
5.093
5.160
4.135
1.982
1.095
2.350
2.528
2.728
2.747
8.879
21.642
21.697
3.686
1.793
1.812
0.468
0.438
0.097
1.451
1.804
10.119
10.212
6.671
33.465
59.012
59.034
2.146
4.432
4.484
6.455
6.535
6.703
6.734
1.511
3.899
4.705
4.740
1.866
1.772
4.798
5.943
6.083
4.214
4.074
3.236
3.279
1.274
1.289
1.266
1.285
1.200
1.211
3.969
4.202
4.358
4.405
9.106
9.145
11.030
11.298
11.411
20.010
20.039
10.587
10.715
2.965
2.141
1.470
0.952
0.947
2.763
6.630
6.635
1.914
9.729
9.738
0.755
3.557
3.557
1.406
1.919
12.121
12.126
0.479
1.367
37.641
41.820
42.205
9.171
20.192
21.865
6.702
17.027
18.687
18.782
30.448
32.473
19.882
17.181
7.121
8.221
6.619
4.615
4.615
12.387
12.400
10.383
11.491
7.540
17.367
32.643
32.701
2.494
9.375
10.271
3.822
3.830
3.490
3.585
6.910
6.943
2.577
2.481
2.553
2.513
1.160
6.236
10.242
10.752
2.160
4.339
4.348
2.729
2.734
0.576
1.551
1.553
0.796
1.172
2.222
2.296
1.967
3.447
3.462
0.986
2.570
3.129
3.133
1.022
3.218
3.220
1.661
1.663
0.632
3.185
5.074
5.102
10.161
46.333
49.043
7.241
1.881
1.550
1.466
1.164
0.616
0.628
0.632
0.725
1.933
1.989
1.913
1.985
1.611
1.289
1.599
2.336
2.783
2.916
2.706
2.094
2.142
2.074
2.083
0.381
0.387
0.173
0.320
0.604
1.625
1.630
2.072
2.177
1.910
1.474
1.525
2.050
2.912
10.653
11.836
9.078
3.387
2.726
1.712
1.455
0.754
0.316
1.501
1.629
1.677
0.977
1.014
0.995
1.290
1.353
1.244
0.994
2.254
2.459
2.661
2.796
1.681
0.825
1.292
1.316
2.900
3.043
2.584
2.702
3.007
3.167
3.302
0.730
1.683
2.078
2.794
3.112
3.143
2.377
2.473
1.775
1.730
6.993
7.522
1.936
0.028
0.597
2.169
2.231
0.509
0.519
1.851
1.937
1.634
1.543
1.649
2.347
2.473
1.644
0.895
1.207
2.228
2.281
1.720
2.224
2.335
2.201
2.256
2.335
0.978
0.867
2.016
2.806
2.913
2.813
2.935
2.944
3.061
2.529
2.644
0.726
0.257
1.030
14.421
14.538
2.276
7.537
7.633
2.493
2.608
3.010
3.138
3.029
1.702
1.778
0.975
1.979
4.417
4.565
2.025
1.271
1.284
0.730
7.259
7.260
2.331
2.392
2.199
2.399
2.460
2.215
2.299
2.168
1.995
2.322
6.402
6.433
3.412
1.292
0.702
0.703
0.374
0.029
0.237
1.193
1.217
1.599
2.030
2.997
3.096
3.087
1.341
9.865
9.986
2.875
2.654
1.856
1.917
1.511
1.569
1.271
0.493
1.367
2.033
2.033
1.851
2.052
2.094
1.257
1.177
1.112
4.093
4.093
1.013
1.044
1.845
1.894
1.802
2.742
3.858
3.917
1.715
1.985
1.987
1.293
2.629
2.681
2.550
7.358
7.373
3.238
3.099
3.116
2.781
3.200
3.328
2.260
2.267
2.344
1.430
1.917
1.939
13.763
14.456
6.303
2.518
8.301
12.327
12.329
5.788
6.251
5.320
3.041
5.014
5.136
3.978
7.588
7.637
39.635
42.558
8.811
4.595
1.775
5.201
5.250
3.989
4.059
1.543
4.573
4.601
3.643
7.631
7.691
21.135
24.128
7.139
5.748
11.371
11.496
3.572
3.588
37.827
37.860
5.943
6.500
7.349
11.403
11.625
6.870
3.755
3.832
3.940
3.796
10.041
63.539
64.782
33.652
15.049
4.208
1.269
3.987
8.773
9.278
10.454
9.319
6.261
5.163
7.066
10.036
10.428
12.641
13.316
4.306
15.611
31.950
34.657
8.484
3.040
3.056
8.143
8.775
3.731
3.143
2.273
2.284
2.241
2.263
2.419
2.435
5.227
12.339
12.571
16.503
16.740
7.490
19.743
23.361
13.657
18.117
19.138
13.479
9.850
9.882
3.602
11.416
15.423
15.898
4.149
3.210
7.822
7.919
3.770
8.373
9.127
8.624
2.381
2.840
4.475
5.022
5.026
1.764
3.990
4.056
3.567
2.716
5.406
5.423
7.293
10.287
10.489
4.021
1.340
1.437
1.565
0.869
1.102
1.362
1.821
1.837
2.338
2.373
2.602
2.609
1.097
1.817
3.005
3.132
2.315
1.650
1.040
4.824
4.875
4.099
4.307
4.339
3.349
5.760
5.925
4.032
2.213
1.731
1.841
1.884
1.155
1.201
1.239
1.298
18.559
19.012
4.035
2.301
0.050
0.161
0.848
0.882
0.814
0.404
0.721
0.721
0.745
1.823
1.931
1.344
1.457
1.509
6.604
6.811
4.886
3.269
1.231
1.272
1.000
0.337
0.540
1.717
2.900
3.054
2.817
2.940
3.022
2.814
2.266
1.085
0.659
0.668
1.448
2.109
3.335
3.503
2.934
2.628
2.761
1.685
1.706
2.440
2.524
2.551
2.076
1.014
1.517
2.035
2.131
1.854
1.537
1.596
1.471
1.178
2.150
7.963
8.623
4.635
1.168
1.199
2.006
2.114
1.648
1.660
2.664
2.776
1.147
1.134
1.761
2.330
2.890
3.073
2.946
1.997
2.087
1.347
1.043
1.174
1.595
1.950
2.736
3.219
3.355
1.973
2.052
3.023
3.220
1.964
1.036
0.089
0.105
0.917
0.917
1.317
3.332
3.472
2.786
1.874
1.868
1.418
2.282
4.408
26.471
26.581
3.191
2.941
3.254
3.508
2.492
1.162
1.989
2.723
2.814
2.234
2.282
1.262
2.565
2.683
2.801
2.898
2.452
1.750
2.315
3.441
3.548
2.647
2.361
1.719
1.719
0.082
0.097
0.559
1.286
6.184
6.311
3.353
2.027
2.387
3.488
3.612
3.091
3.331
4.380
4.381
2.623
3.017
3.346
3.482
3.350
5.584
5.688
2.095
3.568
3.686
3.216
3.226
2.926
2.069
5.492
5.656
4.075
2.221
0.295
1.293
2.990
3.313
3.428
3.450
4.213
5.787
5.812
4.202
4.208
0.643
0.485
3.857
3.892
2.222
4.948
4.951
0.578
5.159
5.193
4.571
4.577
3.495
3.508
3.322
2.165
2.482
2.519
1.271
4.721
7.964
8.713
7.849
1.973
3.725
3.814
2.029
4.909
4.909
2.307
2.329
2.388
2.637
2.717
2.521
16.815
17.005
6.785
8.046
2.552
2.605
1.713
5.867
5.911
3.293
3.297
1.172
6.630
6.666
6.812
20.822
22.757
13.491
9.541
2.055
2.081
1.793
12.843
15.293
11.915
12.710
11.787
29.054
29.804
25.321
9.579
10.341
10.466
5.017
4.190
9.936
10.114
2.519
2.211
2.243
1.357
10.925
20.666
21.380
30.002
31.062
10.190
10.914
7.655
7.682
8.968
9.179
6.498
2.189
2.195
10.109
10.763
7.087
9.741
19.683
19.818
13.890
14.249
11.415
11.779
7.898
8.072
6.226
6.231
10.872
11.171
3.376
4.766
7.784
8.544
61.902
68.318
34.930
10.775
6.405
0.168
19.329
21.397
2.871
0.369
0.407
0.407
0.358
0.326
0.342
0.570
0.571
0.256
0.290
0.298
0.596
1.519
2.258
9.989
11.417
6.816
6.976
7.370
4.071
1.817
1.868
3.295
9.255
16.470
16.650
11.173
3.899
2.497
5.473
7.307
18.178
19.647
19.819
2.246
0.831
0.873
0.630
2.170
2.183
1.184
0.977
0.469
0.471
1.070
1.115
0.514
0.262
0.174
0.144
0.884
8.020
8.484
5.225
1.553
1.051
1.900
15.796
15.866
0.685
1.934
2.881
2.954
2.137
0.734
2.527
2.582
2.848
3.100
1.705
2.040
2.751
5.900
5.975
3.267
0.321
0.002
0.001
0.508
0.941
2.316
3.892
3.988
3.657
3.287
0.789
0.811
0.664
0.513
0.002
0.028
0.082
0.082
0.010
0.008
0.025
0.027
0.027
0.069
0.407
0.599
0.623
0.665
1.330
1.474
1.513
3.013
3.127
2.743
1.764
0.949
1.134
1.510
1.607
1.436
1.118
1.300
1.874
1.944
1.632
1.325
1.601
2.719
2.809
2.621
2.706
1.791
1.387
1.622
16.579
16.738
4.232
3.597
3.241
3.313
3.292
2.608
2.674
2.735
1.615
1.930
1.991
0.165
0.512
2.242
2.675
2.803
3.504
4.113
4.252
2.595
2.715
2.096
1.554
2.703
2.817
3.238
3.364
2.402
2.503
2.350
1.199
1.239
1.507
1.810
1.853
2.455
37.739
37.821
2.665
2.760
2.650
2.738
2.608
3.868
4.404
4.685
1.984
1.159
1.024
1.057
1.773
1.837
2.516
3.005
3.153
1.596
9.120
9.484
3.531
3.648
2.747
2.205
1.391
3.416
3.586
3.533
1.569
1.493
1.103
2.805
14.923
14.959
4.846
4.848
0.490
0.490
0.143
0.524
1.377
1.526
1.537
0.871
1.917
1.926
1.712
1.579
1.968
1.978
1.362
1.362
0.121
3.229
4.601
4.958
3.579
3.616
3.488
3.651
5.333
5.342
4.332
4.408
2.203
3.631
3.740
2.269
2.328
2.393
0.871
1.869
3.100
3.225
1.887
1.637
1.699
2.441
3.626
3.753
3.090
2.325
1.994
3.115
3.119
2.634
1.627
0.727
0.587
2.773
2.778
1.043
1.113
1.894
2.288
2.776
2.920
2.710
3.548
3.567
2.472
1.284
1.292
1.146
1.154
0.785
2.226
2.238
0.960
0.990
0.869
0.888
1.616
3.281
7.001
8.623
8.731
2.679
2.712
8.167
8.373
3.221
3.238
2.663
1.670
1.779
1.876
17.859
31.048
33.363
8.037
3.482
3.997
13.992
14.024
9.800
19.220
19.692
6.915
1.893
1.947
1.925
1.937
1.189
14.121
16.180
39.916
42.626
42.697
2.052
2.071
1.406
2.755
4.839
7.000
7.032
25.385
27.667
12.242
6.393
9.436
9.455
5.236
11.110
11.174
14.141
14.729
5.632
6.405
6.853
6.731
6.795
1.509
4.135
7.662
8.698
4.749
1.047
1.286
1.286
3.509
3.656
2.251
1.926
1.926
1.119
1.119
0.926
0.926
1.744
1.822
0.933
8.433
15.162
35.095
35.217
5.214
3.759
3.759
2.705
0.818
1.633
1.683
2.523
9.152
22.743
22.743
1.195
1.195
0.581
0.246
0.170
0.175
1.143
4.293
4.321
12.406
32.159
33.746
38.175
42.487
22.577
14.054
18.101
10.828
6.267
2.753
2.541
2.626
0.279
0.061
0.373
0.411
0.392
1.381
5.164
5.897
5.973
2.490
1.554
0.857
0.912
6.924
7.094
5.513
2.508
2.639
2.329
1.699
1.582
2.270
2.504
2.599
2.369
1.666
2.147
2.730
3.617
3.767
3.910
1.719
0.818
0.166
0.214
0.691
1.198
1.246
1.534
1.583
2.178
2.279
2.848
3.007
2.982
3.188
3.101
2.801
1.819
1.590
1.360
1.342
0.560
0.990
1.010
1.021
1.097
1.131
2.626
2.767
2.895
2.296
1.728
1.140
1.946
2.017
1.919
2.005
1.884
1.198
0.447
0.248
0.400
2.048
2.149
2.667
3.306
3.440
3.129
3.260
2.273
1.893
1.887
1.616
1.675
1.998
2.169
2.299
0.720
1.289
1.350
1.079
0.535
0.698
0.723
0.848
0.918
0.863
2.666
2.802
1.953
1.589
2.359
2.489
2.504
1.213
1.315
1.359
0.431
1.436
1.506
1.519
1.432
2.417
9.683
10.765
7.807
2.328
2.434
2.462
2.227
1.967
1.490
1.564
1.345
1.454
1.466
1.100
2.417
2.425
1.813
0.689
3.245
3.350
4.592
4.677
2.675
1.633
1.676
1.726
2.026
2.466
7.250
37.917
40.408
12.243
3.120
3.322
3.391
2.233
2.506
14.162
14.206
1.044
1.862
2.261
2.312
2.525
2.567
0.359
1.583
2.061
2.076
0.757
0.747
4.880
4.920
0.247
1.166
1.943
2.091
2.189
2.634
2.684
0.999
1.286
3.376
3.383
0.648
0.966
1.849
1.942
1.328
1.944
3.605
3.736
3.215
3.300
1.953
2.292
2.379
2.622
2.668
0.953
0.864
0.657
2.117
2.358
2.442
1.434
1.492
3.256
3.257
2.712
2.573
2.144
6.251
8.723
9.124
4.935
1.563
1.571
0.582
1.104
1.107
0.878
0.940
1.235
3.188
3.254
2.468
2.486
1.649
1.090
1.166
7.560
7.567
4.880
5.025
4.178
4.262
4.007
3.588
3.734
2.876
3.833
3.836
2.583
1.572
1.595
2.550
2.550
1.445
2.749
3.936
18.394
29.437
31.420
31.855
1.276
0.904
1.196
3.457
3.547
4.347
4.399
1.861
1.813
1.008
1.625
1.630
4.493
4.983
5.322
5.709
5.026
2.694
2.548
22.472
24.738
10.829
8.003
8.064
7.042
7.244
7.301
6.462
6.877
6.892
2.511
2.963
15.915
21.488
26.161
23.214
23.765
21.338
11.470
11.973
5.835
5.220
2.131
1.978
2.413
15.405
16.856
22.497
22.739
16.571
17.702
5.879
3.640
3.694
3.487
4.187
4.204
4.401
5.811
11.602
18.572
18.766
4.034
4.124
7.314
9.552
10.475
6.018
13.341
13.647
8.259
5.700
6.056
6.056
1.619
1.619
5.547
5.550
1.125
1.836
4.983
4.994
5.816
6.247
3.603
9.341
9.457
7.915
5.240
3.175
1.819
1.855
8.706
15.819
16.099
9.643
3.212
6.684
6.722
5.707
3.328
1.624
3.867
3.882
6.339
6.353
2.547
1.864
1.889
2.280
2.282
0.498
0.502
0.663
1.183
1.243
1.515
1.515
1.855
2.095
2.192
2.751
3.680
4.931
4.980
11.425
11.765
1.651
0.016
0.002
0.144
0.394
0.447
19.799
40.586
42.158
10.249
0.955
2.667
3.548
3.659
3.042
3.070
0.256
0.794
3.084
3.173
7.647
7.980
2.825
3.189
3.347
3.136
3.491
3.591
2.777
1.309
2.554
2.651
2.469
1.115
1.264
1.631
1.693
1.344
1.476
1.827
1.910
1.998
2.076
1.449
1.142
1.149
0.654
0.668
0.107
0.107
0.145
0.173
0.580
1.699
2.662
2.880
2.721
2.473
2.570
1.911
1.740
1.289
2.067
2.176
2.371
2.494
3.309
3.437
1.252
0.004
0.001
0.321
0.921
2.201
2.350
2.097
1.520
1.378
1.383
1.701
1.769
2.064
2.836
2.943
2.270
1.836
2.006
2.103
1.923
2.415
3.356
3.501
2.992
1.551
2.489
2.577
5.172
5.184
1.040
1.980
2.974
3.106
2.023
10.256
10.349
0.850
0.469
2.086
2.211
3.143
3.288
1.770
2.672
2.684
0.996
1.134
1.153
0.909
0.948
1.601
1.842
3.048
3.176
3.286
3.420
2.593
2.128
4.616
4.723
2.002
9.102
9.280
16.621
16.725
1.648
1.309
2.148
2.918
8.261
8.476
3.361
1.757
3.482
5.002
5.253
5.983
6.118
2.918
4.482
5.006
2.523
2.640
2.497
2.239
2.378
2.482
2.710
2.797
1.968
1.324
0.324
0.629
5.354
5.483
3.134
1.649
5.356
5.378
0.872
1.664
1.704
1.424
1.219
1.359
2.321
2.406
2.290
2.964
5.344
5.385
0.689
0.617
2.090
2.260
3.004
3.091
2.346
4.385
4.465
2.867
2.962
3.825
3.930
2.986
2.624
2.709
2.852
1.667
2.369
2.445
2.425
2.362
3.865
3.952
2.195
2.195
1.162
5.647
5.879
3.641
7.328
7.371
3.855
2.448
2.809
2.972
3.705
3.735
2.599
2.740
2.719
2.753
2.187
0.519
0.905
4.854
5.013
3.542
2.260
2.131
3.117
14.031
34.403
70.316
70.324
0.364
0.150
0.970
1.061
0.767
0.787
0.818
6.134
6.190
1.752
8.967
9.013
14.726
16.513
6.997
4.138
4.138
3.311
2.539
3.443
5.596
5.641
10.288
16.107
22.748
25.780
16.594
5.773
2.534
14.842
25.836
26.521
18.035
6.849
4.428
3.215
4.205
6.142
6.175
6.327
7.225
3.982
2.274
4.069
7.198
18.410
21.011
18.867
16.827
12.029
5.304
2.960
2.693
2.709
18.802
20.238
7.535
4.613
5.832
5.843
2.361
4.826
5.277
4.235
4.312
4.528
4.643
2.439
1.720
2.732
2.866
1.522
1.529
1.382
8.031
20.750
29.323
29.552
11.311
3.962
3.395
16.069
23.177
23.859
7.267
4.121
4.942
20.470
20.610
6.853
1.318
1.548
2.185
5.745
5.961
1.673
0.333
0.618
0.856
0.904
0.912
1.137
6.262
7.653
7.907
5.077
5.953
6.032
5.295
5.347
1.145
1.728
4.847
16.234
35.421
36.764
18.457
4.241
4.269
5.858
6.127
2.370
1.605
1.233
1.233
1.186
0.453
0.438
0.822
0.887
1.252
1.260
0.930
1.517
1.570
0.682
7.831
11.508
11.621
1.343
1.534
2.347
2.423
0.960
1.066
0.868
0.356
0.767
2.322
2.368
2.177
1.468
2.165
2.195
1.366
1.434
2.636
2.789
4.300
4.429
4.103
0.231
0.462
0.696
1.431
2.376
2.455
1.495
0.793
0.792
1.765
2.343
2.410
1.632
0.970
1.340
2.734
2.848
1.969
1.088
1.242
2.332
2.431
1.552
0.838
0.284
0.398
0.401
0.692
0.898
0.973
1.407
2.652
2.727
2.452
2.231
2.302
14.294
31.482
32.678
14.164
2.131
0.033
0.329
0.366
1.402
1.479
1.894
1.972
0.638
1.093
1.863
1.968
1.527
1.553
1.398
5.376
12.430
18.749
19.213
2.681
3.099
3.229
2.785
0.763
0.002
0.235
0.240
0.425
0.928
1.060
1.287
1.304
0.188
0.157
0.063
1.154
2.368
2.726
2.586
2.003
2.998
3.242
3.370
3.663
3.731
1.682
1.232
1.661
2.037
2.106
1.841
1.873
2.265
3.313
3.461
2.913
2.768
1.571
1.575
1.028
1.062
0.393
0.360
2.996
3.077
0.867
0.655
0.655
0.002
0.041
1.174
9.776
9.890
2.742
23.448
24.099
12.305
4.504
3.429
3.156
3.275
2.946
3.097
3.126
1.812
0.570
2.566
2.681
6.049
6.185
4.339
3.393
3.564
1.458
1.209
0.830
0.764
0.764
0.079
0.295
1.588
1.588
0.839
15.451
15.532
2.042
2.037
9.243
9.337
3.186
3.032
3.027
3.192
3.334
1.606
2.023
10.767
12.710
9.228
3.465
3.509
3.760
4.708
4.708
0.414
0.739
1.862
1.863
1.682
5.302
5.337
2.316
1.585
3.495
3.517
4.290
5.555
3.406
2.327
1.780
0.824
0.893
0.893
0.040
0.271
0.550
0.551
0.601
1.485
4.258
4.475
3.579
1.583
0.308
8.363
10.659
6.535
6.189
6.389
2.765
11.055
12.565
8.908
0.679
23.130
25.828
13.519
6.647
1.318
1.182
1.223
1.968
2.068
2.824
5.873
20.130
31.681
33.655
14.293
7.143
6.239
3.640
4.343
4.390
6.192
6.310
3.126
9.843
15.262
15.474
7.102
8.508
12.284
16.739
17.572
4.154
1.303
1.552
1.589
2.455
3.845
9.114
9.257
3.928
5.001
15.091
15.607
2.795
0.470
3.615
3.620
3.942
1.529
2.505
2.524
2.017
2.022
1.105
1.110
0.958
1.483
1.483
1.059
1.059
0.990
0.990
2.229
4.937
5.505
3.394
2.542
18.471
19.406
13.896
4.447
2.856
3.698
3.791
1.146
2.018
5.133
6.475
8.390
22.414
22.443
12.387
16.267
17.324
10.031
2.998
2.630
0.906
9.977
20.988
21.836
9.879
10.472
10.472
10.945
11.674
12.686
14.380
10.011
6.145
3.301
0.297
0.330
1.327
2.686
4.051
4.086
2.870
2.905
2.321
2.345
2.097
6.780
12.397
12.621
8.644
4.156
4.465
4.777
4.952
1.887
1.140
0.519
0.082
0.173
0.725
2.156
2.271
0.882
0.351
0.329
0.627
0.728
6.287
6.365
2.646
0.637
0.481
1.670
1.766
1.631
0.167
0.672
1.713
2.371
2.407
1.983
1.983
1.362
1.571
1.625
1.571
3.293
4.696
4.726
0.592
0.310
2.234
3.063
3.890
4.044
3.921
2.740
2.807
2.771
2.879
0.902
0.247
0.557
0.874
3.122
3.841
3.917
0.172
0.002
0.003
0.292
0.591
0.597
0.434
1.182
2.415
2.499
1.475
1.825
2.271
5.228
5.357
0.770
0.487
0.979
1.344
1.389
0.955
1.649
2.489
2.622
3.018
3.119
2.064
1.549
2.703
2.852
1.967
2.440
2.563
2.204
1.874
2.419
2.519
0.211
0.001
0.025
0.486
1.851
2.050
