20150101
3.884
9.257
14.313
14.553
0.952
0.576
0.793
0.812
0.588
0.002
0.001
0.002
0.016
0.209
0.217
0.301
0.306
0.076
0.002
0.003
0.087
0.602
0.797
0.587
0.309
0.810
0.890
0.917
1.696
1.720
0.402
0.086
0.125
0.193
0.202
0.157
0.111
0.371
0.697
0.724
0.574
0.258
0.838
0.843
0.414
0.398
0.398
0.047
1.695
1.718
0.506
0.167
0.167
0.003
0.004
0.161
5.644
5.682
0.951
20.750
21.252
9.092
1.508
0.865
0.618
0.634
0.670
0.691
0.675
0.187
0.007
0.497
0.535
3.398
3.464
1.458
1.465
1.501
0.215
0.067
0.052
0.341
0.341
0.109
0.004
0.546
0.547
0.335
11.607
11.633
0.646
0.704
5.033
5.048
0.983
0.965
0.782
0.817
0.651
0.170
0.127
7.119
8.616
6.279
2.391
2.425
1.358
2.460
2.461
0.033
0.003
0.442
0.470
0.501
3.787
3.800
1.375
0.767
1.893
1.893
1.874
2.429
1.039
0.403
0.403
0.097
1.503
1.503
0.006
0.007
0.349
0.352
0.081
0.740
1.491
1.792
1.806
0.594
0.041
3.591
4.574
3.240
4.676
4.957
1.764
8.856
9.918
4.910
0.235
12.349
14.296
8.538
2.889
0.420
0.254
0.260
0.532
0.555
1.034
2.742
8.295
17.312
18.671
8.148
5.034
5.046
1.424
1.501
1.524
2.742
2.777
1.583
6.948
11.374
11.787
4.550
5.625
8.963
11.740
12.378
2.612
0.576
0.576
0.962
3.228
3.228
5.411
5.485
2.929
3.090
9.584
9.934
2.197
0.580
4.637
4.651
1.266
1.405
1.994
2.003
1.036
1.041
0.949
0.898
0.562
0.976
0.976
0.580
0.484
0.944
0.944
1.414
3.566
3.967
2.963
1.827
11.339
11.966
11.706
1.636
1.033
1.802
1.847
0.539
0.916
3.120
3.125
3.723
13.533
13.543
10.105
12.049
13.097
7.225
1.562
1.460
0.289
5.314
18.911
19.328
5.197
5.672
5.672
6.608
6.804
7.194
8.291
8.326
1.852
1.321
0.064
0.093
0.878
1.400
2.041
2.056
1.479
1.505
1.656
1.668
0.828
2.689
10.501
10.665
5.036
2.006
1.306
1.391
1.449
0.647
0.490
0.160
0.064
0.058
0.289
0.577
0.598
0.216
0.093
0.078
0.134
0.134
2.223
2.257
1.296
0.466
0.469
0.986
1.012
0.487
0.026
0.008
0.365
0.684
0.728
0.757
0.750
0.308
0.364
0.376
0.368
3.139
3.172
2.592
0.921
0.046
0.272
0.735
0.931
0.991
0.992
0.718
0.737
0.709
0.729
0.101
0.003
0.022
0.073
0.802
1.058
1.072
0.023
-0.000
0.003
0.034
0.047
0.028
0.004
0.223
0.526
0.539
0.250
0.378
0.541
2.273
2.316
0.163
0.012
0.061
0.063
0.011
0.035
0.221
0.487
0.513
0.693
0.714
0.474
0.151
0.678
0.717
0.274
0.515
0.539
0.358
0.457
0.481
0.486
0.029
0.001
0.001
0.002
0.498
0.908
