19950101
2.490
1.871
1.943
2.207
2.300
2.155
1.701
25.896
25.980
2.824
2.955
2.007
1.726
1.427
2.742
14.066
18.730
18.804
3.977
4.156
4.138
3.212
2.690
2.188
2.534
2.633
1.813
1.979
2.209
2.644
2.749
1.674
1.737
2.583
2.777
3.084
3.178
1.908
1.559
1.587
1.169
1.382
1.980
2.313
7.949
8.664
8.819
3.977
4.143
3.772
3.510
5.742
9.984
14.299
14.421
3.255
2.321
3.525
3.703
3.312
2.549
2.674
2.043
2.099
2.240
8.618
8.722
3.451
3.260
3.907
4.074
2.638
1.896
1.955
1.953
3.739
3.826
1.953
2.973
3.025
1.112
1.311
1.342
1.406
28.540
30.119
3.709
4.158
4.323
3.745
2.337
1.599
1.286
1.108
3.583
3.749
1.235
1.191
1.891
1.939
2.697
3.373
3.483
2.295
2.320
2.471
2.515
1.683
1.765
3.232
3.281
2.741
2.224
2.477
2.477
1.691
1.424
1.136
1.313
2.951
3.004
1.379
1.921
2.758
2.826
1.527
1.810
3.047
11.616
11.622
2.979
9.271
9.277
6.051
6.070
3.601
2.161
5.183
6.137
6.217
3.373
3.601
3.607
0.813
3.035
3.041
0.923
1.176
2.290
2.339
2.333
2.375
2.655
2.880
2.955
2.020
1.577
3.747
3.761
2.334
3.590
3.720
8.819
8.832
11.617
18.988
25.855
31.329
29.868
30.012
8.716
7.597
15.398
16.265
10.061
6.723
1.290
2.300
3.133
3.304
34.414
41.629
41.316
4.874
9.128
9.177
9.567
7.930
3.829
3.829
20.623
20.727
4.240
4.505
4.519
2.576
8.369
9.587
7.311
4.992
3.453
3.398
2.855
2.876
1.267
1.936
2.688
18.123
18.151
1.636
3.238
4.129
7.242
9.381
9.732
2.862
1.328
2.118
2.128
1.762
3.709
6.090
6.400
87.884
90.849
54.462
53.672
7.227
0.491
0.919
4.391
4.473
1.064
0.981
1.823
1.823
1.705
6.405
7.511
7.573
15.347
15.879
1.736
0.187
3.728
3.756
4.604
4.604
3.184
3.249
2.361
1.055
2.117
2.138
1.582
1.079
3.460
5.208
5.212
3.468
3.756
3.793
3.188
9.508
11.138
11.787
11.824
4.762
4.766
17.121
43.248
44.035
12.574
1.414
2.731
2.755
2.604
1.340
0.921
1.176
1.176
1.754
3.028
3.042
2.441
2.414
2.455
2.378
1.955
4.345
4.418
1.635
1.682
1.616
1.633
1.502
1.937
2.023
1.360
0.967
0.600
1.230
1.576
1.617
1.501
1.379
0.890
0.918
1.315
1.379
1.148
0.108
37.156
67.892
67.917
0.744
0.489
0.489
0.767
2.129
2.184
1.953
2.296
2.417
2.226
1.896
1.915
1.680
2.280
2.438
1.725
2.179
2.289
1.988
2.343
2.448
1.920
2.036
2.109
1.480
1.481
1.720
2.153
2.404
2.524
2.306
2.387
2.873
2.977
2.058
1.436
1.980
2.048
2.652
2.778
2.534
2.599
2.396
15.192
15.289
1.413
1.666
1.913
2.189
2.630
2.752
2.793
3.382
3.478
2.423
3.096
3.212
1.636
1.817
2.883
3.065
3.179
2.297
2.365
30.607
31.829
28.166
2.991
3.236
3.356
2.601
2.451
2.551
2.632
2.251
2.014
1.133
1.346
2.398
3.484
3.629
2.810
2.252
1.935
0.389
1.946
2.039
1.597
2.385
2.451
14.613
15.232
7.387
0.884
1.619
1.679
2.317
2.420
3.041
17.134
17.293
2.064
1.954
1.827
3.105
4.403
8.332
8.431
2.350
2.325
0.838
0.547
3.974
9.057
9.057
0.653
2.641
3.559
3.560
1.989
4.894
5.122
2.832
3.060
3.134
2.556
2.679
2.231
2.264
1.579
1.093
14.511
14.610
11.455
11.480
6.571
2.857
2.924
4.445
4.578
2.822
2.145
1.751
3.152
3.231
1.864
1.892
2.088
2.196
1.862
0.691
0.703
0.283
0.826
0.891
0.325
0.811
1.738
1.781
0.476
0.728
1.326
1.428
3.413
3.506
4.412
4.432
2.005
1.397
1.858
14.920
15.735
2.771
2.239
7.163
7.469
3.145
5.447
5.468
5.256
4.248
3.656
5.056
9.394
9.447
3.310
6.942
7.100
4.406
4.413
2.054
3.148
3.149
2.343
1.358
1.790
5.743
10.912
11.077
17.900
18.763
6.712
8.378
8.599
8.356
11.531
11.892
6.243
3.582
5.847
5.847
5.565
5.898
2.424
2.249
4.503
4.633
3.418
3.429
2.859
2.130
2.130
7.853
7.988
9.005
9.062
18.327
21.852
14.271
8.977
7.373
6.582
6.581
3.596
3.642
2.818
19.820
22.262
15.507
4.527
5.773
18.050
19.414
46.436
49.050
16.743
13.107
6.647
20.461
22.379
7.919
8.067
4.349
3.474
3.291
3.291
1.877
2.467
2.477
5.188
18.117
18.534
11.723
4.920
3.709
3.719
2.403
15.127
16.765
5.723
5.775
2.674
2.356
4.631
22.009
22.051
15.336
9.684
4.403
6.682
6.754
7.870
7.922
2.987
2.992
1.202
1.121
0.366
2.227
2.227
3.063
4.108
6.521
6.540
10.147
10.675
6.422
6.431
6.770
5.159
5.189
4.949
2.496
2.509
2.758
9.141
9.189
18.635
18.643
5.378
5.383
2.376
1.860
1.864
0.692
1.959
3.432
3.853
3.943
8.853
9.116
5.456
5.653
5.670
3.289
3.315
3.194
6.518
6.575
5.456
3.809
4.043
4.062
3.804
2.189
1.519
1.481
1.656
2.782
2.856
1.436
1.304
1.041
1.415
1.583
1.625
2.030
2.259
2.349
2.286
2.903
5.702
18.516
18.563
1.211
1.636
1.686
1.640
1.640
0.985
1.012
0.993
1.066
0.818
0.854
1.053
2.102
2.185
1.708
0.994
1.500
1.583
1.474
1.130
1.960
2.047
2.625
2.705
3.020
3.141
3.275
2.734
1.765
1.864
2.017
2.073
1.450
1.325
1.484
1.759
1.863
1.670
1.934
2.008
1.690
1.952
2.355
2.707
4.226
4.412
2.552
2.040
2.061
0.844
1.290
1.734
2.026
2.091
1.344
0.874
1.568
1.668
1.597
1.307
0.859
0.007
0.008
0.081
0.130
0.406
2.224
2.389
2.499
2.294
2.271
2.117
2.167
2.335
2.425
2.432
2.068
2.416
2.421
0.231
3.724
9.445
9.494
2.224
2.253
2.471
2.553
1.679
1.651
2.496
2.538
3.348
4.493
4.663
3.070
4.472
4.576
3.435
3.212
3.153
1.667
1.855
1.972
2.074
1.476
1.451
3.905
4.100
3.138
1.867
2.008
4.553
4.600
2.613
2.864
2.877
0.631
4.179
6.837
7.004
3.706
0.882
2.994
3.708
3.815
2.414
1.779
1.867
1.868
6.250
6.362
3.006
3.274
3.422
2.878
2.655
3.625
3.724
5.966
6.122
3.790
3.919
2.627
3.594
3.688
3.807
3.845
1.519
1.069
7.169
7.833
7.839
4.810
4.925
5.486
5.619
5.241
1.315
1.384
1.498
4.837
5.004
4.907
2.571
0.572
1.754
1.755
1.198
1.202
1.341
1.545
5.274
5.284
2.557
2.584
0.633
2.748
2.748
2.471
2.286
4.412
4.678
3.394
2.674
2.689
1.897
1.625
1.649
6.824
6.844
5.667
3.694
3.540
1.705
1.758
1.600
1.719
1.361
1.699
1.739
1.878
3.043
3.081
6.647
7.654
8.739
8.296
3.893
3.401
4.012
5.177
6.510
6.625
6.626
5.860
5.896
2.612
1.500
4.950
5.012
5.586
12.801
12.982
11.084
11.529
11.539
7.820
31.954
32.094
31.235
34.328
8.581
8.617
16.789
19.758
7.732
5.560
4.671
4.676
3.538
16.184
67.140
72.333
36.153
24.161
20.902
13.057
17.535
29.166
60.983
63.870
16.843
3.242
11.909
12.217
22.996
23.795
7.336
17.275
19.488
4.017
2.136
3.118
3.130
1.816
1.816
1.242
2.443
4.337
9.099
9.105
1.497
1.455
2.153
2.159
1.165
3.603
3.668
3.492
3.812
3.904
2.761
7.598
18.871
30.922
31.059
12.256
12.732
12.797
3.123
13.555
15.390
12.462
2.437
2.441
2.670
3.774
4.399
4.399
4.098
0.990
1.104
5.560
8.489
12.066
12.068
2.696
2.705
2.199
4.335
5.610
5.696
2.012
3.379
3.496
5.379
11.024
11.312
3.148
3.171
4.781
4.892
2.421
3.506
4.392
4.436
6.398
6.528
6.718
6.794
5.199
6.673
8.452
8.619
3.205
3.556
3.599
3.712
3.748
0.648
1.035
1.045
0.615
0.310
0.318
0.989
1.035
1.099
2.558
2.714
2.199
2.073
1.172
2.402
2.454
2.487
1.178
1.742
12.039
12.044
0.220
1.400
2.837
2.867
2.158
2.237
1.905
2.053
2.170
1.753
1.797
1.086
1.130
1.307
2.648
2.739
2.082
2.756
2.915
2.479
1.374
1.880
1.943
3.074
3.168
3.033
1.679
2.415
3.315
3.475
2.651
4.270
4.421
2.840
1.971
2.417
5.725
5.727
1.264
1.310
1.556
2.088
2.336
3.067
31.690
34.016
20.212
1.840
9.070
9.531
6.405
1.835
1.896
1.346
1.561
1.649
1.732
1.581
1.653
1.894
1.982
1.453
2.814
2.941
2.377
2.616
2.737
1.963
1.783
1.792
0.433
3.043
3.163
1.155
0.729
0.841
1.025
1.648
3.715
3.881
3.214
2.779
2.902
3.049
2.957
2.552
2.661
2.466
2.466
1.700
1.760
1.579
2.104
2.172
1.744
2.783
2.885
1.928
2.037
5.461
5.633
3.035
3.167
3.183
3.276
2.129
0.316
0.318
0.288
0.666
0.755
1.181
3.588
3.909
4.071
3.524
3.863
4.008
3.779
3.886
3.643
8.171
8.426
7.331
2.642
1.796
2.427
2.560
1.315
2.098
9.749
9.994
6.359
3.250
2.843
3.339
3.601
3.708
3.376
3.205
2.380
2.511
3.352
3.806
3.921
2.262
3.029
14.015
14.127
6.237
3.219
2.407
2.451
1.973
36.403
37.155
11.711
0.580
0.434
0.788
3.996
4.865
4.865
1.583
3.033
3.154
2.853
2.399
2.392
2.385
1.429
1.887
2.750
2.772
1.793
2.648
4.214
4.371
2.669
1.400
2.261
3.554
3.554
2.087
2.122
2.296
2.301
1.118
1.124
1.343
1.349
1.347
1.568
3.816
14.743
14.855
2.291
1.545
1.570
0.696
0.769
5.527
5.527
0.740
3.833
3.833
1.446
1.552
7.967
7.971
5.060
19.962
20.520
3.740
1.785
24.851
26.702
3.072
2.894
14.863
14.963
9.581
10.049
6.003
6.134
3.340
1.689
12.206
15.293
10.809
6.710
3.908
3.063
1.873
2.027
4.092
7.516
8.176
17.020
17.035
3.700
3.531
5.144
11.608
11.723
10.095
7.024
6.848
14.607
15.229
11.845
6.578
10.925
10.947
6.656
8.909
13.761
14.931
7.170
11.508
23.810
25.455
11.655
17.068
19.938
16.968
16.334
24.052
24.117
19.895
21.194
16.571
16.796
6.350
17.594
18.337
7.437
4.058
7.459
11.262
18.008
18.241
7.185
20.374
20.380
3.518
10.560
11.581
11.068
11.307
11.342
19.690
19.958
24.251
24.274
7.795
16.154
18.173
11.906
6.700
6.751
4.265
9.848
13.041
14.558
11.404
3.490
4.100
45.686
45.908
50.426
103.068
107.458
34.342
3.051
6.725
6.725
0.467
0.399
1.625
1.625
0.286
0.181
0.915
0.915
0.075
3.680
3.761
0.909
3.145
3.263
3.132
2.821
2.136
1.258
1.264
6.700
20.337
20.499
2.036
4.662
4.952
6.272
6.374
1.546
0.958
0.645
1.750
2.964
3.572
5.329
5.597
1.377
0.947
0.766
0.536
0.487
1.501
5.348
5.367
2.738
0.547
1.633
1.656
1.165
2.259
2.338
1.490
1.380
1.392
3.130
3.182
0.605
0.605
0.434
0.948
1.594
1.625
2.460
3.245
3.355
2.989
0.190
0.032
0.249
1.323
2.279
5.765
5.822
1.448
1.016
0.605
0.607
0.875
1.922
2.087
2.181
1.855
1.116
1.155
0.964
1.418
1.640
1.641
1.489
1.519
0.524
0.412
1.765
3.357
3.511
3.004
2.863
0.970
0.105
1.043
2.196
2.196
0.627
0.307
0.518
2.140
2.234
1.847
1.210
1.204
0.929
0.941
0.532
0.610
1.396
1.585
1.663
0.180
0.279
0.890
0.923
0.536
3.008
3.063
1.734
1.753
0.475
1.333
1.437
1.387
0.619
1.161
1.199
0.617
0.664
0.951
1.702
1.796
1.884
1.486
1.011
1.061
1.412
1.482
4.360
4.454
2.052
1.375
1.483
1.549
2.794
3.325
3.327
1.012
1.012
0.297
0.173
0.175
0.141
0.626
0.644
0.859
1.072
1.129
1.996
2.634
2.760
2.776
2.140
1.458
5.254
5.337
2.576
2.021
1.879
1.845
2.079
2.079
0.348
1.372
1.377
2.023
2.945
3.118
2.538
2.294
2.350
1.605
0.947
0.910
1.483
2.050
2.088
0.628
1.101
1.481
3.175
3.246
5.715
5.890
7.937
8.061
2.944
2.132
1.556
2.083
2.630
2.697
2.649
2.016
2.015
1.460
2.528
7.800
8.805
7.037
1.238
1.270
4.098
4.098
1.972
2.070
1.192
1.069
1.243
1.243
0.583
1.555
4.163
6.303
6.499
4.158
3.541
4.198
7.455
10.569
10.633
5.463
3.850
2.168
4.724
4.839
5.549
9.800
10.433
10.482
5.316
5.361
4.659
7.472
7.533
3.826
1.731
2.074
6.390
6.394
6.962
7.280
7.591
12.021
12.119
2.936
4.728
4.732
7.619
7.660
10.596
10.630
3.648
9.979
10.031
0.693
0.804
1.476
4.480
4.480
2.419
7.967
9.568
9.613
4.560
4.650
4.403
1.921
3.414
4.967
5.016
8.615
9.380
23.835
28.322
17.462
6.540
23.783
25.586
16.808
4.448
4.559
10.298
42.395
42.493
7.995
7.385
3.684
3.131
4.812
11.915
63.463
63.751
5.975
0.967
1.646
4.674
5.123
15.743
15.766
5.578
5.578
4.404
7.351
7.995
23.566
24.378
13.769
7.817
5.589
5.595
4.605
1.808
2.307
2.307
4.209
4.216
2.844
2.844
2.895
3.489
3.577
7.205
9.891
29.554
29.560
10.131
3.375
12.660
12.792
5.549
6.371
8.621
9.108
11.610
12.173
18.354
18.683
8.583
4.001
7.439
7.496
5.606
1.819
9.454
11.786
10.484
2.210
2.855
2.897
4.841
7.616
7.703
3.962
3.121
1.944
1.434
1.059
2.281
4.167
4.171
2.900
2.830
1.989
1.989
1.883
4.812
9.050
9.066
4.610
2.050
1.941
0.780
3.202
3.272
7.580
7.627
7.823
7.909
3.953
4.024
3.363
4.207
4.825
4.989
3.951
2.393
1.694
3.410
4.775
32.884
85.897
91.770
14.775
0.862
1.161
1.181
0.847
0.925
0.872
0.457
0.500
0.895
0.955
0.859
0.773
0.887
1.492
1.541
2.334
2.368
1.681
1.688
1.491
1.591
1.025
1.071
0.348
1.052
2.106
2.186
2.582
2.778
3.002
3.052
0.983
0.990
0.880
1.443
2.657
2.780
2.034
0.798
0.150
0.411
0.809
1.151
1.191
1.401
1.469
1.559
1.400
1.100
1.256
1.268
1.015
1.802
1.909
1.988
0.959
0.605
0.142
0.365
1.705
1.829
1.914
1.633
1.049
1.470
2.487
2.598
1.912
1.482
2.062
2.063
1.363
0.581
1.260
2.029
2.096
1.774
0.786
0.930
1.297
1.669
2.143
3.876
4.018
3.935
3.243
3.357
2.939
1.971
3.930
4.129
3.059
3.171
2.589
2.642
2.767
2.297
2.767
2.898
2.249
1.578
2.210
10.438
11.333
7.112
3.675
3.859
3.335
3.066
3.197
3.355
2.777
2.458
2.756
2.845
2.294
2.392
1.565
2.443
2.492
2.255
2.322
1.856
1.759
1.906
1.972
2.129
2.346
2.431
2.526
1.807
2.509
3.801
3.930
2.662
2.816
2.821
2.887
3.008
2.920
3.527
4.090
4.223
9.286
9.364
3.663
3.786
3.098
3.250
3.374
2.961
2.172
1.468
14.462
14.525
2.048
1.595
1.060
1.061
0.387
0.387
0.686
2.358
2.452
2.542
2.636
2.054
1.644
1.110
1.706
3.840
3.867
3.759
3.759
0.376
1.559
5.986
6.101
3.027
2.666
0.959
2.308
2.387
2.770
5.533
10.056
10.092
3.588
4.682
6.691
6.924
4.642
3.937
3.238
1.882
0.575
1.197
4.444
4.478
1.990
3.663
3.674
0.600
0.917
0.917
2.126
3.218
4.968
5.084
7.798
35.674
38.163
10.343
11.266
11.277
6.026
8.359
31.109
31.695
24.627
5.033
3.391
3.725
6.254
6.357
1.043
1.378
3.205
8.767
10.657
10.692
8.571
10.375
11.747
11.118
6.110
6.346
6.398
2.294
4.767
8.680
8.749
8.530
49.972
55.488
47.015
14.957
12.796
13.712
12.646
9.326
8.934
5.032
5.505
5.582
10.090
10.146
8.476
35.165
37.158
17.960
10.468
7.252
8.871
8.875
3.954
6.625
6.973
5.247
2.714
9.880
9.880
5.882
5.921
3.787
3.031
4.659
4.672
2.774
2.817
2.143
3.074
4.148
22.327
24.123
18.305
18.020
18.473
2.986
10.281
16.280
16.719
6.955
9.234
9.307
7.304
4.128
4.173
4.155
3.493
3.013
3.018
4.549
4.975
7.390
7.626
2.003
2.071
1.880
2.202
3.697
8.215
8.627
7.222
36.175
36.756
15.908
5.309
3.073
5.047
11.030
32.465
34.920
12.273
14.896
15.533
3.922
0.918
3.891
5.777
5.896
7.426
8.719
8.732
5.571
16.439
16.782
7.832
3.135
3.198
1.718
1.992
2.167
2.236
1.468
0.782
0.419
0.773
0.965
0.974
0.974
0.506
0.445
5.283
5.328
4.521
5.715
3.359
1.646
1.660
0.451
0.990
0.993
1.618
1.676
2.370
5.632
5.991
5.623
3.679
3.777
2.086
0.843
0.773
0.252
0.733
0.834
1.366
1.384
0.479
1.073
2.657
2.757
1.354
2.013
2.018
1.396
2.933
4.258
4.344
2.315
1.262
1.305
3.366
4.863
5.167
3.342
3.276
2.610
3.493
3.683
2.740
1.932
1.807
2.289
2.384
2.227
1.816
0.617
1.115
1.515
1.572
1.142
2.326
2.364
2.441
2.194
2.247
1.366
1.390
1.338
0.818
0.393
0.393
0.445
1.219
1.316
0.592
0.004
0.647
2.070
2.143
1.938
2.007
1.919
1.139
18.936
19.641
5.346
2.922
2.992
3.081
1.428
2.042
2.985
3.112
1.867
1.249
1.479
2.264
2.814
2.920
1.993
1.880
1.729
1.785
1.856
2.710
2.831
3.143
3.229
1.293
0.743
0.675
0.693
0.400
0.415
0.884
1.836
2.424
2.548
1.891
2.377
2.493
1.979
1.626
1.237
1.452
2.120
2.196
1.613
1.694
2.915
3.328
2.185
4.430
4.486
8.062
8.567
5.514
3.124
3.331
8.937
9.084
2.552
1.977
2.194
2.290
1.754
1.336
4.256
4.415
2.976
3.059
1.835
1.486
1.461
1.536
2.764
4.586
4.856
4.983
3.509
3.598
1.808
2.734
2.851
5.256
5.401
3.676
7.751
7.837
2.165
2.834
4.368
4.489
2.673
3.245
3.356
2.941
2.579
2.633
2.917
3.021
1.934
3.415
3.437
2.683
2.723
9.600
9.892
8.137
4.386
4.440
7.138
7.178
4.440
4.541
6.463
6.468
4.719
17.127
17.215
7.930
3.369
3.648
2.912
2.694
2.909
4.132
7.551
7.557
1.798
1.854
4.323
8.841
8.852
8.714
0.946
1.262
2.466
9.788
9.955
3.942
2.304
2.045
5.713
5.764
3.898
3.797
11.653
13.483
9.233
5.188
5.195
7.959
8.015
6.054
5.898
7.971
10.166
10.545
8.342
6.585
6.644
4.891
5.473
9.770
9.770
1.352
1.357
4.125
4.306
4.318
6.349
6.909
8.561
9.740
5.709
5.907
5.907
1.348
2.890
2.894
2.414
2.069
3.303
7.187
7.186
1.551
1.853
1.853
1.052
0.894
2.681
2.681
3.212
4.465
4.509
2.489
1.761
12.658
13.004
7.124
4.925
2.528
7.527
17.057
17.846
2.274
1.827
22.586
25.973
21.973
24.974
17.425
20.264
20.277
7.440
7.549
8.942
8.887
1.887
1.441
2.089
2.095
2.119
2.126
1.008
1.838
7.299
8.074
2.803
5.051
5.063
30.643
34.949
25.701
11.397
11.776
18.488
23.716
23.765
3.756
9.650
10.084
11.641
15.428
15.514
2.791
2.634
2.612
3.111
11.181
36.421
36.777
4.270
4.301
5.098
13.012
13.086
10.558
7.477
5.203
2.485
1.639
3.474
3.557
2.240
1.903
1.909
3.003
3.012
2.966
1.339
1.261
2.733
2.742
2.563
7.428
7.494
5.956
6.190
6.252
36.649
37.389
7.625
6.349
22.071
22.202
6.344
3.365
1.537
1.304
1.338
0.831
1.429
1.441
1.600
1.657
1.515
1.526
1.492
1.498
3.394
3.417
2.676
2.682
0.740
0.735
2.056
2.199
2.895
3.093
3.316
3.448
1.183
1.099
1.567
1.660
1.606
1.674
1.128
1.129
0.037
0.521
1.052
1.703
1.750
0.718
0.974
1.411
1.549
1.998
2.005
0.078
0.829
2.361
2.470
1.660
1.502
1.597
1.779
1.783
1.671
1.820
2.350
2.857
3.323
3.409
1.762
1.701
1.367
1.140
0.792
1.742
2.267
2.365
1.938
1.368
1.392
0.869
0.316
0.145
0.453
0.948
0.988
1.581
1.610
1.390
1.526
1.603
1.579
0.297
0.956
1.013
0.926
0.363
0.569
0.718
0.721
0.483
0.483
0.325
0.781
1.453
6.043
10.194
10.312
5.993
6.134
11.475
11.602
2.916
3.050
2.600
2.597
1.954
4.002
14.418
14.549
2.755
2.834
1.690
0.620
1.276
2.026
2.144
2.248
3.247
7.574
7.691
2.596
5.745
5.995
5.707
0.805
0.995
0.997
1.468
2.453
2.501
2.900
3.356
3.440
2.607
2.700
4.316
4.396
2.806
2.959
2.108
4.714
4.927
3.879
3.654
3.873
3.473
2.042
2.769
2.811
2.542
2.570
2.967
3.102
4.213
4.242
1.761
1.317
0.380
0.371
2.533
2.750
6.404
8.143
8.245
2.889
2.697
2.325
2.103
2.974
3.045
3.782
6.953
7.034
3.293
0.307
0.554
1.126
1.740
4.407
4.718
4.767
3.547
3.547
0.876
1.978
2.110
4.932
6.758
6.759
1.704
1.726
3.526
3.550
2.861
7.716
8.822
8.902
3.643
11.753
11.897
2.278
3.173
10.542
10.544
2.264
2.761
4.304
5.144
5.329
8.001
8.379
3.530
1.778
1.923
1.925
4.602
6.632
22.201
22.361
16.308
6.037
4.267
2.276
5.912
5.951
5.113
5.162
5.142
2.588
4.781
5.981
5.985
4.873
2.980
4.064
9.352
9.363
4.234
2.966
2.980
2.543
5.765
6.011
6.137
3.497
9.876
10.837
7.824
4.938
7.232
7.589
7.304
3.063
6.596
6.610
2.008
1.250
3.312
3.330
4.718
9.262
57.886
60.504
6.171
9.047
16.508
16.764
6.797
11.323
11.349
8.658
7.777
5.244
5.277
17.245
18.876
4.823
0.803
6.593
22.449
25.521
37.588
40.338
41.036
29.561
4.915
26.686
27.732
25.811
20.245
8.152
8.244
7.323
10.692
11.778
4.262
1.274
1.313
1.313
1.014
5.194
20.134
22.316
10.682
10.460
5.503
2.462
2.105
4.021
4.122
17.238
21.934
22.808
14.187
4.398
2.534
1.265
3.104
3.104
2.785
2.785
1.043
0.879
1.858
1.858
7.199
7.366
6.382
1.960
0.781
0.678
1.520
2.099
2.616
2.626
2.584
2.603
2.921
2.950
3.011
3.407
3.410
1.109
3.333
4.473
4.628
25.125
34.997
35.466
11.550
2.536
1.758
1.816
1.205
0.695
1.509
1.618
1.381
2.821
2.844
6.214
6.278
2.693
1.607
2.299
2.345
0.647
1.035
1.066
9.432
9.691
2.154
1.910
3.448
3.596
3.274
3.370
2.577
1.978
2.791
2.924
2.759
2.885
1.803
1.829
1.429
1.365
0.386
1.160
1.250
0.708
0.570
0.672
1.566
1.610
1.390
4.684
4.834
1.788
1.784
1.863
1.066
4.575
4.790
2.002
0.578
0.519
0.870
2.345
2.419
1.284
0.607
1.332
1.350
1.535
1.535
0.748
1.160
1.457
1.976
2.055
1.346
2.031
2.034
1.275
1.533
1.555
0.333
0.592
1.148
1.977
2.279
3.398
3.543
3.226
1.649
1.036
1.696
1.719
1.533
2.545
2.620
2.379
1.973
25.243
26.821
2.801
1.741
1.856
1.634
0.946
1.889
1.957
1.849
2.053
3.193
3.309
3.036
2.278
0.478
0.076
0.001
0.001
0.002
0.269
0.886
2.209
2.748
2.841
1.919
2.082
2.691
3.661
13.501
13.587
10.515
14.010
14.109
2.610
2.287
2.354
0.766
2.649
2.752
1.865
1.895
2.838
3.843
4.200
4.422
3.691
1.120
1.128
1.667
30.584
30.827
1.908
1.432
1.548
4.030
4.216
3.815
2.921
2.197
2.450
2.933
3.326
3.466
3.035
2.503
3.402
3.539
1.838
3.943
4.090
2.467
2.496
1.249
2.537
3.570
3.683
2.384
2.589
2.696
2.124
0.979
0.979
3.544
3.570
3.612
3.636
0.654
4.033
4.161
4.353
4.290
4.435
3.368
3.237
3.102
3.132
2.310
2.375
2.422
1.838
2.549
2.603
1.084
4.722
4.952
5.697
5.721
1.403
3.338
3.535
2.468
2.294
1.281
0.684
1.660
1.663
2.589
10.719
10.736
4.256
5.242
5.258
2.790
5.720
5.773
1.780
1.887
1.750
4.528
5.532
7.242
7.286
2.014
4.780
4.832
8.048
8.176
5.255
7.824
7.842
4.508
4.514
6.239
8.563
8.793
4.096
4.057
2.408
2.436
2.064
2.112
2.668
3.977
5.478
6.620
6.636
5.367
8.965
8.991
3.881
21.453
22.039
24.667
25.294
26.507
16.597
16.849
8.652
5.246
6.646
6.661
5.296
20.731
32.036
32.698
7.798
13.428
52.852
53.423
20.938
9.946
15.806
15.862
23.353
23.450
18.430
7.768
23.325
46.498
46.830
22.349
13.632
14.075
14.193
28.269
28.961
4.023
4.334
7.630
28.462
29.099
22.356
23.692
9.201
3.995
3.995
1.911
3.642
3.642
9.804
14.519
14.560
6.992
12.416
12.535
2.493
0.748
0.672
3.942
13.803
13.903
13.817
14.036
3.050
1.587
4.232
4.618
5.300
5.943
65.154
66.145
5.500
5.624
6.768
2.965
5.319
5.410
5.076
4.175
4.213
1.735
7.569
14.008
14.133
3.729
6.352
6.466
6.905
4.176
1.478
1.520
2.054
8.421
8.448
4.828
5.745
5.829
5.113
3.093
2.861
3.506
3.623
3.691
2.005
2.623
7.845
8.508
7.947
2.081
2.122
3.233
4.385
4.442
2.670
3.680
3.698
1.291
0.896
0.966
0.839
8.225
61.709
62.034
2.688
2.767
1.550
1.014
1.691
1.730
0.979
1.888
2.828
2.934
1.959
1.616
3.465
14.799
40.476
41.675
15.748
1.967
0.949
1.484
1.563
1.353
0.967
0.968
0.851
2.085
2.641
3.467
3.605
3.014
2.681
2.812
2.439
0.508
0.354
1.166
2.821
3.050
3.185
3.024
1.635
1.635
1.144
1.316
1.372
2.233
2.784
2.872
2.697
2.150
1.495
1.329
1.410
1.793
1.912
1.816
1.911
1.203
1.164
1.432
1.739
1.789
0.581
1.091
1.131
1.035
4.196
4.269
1.103
0.845
0.658
0.713
1.030
1.429
2.736
2.832
1.584
15.739
17.464
15.348
1.026
1.691
1.756
1.608
1.717
1.760
1.182
1.269
1.184
0.523
0.503
0.021
0.931
0.952
2.894
2.986
0.808
0.426
1.142
3.566
3.700
1.176
1.493
2.820
10.204
10.547
8.980
2.666
2.975
3.124
2.157
3.124
3.422
3.531
2.721
2.861
3.116
3.707
3.855
2.981
0.659
1.597
1.662
1.980
1.982
1.808
1.808
1.551
1.368
0.784
4.698
4.856
3.917
2.096
3.185
3.276
1.801
1.198
1.681
2.759
2.846
3.033
3.161
2.548
2.648
2.410
2.909
3.955
4.045
3.030
0.049
4.696
4.701
3.389
3.514
2.629
1.557
1.588
0.897
1.628
4.176
5.997
6.157
4.199
3.967
3.168
3.285
2.849
2.041
1.980
1.382
1.433
4.025
4.068
7.725
8.057
2.443
1.859
2.149
3.251
3.251
6.419
6.420
5.466
3.073
2.955
8.098
8.221
6.333
6.123
6.239
4.324
0.862
5.735
8.259
8.330
5.930
4.259
3.157
3.185
4.790
4.826
2.378
2.371
2.469
1.427
2.594
2.790
2.790
1.536
1.544
2.038
12.737
13.086
6.165
3.202
2.794
3.092
3.261
5.228
7.403
8.340
8.352
20.086
20.109
11.413
12.506
9.829
5.883
4.182
3.802
6.239
6.459
3.837
3.982
4.071
4.119
7.738
7.795
3.166
9.889
10.004
5.321
6.810
7.208
6.112
11.627
12.583
8.088
3.363
7.196
11.299
13.792
13.317
13.349
14.994
15.061
8.085
8.111
3.838
1.476
1.913
3.733
6.166
6.312
6.508
6.845
4.392
20.370
26.406
51.947
55.468
28.307
49.101
50.475
32.865
8.501
16.702
17.579
6.152
23.057
23.131
10.342
10.397
9.771
9.851
4.036
13.850
15.077
7.802
7.735
8.342
8.262
4.895
3.539
3.755
4.051
4.111
4.325
5.282
5.288
5.981
6.381
5.780
5.792
1.448
2.833
2.833
1.920
2.531
5.282
5.285
4.756
9.302
9.312
3.346
0.397
5.339
5.446
2.525
2.430
3.504
3.573
3.296
6.211
9.538
9.685
3.747
4.799
4.931
2.552
2.318
1.632
2.390
7.332
7.351
6.352
6.356
1.342
0.920
4.388
4.392
3.333
4.701
4.705
3.921
3.943
1.734
2.688
3.623
3.841
4.151
2.160
7.747
21.213
21.398
1.937
3.028
3.896
6.321
6.361
2.922
26.123
26.173
5.230
1.807
3.352
3.370
1.631
8.236
8.391
1.341
0.769
0.958
1.579
1.662
1.591
2.728
2.882
2.892
2.932
1.764
1.795
1.236
1.557
2.153
2.227
2.477
2.603
2.158
1.995
2.032
1.925
2.268
2.806
2.911
2.882
2.981
3.081
3.743
3.877
2.624
2.223
1.721
7.929
8.189
2.590
2.045
2.046
4.395
4.397
1.331
1.170
1.173
0.637
0.542
1.620
2.532
2.649
0.925
0.739
0.854
0.881
0.529
0.562
0.965
0.965
0.100
1.769
1.773
1.620
1.622
1.374
0.447
0.020
1.109
3.844
3.957
2.156
2.667
2.800
3.130
3.240
2.338
0.393
0.002
0.007
0.446
0.903
1.529
1.587
1.347
0.939
1.425
1.859
3.827
3.933
3.731
3.865
1.594
0.707
1.678
1.698
1.839
4.662
4.847
3.038
2.299
3.690
5.116
21.995
22.008
1.275
3.116
3.526
6.045
6.194
4.362
25.926
26.861
5.923
2.072
2.058
2.631
2.728
2.678
2.772
2.115
1.767
1.662
2.539
2.673
2.593
7.339
7.535
6.484
6.550
2.272
2.353
6.643
7.829
7.944
1.926
3.399
3.587
2.996
3.144
2.490
2.600
1.702
2.388
2.514
1.616
2.015
2.065
1.867
2.793
5.853
5.911
1.730
0.481
0.705
1.095
1.139
2.603
10.185
10.222
2.822
3.550
3.685
7.727
7.837
2.649
3.253
3.411
3.542
2.932
3.035
2.541
2.273
1.965
1.647
1.318
2.284
4.565
4.683
3.080
2.736
1.866
1.890
1.060
2.196
2.456
2.535
2.118
2.004
1.609
2.645
2.698
1.900
1.754
2.159
3.500
4.535
5.744
5.753
5.193
5.551
6.607
6.618
5.487
5.506
5.460
5.592
3.430
2.108
6.021
8.012
7.957
3.842
3.889
3.479
3.066
4.816
4.962
5.494
3.387
3.003
2.136
4.040
4.409
4.743
2.333
2.839
2.989
1.917
1.507
2.240
3.153
3.309
2.304
3.520
4.914
4.936
3.559
4.286
4.747
3.825
4.669
4.780
2.410
2.426
1.427
1.638
6.601
13.336
14.768
5.075
6.407
6.718
8.361
35.289
35.633
5.230
1.405
1.044
2.954
2.987
2.887
2.974
2.921
1.596
3.547
3.547
3.345
2.121
3.499
11.997
27.249
27.896
14.987
15.061
7.873
18.476
21.556
17.155
4.130
3.419
31.310
33.118
6.081
2.900
2.948
2.736
1.988
1.601
1.681
1.681
1.145
0.928
1.124
5.749
10.853
10.862
6.658
12.350
23.404
23.418
14.794
14.804
6.003
6.055
1.837
3.473
6.156
6.567
7.003
8.825
10.925
11.369
4.104
5.878
8.595
25.279
25.303
5.190
3.707
2.157
0.655
1.397
2.722
2.754
1.650
1.306
4.733
8.005
8.488
2.719
2.719
2.018
1.886
1.047
1.411
1.411
2.370
2.372
2.079
4.885
5.027
3.229
2.675
13.887
13.998
3.700
2.766
2.857
2.408
2.861
2.869
2.153
1.045
1.075
2.885
14.624
14.779
10.042
3.974
2.936
2.963
1.303
1.308
0.604
0.590
0.617
0.681
0.864
0.873
0.553
1.267
2.053
29.796
30.157
13.910
1.779
1.349
1.751
4.436
4.532
1.399
3.914
4.129
2.638
2.110
2.177
1.194
1.221
1.233
1.245
1.071
0.951
0.585
0.587
1.175
1.444
1.455
0.926
1.828
1.956
2.634
2.737
1.962
1.726
1.482
2.956
3.048
2.995
2.543
2.510
1.615
1.689
1.713
1.797
1.877
1.569
1.468
2.019
2.141
1.219
2.116
2.215
1.317
1.333
1.485
1.719
1.794
1.324
1.374
0.914
0.529
1.106
1.569
1.616
1.506
1.738
1.791
1.616
1.390
0.681
0.407
1.945
2.037
1.224
0.496
0.301
0.268
0.298
0.792
0.806
1.089
1.154
1.306
1.585
1.675
2.440
2.764
4.611
4.777
2.003
1.669
2.712
2.801
2.384
2.476
2.159
2.257
1.845
1.663
1.427
0.564
0.406
0.233
0.233
0.128
0.077
0.435
0.612
2.301
3.118
3.122
0.003
0.832
1.146
2.089
2.117
1.545
0.373
0.834
4.262
7.593
7.870
2.259
2.195
0.539
2.359
2.461
2.142
2.795
3.831
4.193
4.299
3.607
3.707
1.876
2.447
2.595
2.262
4.472
4.589
2.684
2.381
1.415
31.346
33.701
19.026
2.772
2.944
17.107
17.230
3.821
3.915
2.467
2.498
3.942
4.596
4.766
3.239
3.026
3.995
4.049
1.225
1.773
1.783
0.460
3.363
6.690
6.748
2.689
4.786
4.948
4.528
1.987
1.831
3.199
3.231
1.942
1.629
0.664
0.636
0.373
1.367
25.949
28.687
14.005
1.807
2.258
2.279
2.456
2.498
3.411
3.420
0.480
0.170
0.245
0.426
3.774
4.520
4.553
1.344
1.253
1.360
1.380
1.624
7.763
7.826
5.869
4.969
4.969
0.901
0.903
0.609
1.525
5.483
5.499
5.672
5.677
1.203
2.204
3.367
3.380
6.608
11.834
12.405
7.919
6.930
6.406
7.955
7.997
9.229
9.251
7.955
3.688
3.688
4.704
28.797
28.848
10.550
10.542
4.530
4.547
3.785
3.599
3.260
3.302
10.440
10.449
2.549
2.578
9.420
16.655
22.684
34.551
34.788
14.390
10.800
10.878
5.330
0.881
1.750
9.387
9.675
5.669
5.681
10.301
10.306
3.764
3.008
6.818
6.901
4.758
5.088
2.440
2.728
15.511
17.917
11.016
2.356
5.121
11.120
17.395
18.410
9.875
2.845
1.078
1.491
1.491
1.336
3.312
3.319
3.293
3.105
3.134
2.809
5.770
5.798
2.083
0.871
0.735
0.856
1.198
2.021
2.024
0.534
1.120
2.640
2.640
1.015
1.286
2.294
4.389
9.511
39.030
39.984
6.804
3.810
2.576
2.372
1.831
1.807
1.116
0.738
0.552
0.678
3.343
10.143
38.911
39.220
23.462
24.341
10.648
2.719
4.288
4.463
4.228
2.476
14.753
14.753
9.465
15.353
19.005
19.906
17.985
16.887
2.959
1.341
0.756
1.404
1.410
2.110
4.985
5.059
3.670
0.767
2.614
2.698
2.088
3.159
3.189
3.780
3.829
1.640
1.654
2.048
2.063
0.469
0.473
0.845
5.526
5.585
1.225
0.333
0.353
0.481
0.600
0.604
1.544
1.578
0.241
0.619
1.229
1.949
2.492
2.549
2.215
2.261
1.123
1.459
3.080
3.242
2.568
1.546
1.760
2.355
2.506
3.367
3.772
4.439
4.604
3.123
4.365
4.584
4.587
3.829
4.005
2.067
2.181
1.551
1.551
1.637
1.705
1.141
0.712
1.236
1.485
2.117
3.318
3.452
2.657
12.947
13.134
3.279
1.597
0.686
1.007
1.197
2.064
2.178
1.830
1.853
2.512
2.625
2.313
1.623
2.695
2.808
2.212
0.766
0.939
0.964
1.011
1.059
0.571
0.193
0.863
1.095
1.436
1.994
2.073
1.749
1.794
1.926
2.401
2.641
2.769
2.640
2.575
1.242
1.230
1.304
2.540
2.985
3.041
1.808
1.792
2.184
2.277
1.684
1.690
3.628
3.704
2.303
0.568
1.147
4.412
4.486
9.985
10.090
2.310
1.229
1.039
14.827
14.954
5.718
24.179
24.228
3.525
3.643
3.247
2.975
2.499
1.589
1.817
2.152
3.458
16.210
16.266
2.589
3.225
12.169
12.304
2.652
2.778
3.838
4.260
4.385
3.136
3.247
2.696
2.795
2.237
3.720
6.352
6.448
3.782
3.835
0.493
0.001
1.744
3.417
3.555
1.982
2.798
2.909
2.952
2.976
0.874
0.176
0.456
0.458
0.673
2.126
2.126
1.688
3.112
3.125
2.043
2.232
4.102
4.234
4.218
4.218
1.888
1.883
0.246
0.405
0.975
1.239
1.239
3.310
3.385
3.014
4.113
22.472
23.176
11.010
6.241
0.671
0.163
0.077
0.021
0.167
0.778
0.780
8.304
8.307
0.341
1.889
3.676
3.750
4.947
5.042
4.841
2.390
23.678
23.724
1.376
6.194
7.691
8.520
8.533
9.511
9.957
2.634
3.311
7.519
7.519
1.923
0.629
1.566
1.702
1.598
1.646
6.151
6.218
5.467
5.597
4.129
5.689
11.926
12.023
3.990
3.456
6.161
8.692
8.731
28.642
28.728
9.111
9.491
10.843
10.868
5.732
5.910
5.723
5.082
2.912
5.347
5.347
3.716
2.084
2.813
3.183
4.147
4.147
4.407
4.407
2.284
3.590
3.608
11.793
17.570
19.859
24.303
24.513
7.965
7.806
11.067
11.094
19.269
43.051
46.404
24.216
25.705
23.010
25.531
26.198
19.256
19.489
30.628
32.368
14.743
29.480
32.459
15.724
2.473
2.478
1.452
1.452
1.026
1.310
1.315
8.531
13.988
14.409
11.203
25.508
25.716
24.969
7.424
7.779
6.346
0.582
1.854
6.114
7.027
5.698
3.164
3.911
4.062
4.847
5.386
5.500
5.673
6.014
7.865
17.265
37.863
49.069
52.379
20.427
15.549
18.087
18.163
2.021
2.035
2.111
4.487
4.550
3.063
5.709
5.709
5.408
5.408
1.285
0.894
9.023
19.753
20.553
6.409
4.765
4.797
2.879
1.494
1.508
1.052
1.883
1.897
1.206
2.227
8.431
9.167
20.002
21.615
5.555
5.845
1.388
1.230
2.265
2.275
1.959
2.050
2.740
2.857
3.662
3.832
3.733
0.755
0.786
0.959
1.116
1.384
1.684
2.507
3.423
3.773
2.667
0.646
1.745
1.938
2.026
3.277
3.322
1.156
1.436
2.482
2.511
0.439
0.228
0.545
0.868
0.951
0.987
2.897
3.005
1.191
0.344
0.615
0.640
0.521
0.140
0.140
0.777
2.564
2.678
2.099
3.286
3.298
1.452
1.498
1.841
2.206
2.309
2.905
2.978
2.565
2.297
2.400
2.513
2.258
2.338
1.501
1.183
1.093
1.087
0.928
0.747
0.965
0.993
0.532
0.574
0.600
0.953
1.565
1.693
1.749
1.357
1.596
1.716
1.712
1.967
2.066
0.765
1.061
2.101
2.414
2.508
2.301
2.348
1.848
1.301
1.102
3.368
3.526
3.039
2.991
3.510
7.296
7.375
4.611
4.698
1.973
2.934
3.729
3.902
3.344
3.102
2.000
2.578
2.690
2.348
2.250
2.366
3.939
4.084
2.564
2.432
2.850
2.968
2.793
2.505
1.929
2.018
6.843
6.992
3.083
0.484
1.066
2.886
3.008
3.828
3.998
3.244
1.549
1.042
1.372
2.002
6.906
7.052
3.562
1.604
3.035
3.226
2.460
2.185
3.252
3.371
3.271
3.403
2.962
3.170
3.306
5.422
5.545
3.246
2.859
3.253
4.260
4.406
3.558
3.195
3.326
4.332
4.411
2.345
2.205
4.548
4.617
4.418
5.788
5.805
10.781
10.820
1.705
1.770
1.153
2.623
9.589
11.388
11.569
2.738
2.712
3.400
3.556
1.639
1.782
1.782
1.861
2.108
2.279
2.297
3.241
3.297
2.933
2.124
6.566
6.752
3.477
6.825
9.368
9.551
7.692
8.633
8.659
4.021
4.227
4.338
4.281
11.568
11.570
7.491
3.243
3.272
3.858
3.959
5.078
5.116
4.613
4.738
4.756
2.744
4.600
4.606
6.682
6.726
11.612
11.679
11.773
11.806
5.938
9.760
11.978
12.093
5.610
3.616
2.267
2.278
7.486
8.194
15.202
15.750
7.940
7.963
9.006
13.051
13.368
8.507
6.199
5.860
6.095
4.500
6.069
9.506
9.648
3.266
12.149
12.276
20.044
21.864
6.772
12.418
15.079
14.885
4.581
2.868
2.700
4.201
6.979
7.527
10.499
15.187
16.261
18.616
19.617
18.168
9.170
14.225
14.368
34.977
36.642
23.775
6.957
12.457
12.504
2.459
2.463
3.964
3.968
7.576
7.980
8.452
8.780
7.572
6.119
16.515
16.518
1.715
5.598
5.840
8.501
11.369
12.366
49.010
52.275
19.531
7.628
27.535
28.284
2.730
2.306
2.754
2.782
7.755
8.584
13.792
30.545
31.197
11.976
4.939
2.886
2.783
4.843
6.877
6.928
3.713
1.576
1.963
2.460
2.479
2.841
4.081
7.264
7.477
2.777
2.777
2.118
3.396
3.403
1.207
1.311
5.004
5.017
3.842
2.841
2.331
1.860
16.698
18.654
16.724
0.477
2.839
2.845
1.131
3.519
3.720
3.190
2.334
2.252
2.295
2.312
1.633
2.818
2.820
0.861
0.869
0.931
1.583
1.588
0.622
1.292
1.853
1.917
0.717
0.994
1.409
3.746
3.797
1.831
1.909
1.972
1.169
1.153
1.748
5.223
5.347
1.119
0.317
0.002
0.033
0.151
0.680
1.766
1.823
1.661
1.760
1.355
1.090
1.010
1.926
2.941
3.087
2.424
2.583
2.712
2.450
2.073
2.137
1.232
0.209
0.356
0.696
0.750
0.732
1.394
1.452
0.702
0.557
0.901
0.901
2.489
2.995
3.098
2.353
2.529
2.645
2.176
2.118
0.445
0.021
0.361
1.062
1.782
1.988
2.127
2.252
3.589
3.598
1.965
2.041
2.347
3.008
3.159
3.250
0.531
1.881
2.934
3.050
2.603
2.638
2.940
3.247
3.389
2.498
2.480
1.753
1.015
0.542
0.302
0.840
0.999
1.589
1.589
0.020
0.031
0.259
2.080
2.205
3.323
3.465
3.351
2.921
3.149
3.157
2.519
2.528
2.115
1.604
1.939
2.007
2.022
2.023
1.306
2.438
2.461
0.773
1.607
1.961
2.094
2.139
2.310
2.356
2.582
4.113
4.118
4.307
8.538
8.788
4.832
4.996
3.735
3.742
0.624
1.097
1.973
2.523
2.640
2.980
3.070
2.498
2.007
1.990
1.815
0.564
0.564
0.411
1.029
3.104
4.333
4.351
4.648
4.681
4.125
4.150
4.150
6.547
8.551
8.605
2.964
4.002
4.266
4.400
3.427
1.831
2.551
2.758
2.760
3.325
3.418
3.133
3.394
3.524
2.180
1.711
3.461
3.946
3.996
3.420
6.559
6.582
6.077
3.662
7.097
7.270
1.830
1.156
0.924
1.342
1.724
3.272
3.273
3.873
3.901
6.864
6.901
5.371
2.825
1.333
2.105
2.242
2.539
3.081
11.452
25.209
25.246
4.570
2.587
2.595
1.117
1.140
0.460
2.194
3.764
14.180
14.277
9.076
36.060
63.745
63.759
2.383
6.106
6.140
6.730
6.781
9.982
10.017
2.500
5.974
7.560
7.614
2.609
2.185
7.006
9.094
9.386
7.267
6.013
4.977
5.118
2.656
2.310
2.372
2.243
2.419
2.434
3.567
3.634
3.684
3.291
12.809
12.841
16.766
17.097
14.593
26.171
26.196
15.491
14.238
3.715
2.955
1.899
1.090
1.322
2.353
6.542
6.542
2.279
11.026
11.046
1.223
4.060
4.060
1.667
2.388
13.340
13.350
0.799
2.185
48.184
53.112
51.016
12.294
23.576
25.407
8.777
24.273
25.879
25.933
45.931
48.678
24.219
16.633
8.727
10.014
7.972
7.432
7.457
20.227
20.239
11.578
13.118
9.507
23.094
40.470
40.524
3.880
12.284
13.226
3.494
3.473
4.627
4.735
7.042
7.071
2.407
3.479
3.558
2.967
1.357
6.867
11.227
11.820
2.213
5.049
5.055
2.974
2.976
0.601
3.617
3.621
1.274
1.652
3.203
3.294
2.196
3.352
3.358
0.726
2.551
3.734
3.745
0.886
4.760
4.760
1.500
1.498
0.809
3.492
5.884
5.904
12.049
54.129
57.315
8.517
2.827
2.126
1.901
1.434
0.745
0.737
0.737
0.584
1.418
1.728
2.287
2.412
1.949
1.277
1.627
1.691
1.764
1.623
1.635
1.236
1.265
1.011
0.952
0.250
0.252
0.213
0.198
0.393
1.410
1.627
1.904
2.010
1.915
1.356
1.407
1.834
2.706
11.016
12.222
9.421
3.202
2.590
2.255
1.850
0.957
0.383
1.512
1.711
1.771
1.101
1.146
1.238
1.872
1.953
1.813
1.283
2.476
2.818
3.037
3.172
1.869
0.924
0.979
0.941
1.769
1.877
2.686
2.838
3.339
3.444
2.593
0.712
2.111
2.201
2.313
3.405
3.450
2.947
3.072
2.071
2.150
6.744
7.296
2.100
0.035
0.592
2.103
2.181
0.540
0.460
1.685
1.873
1.941
1.529
2.101
2.171
2.087
1.416
0.872
0.795
1.418
1.454
1.555
1.682
1.646
2.404
2.456
1.438
0.604
0.891
1.350
2.017
2.742
2.860
2.632
2.579
2.687
2.167
2.280
1.004
0.393
0.751
16.562
16.673
1.967
7.936
8.053
2.539
2.669
2.798
2.897
3.000
2.298
2.408
1.514
1.932
4.744
4.934
2.208
1.594
1.651
2.548
10.773
10.828
3.038
3.119
2.754
3.000
3.072
2.762
2.830
2.623
2.637
2.866
8.012
8.055
3.337
1.479
0.721
0.467
0.394
0.118
0.662
3.334
3.400
2.784
2.908
3.041
4.068
4.114
2.404
14.143
14.299
3.774
3.095
1.917
1.978
1.698
1.755
1.454
0.658
1.900
2.709
2.709
2.600
2.583
2.625
2.179
2.184
2.658
7.535
7.556
1.988
1.970
2.236
2.298
1.941
3.023
4.831
4.871
2.226
2.983
3.089
2.089
2.775
2.809
3.742
11.464
11.494
4.394
5.052
5.190
4.701
4.904
4.094
2.241
1.763
1.812
2.136
3.324
3.365
17.242
18.031
6.472
3.603
11.647
15.110
15.110
6.086
6.687
6.712
4.456
6.592
6.682
5.423
10.976
11.074
51.948
55.336
11.951
5.434
2.977
6.879
6.933
7.112
7.171
2.674
6.912
6.939
5.374
9.867
9.921
32.810
36.772
8.362
8.070
14.857
14.976
4.011
4.021
44.365
44.387
7.880
9.488
10.217
14.642
14.956
9.500
5.224
6.230
6.421
4.492
12.852
75.793
77.639
40.955
17.612
5.709
2.672
4.255
10.057
13.002
14.595
12.486
8.726
7.911
10.531
13.590
14.069
15.596
16.452
5.281
18.747
41.898
44.884
8.878
3.326
3.337
10.249
10.995
3.278
2.635
3.094
3.110
2.387
2.398
1.561
2.889
6.550
14.407
14.699
18.981
19.214
9.742
25.310
29.911
17.939
20.801
21.951
18.020
9.504
9.564
5.773
14.008
17.567
18.134
4.568
3.752
10.278
10.392
4.458
10.992
12.161
11.371
3.007
5.057
5.529
6.362
6.367
2.306
4.123
4.202
4.246
2.460
6.975
6.989
9.493
11.482
11.596
3.796
1.984
2.019
2.112
1.429
1.592
1.614
2.520
2.531
2.968
2.992
3.145
3.147
1.227
2.872
4.759
4.901
2.764
1.832
0.941
4.651
4.677
5.103
5.245
5.055
4.153
8.179
8.377
5.020
1.943
2.118
2.172
1.718
0.958
1.428
1.564
1.263
21.350
21.893
3.995
2.123
0.876
0.785
0.932
0.968
0.911
1.195
1.255
1.190
1.515
2.865
3.040
2.558
2.786
2.881
8.130
8.368
5.783
3.675
1.660
1.512
1.120
0.423
0.620
1.517
2.966
3.126
3.379
3.529
2.800
2.651
1.462
0.698
0.331
0.347
1.184
1.793
2.612
2.764
2.929
2.805
2.365
1.830
1.748
2.365
2.446
1.978
1.812
1.254
1.602
2.228
2.349
2.216
1.980
1.984
1.537
1.200
1.162
8.600
9.411
4.989
1.465
1.505
1.288
1.768
1.818
1.390
2.059
2.185
1.519
1.414
2.179
3.008
3.164
3.279
2.986
2.564
2.671
1.876
1.301
1.371
1.632
2.078
3.009
3.266
3.437
2.485
2.431
2.893
3.102
2.465
1.404
0.421
0.134
1.231
1.231
1.509
3.521
3.670
2.979
2.372
2.453
2.052
2.664
3.994
29.102
29.206
3.030
3.014
3.069
3.280
2.175
0.858
1.170
1.877
1.939
1.766
1.827
1.306
2.025
2.786
3.215
3.331
3.033
2.246
3.083
3.337
3.460
2.090
1.763
2.140
2.141
0.557
0.122
0.892
2.580
9.563
9.710
3.260
2.233
2.478
2.869
3.083
4.710
4.754
5.220
5.242
3.415
3.738
3.716
3.867
2.831
5.049
5.110
1.937
3.636
3.721
3.341
4.032
4.035
2.673
6.162
6.250
5.240
2.698
0.795
1.600
2.771
3.618
3.720
2.941
6.023
6.117
6.140
4.508
4.510
1.038
1.039
5.448
5.491
3.308
5.005
5.006
1.125
7.919
7.943
6.948
6.952
5.293
5.311
5.045
3.581
3.889
3.946
2.855
6.373
9.549
10.467
9.106
2.838
4.904
4.981
2.880
7.782
7.782
3.258
3.277
2.692
2.728
3.010
3.031
22.792
23.045
9.705
11.046
3.745
3.790
2.569
8.827
8.858
4.358
4.025
1.686
8.982
9.000
8.352
24.514
26.303
16.109
11.667
3.435
3.479
2.317
17.778
21.088
14.312
15.177
15.124
33.896
35.005
34.327
11.844
13.601
13.796
7.341
6.411
14.704
14.974
3.898
3.206
2.697
2.379
11.168
27.553
28.586
36.451
38.052
15.071
15.807
10.833
10.866
12.504
12.747
6.233
2.995
4.211
12.520
13.244
11.644
13.828
23.948
24.117
14.672
15.133
14.189
14.574
11.638
12.072
8.256
8.267
10.650
10.807
3.289
5.748
9.819
10.921
73.632
81.584
40.477
14.080
7.876
0.559
29.643
32.378
4.619
2.519
1.715
0.917
0.451
0.413
0.413
0.689
0.693
0.378
0.378
0.365
0.541
2.334
2.388
13.817
15.937
9.167
9.364
9.822
5.007
2.300
2.489
3.480
9.742
19.563
19.832
15.366
5.595
3.295
6.632
8.814
21.800
22.925
23.127
2.913
1.205
1.230
1.391
3.444
3.449
1.519
1.401
0.622
0.523
1.535
1.564
0.845
0.269
0.124
0.124
2.382
11.568
12.224
6.125
1.220
1.017
1.703
17.010
17.063
0.597
1.742
2.519
2.562
2.042
1.216
2.788
2.878
3.765
4.099
2.976
3.257
3.814
7.485
7.597
4.719
0.895
0.013
0.001
0.737
1.234
3.036
4.024
4.996
5.190
3.969
1.270
1.115
0.829
0.654
0.014
0.075
0.137
0.137
0.046
0.046
0.196
0.199
0.150
0.083
0.602
0.974
1.018
0.899
1.495
1.811
1.859
2.827
3.097
3.196
2.254
1.086
1.292
1.723
1.843
1.529
1.224
1.271
1.436
1.489
1.314
0.908
1.192
1.788
1.842
1.778
1.841
1.510
1.251
1.153
18.023
18.148
3.756
3.704
3.864
3.627
2.982
2.286
2.245
2.305
1.338
1.411
1.458
0.453
0.634
2.698
2.907
3.045
3.092
3.745
3.909
2.986
3.107
2.365
1.587
2.620
2.737
3.199
3.317
2.243
2.273
2.134
1.169
1.020
1.747
1.910
2.036
2.115
43.509
43.552
2.141
2.217
2.786
2.891
2.714
2.982
3.616
3.843
1.994
1.582
1.597
1.641
2.557
2.637
3.229
3.795
3.961
1.935
11.173
11.576
3.994
4.122
3.331
3.401
1.960
3.659
3.835
3.398
1.339
1.263
0.930
2.617
16.132
16.176
5.028
5.032
1.348
1.348
0.288
0.719
2.556
2.661
2.090
1.197
3.253
3.269
2.633
1.821
1.924
1.830
1.536
1.535
0.195
4.721
5.455
5.812
4.550
3.630
5.469
5.748
7.888
7.902
4.795
4.887
2.152
2.955
3.051
2.278
2.615
2.700
2.728
3.483
3.665
3.764
1.896
1.565
1.899
2.511
3.772
3.879
2.903
1.687
1.795
2.348
3.587
3.596
2.117
1.359
0.841
3.779
3.783
1.690
1.720
2.615
2.769
2.579
2.289
4.270
4.309
4.323
4.323
2.307
2.167
1.651
1.684
1.695
3.606
3.620
1.686
1.723
2.337
2.360
2.397
4.187
8.878
12.126
12.224
5.488
5.667
11.964
12.218
6.616
6.622
4.615
4.539
3.189
3.346
27.322
37.995
40.631
9.089
5.168
5.434
17.229
17.262
11.015
25.419
26.075
9.957
2.825
2.907
3.335
3.350
1.291
19.127
21.550
48.022
49.952
50.010
3.152
3.158
3.254
3.388
5.638
9.608
9.653
35.307
38.254
16.557
7.965
11.820
11.833
8.061
17.292
17.350
19.242
20.009
7.812
8.023
6.623
10.733
10.836
2.359
4.789
12.564
14.130
6.475
1.229
1.458
1.554
4.921
5.099
1.869
1.726
1.726
0.904
0.904
0.790
1.126
2.827
2.937
1.333
9.481
19.840
39.259
39.384
6.289
6.089
6.089
4.831
1.755
1.948
2.866
4.338
12.018
29.576
29.576
1.846
1.846
1.067
0.439
0.250
0.250
1.176
4.137
4.175
17.421
39.677
41.429
44.206
49.013
25.434
18.016
23.206
14.819
6.285
3.929
3.296
3.339
0.893
1.081
1.086
0.723
1.681
2.175
6.896
7.580
7.643
3.433
2.581
0.996
1.022
8.335
8.517
6.311
1.865
1.988
1.934
1.354
1.537
1.919
2.104
1.811
1.674
1.487
1.732
2.376
3.419
3.554
3.326
1.382
0.376
0.073
0.106
0.880
1.217
1.269
1.469
1.518
1.531
1.863
2.498
2.640
3.565
3.756
2.587
1.980
1.382
1.475
1.288
1.233
0.543
0.691
0.698
0.942
0.989
0.955
1.484
2.272
2.417
2.318
1.834
1.511
1.749
1.895
2.101
2.203
1.690
1.366
0.573
0.320
0.438
2.012
2.134
2.576
2.711
2.738
2.599
2.754
2.730
1.916
1.547
1.598
1.662
1.604
2.013
2.126
0.800
0.858
1.073
1.073
0.625
0.655
0.673
0.805
0.918
0.919
2.229
2.354
2.036
1.433
2.196
2.431
2.545
1.456
1.688
1.742
0.554
1.577
1.911
1.938
1.303
1.655
9.373
10.664
8.311
2.359
2.472
2.291
2.400
1.894
1.818
1.804
1.707
1.217
1.231
1.002
2.770
2.783
2.333
0.803
2.136
2.176
3.136
3.193
1.805
1.584
1.633
1.436
1.367
2.626
7.166
41.158
43.955
13.028
3.607
2.954
2.978
1.849
1.923
15.645
15.692
1.330
1.917
2.442
2.504
2.074
2.107
0.735
1.823
2.386
2.402
1.179
1.308
5.264
5.312
0.879
2.088
2.157
1.862
1.360
2.243
2.308
1.944
1.938
4.187
4.204
0.786
1.360
2.534
2.651
1.813
2.569
4.830
4.993
3.270
3.379
2.692
2.812
2.609
2.868
2.927
1.484
1.522
1.064
2.662
2.811
2.373
1.060
1.471
4.453
4.472
3.571
3.533
2.140
7.232
10.257
10.751
6.072
2.332
2.343
0.974
2.667
2.876
2.716
2.854
2.598
3.313
3.351
3.149
3.366
3.384
2.971
3.320
13.899
14.073
5.924
6.008
5.092
5.788
5.822
5.388
5.587
3.619
5.855
5.860
3.826
3.065
3.126
4.262
4.262
2.601
3.930
4.660
21.303
34.276
37.147
37.733
1.903
1.404
3.113
6.029
6.170
5.803
5.902
2.284
2.332
1.568
1.870
1.875
5.577
6.147
6.118
7.357
7.560
4.498
4.343
28.567
31.553
12.618
9.722
9.778
8.182
8.328
8.389
8.549
8.271
8.292
3.582
3.177
21.240
29.821
35.381
30.348
31.574
28.264
16.343
17.101
8.058
6.674
2.382
3.116
3.239
16.992
21.454
26.790
27.044
21.192
22.538
6.623
4.822
4.860
3.864
3.130
3.133
2.474
8.401
17.733
26.424
26.589
4.497
4.601
10.506
11.400
12.485
6.591
19.171
19.472
9.636
8.167
7.791
7.791
1.981
1.981
6.232
6.232
0.980
1.854
6.276
6.290
3.809
4.240
5.295
10.660
10.819
9.705
6.597
3.800
2.458
3.003
11.042
20.969
21.304
12.177
5.346
10.071
10.141
7.635
5.683
2.299
4.095
4.110
9.021
9.026
3.596
2.804
2.724
2.511
1.940
0.631
0.633
1.041
3.119
3.178
1.314
1.263
2.047
2.268
2.394
3.254
4.265
6.159
6.198
13.633
13.848
1.728
0.205
0.114
0.249
0.436
0.501
21.232
46.726
48.596
12.646
0.967
3.436
4.603
4.698
2.683
2.714
0.415
1.055
4.060
4.151
10.000
10.340
3.317
4.125
4.291
4.075
3.744
3.735
2.750
1.355
1.637
1.702
1.637
0.608
0.680
0.907
0.934
0.745
0.960
1.349
1.406
1.587
1.647
1.441
1.165
1.173
0.790
0.808
0.137
0.137
0.188
0.213
0.551
1.814
3.297
3.512
3.160
1.358
1.886
1.990
1.662
1.470
1.667
1.768
2.933
3.127
4.216
4.426
2.609
1.145
0.333
0.413
1.152
2.773
2.944
2.433
1.523
1.255
1.768
2.152
2.233
1.597
2.690
2.806
2.755
1.942
2.147
2.387
2.463
1.886
3.388
3.533
3.021
1.972
2.380
2.455
4.734
4.750
1.283
1.735
2.441
2.600
2.319
9.893
9.976
1.042
0.470
1.452
1.816
2.354
2.500
1.455
2.540
2.556
0.643
0.675
0.646
0.961
1.007
1.603
1.640
3.421
4.077
4.226
4.063
2.858
2.241
4.554
4.667
2.001
9.379
9.512
17.398
17.495
1.968
1.592
2.409
2.791
8.630
8.812
2.973
1.477
3.023
4.700
4.914
5.545
5.655
2.409
4.372
4.951
2.207
2.235
2.603
2.711
2.068
1.832
2.586
2.661
1.921
1.474
0.611
1.458
5.654
5.769
3.034
2.616
6.404
6.428
1.577
2.792
2.899
2.216
1.699
1.879
2.573
2.628
2.731
3.774
6.152
6.169
1.437
1.884
4.368
4.492
3.177
2.585
1.987
4.961
5.027
3.823
3.884
4.024
4.131
3.172
1.917
1.993
2.055
1.303
1.535
2.726
2.795
3.561
4.645
4.751
2.969
2.969
1.758
7.303
7.658
5.476
9.657
9.764
5.369
3.842
3.949
3.846
4.305
4.335
1.942
2.088
3.791
3.881
3.019
0.896
2.213
6.771
6.930
4.695
4.751
4.237
4.279
15.994
40.659
76.791
76.795
0.609
0.519
2.381
2.488
2.442
2.001
2.183
8.906
9.033
4.001
11.283
11.323
21.215
23.439
9.826
5.078
5.078
2.935
4.311
4.991
7.896
7.937
10.536
22.789
29.862
33.473
22.266
8.490
3.397
22.236
34.585
35.544
20.238
8.264
4.826
3.117
4.869
7.187
7.219
9.172
10.467
5.625
3.444
4.989
9.537
21.555
24.318
22.741
22.871
14.335
6.806
3.716
3.155
3.183
21.054
22.556
8.166
6.305
5.348
5.359
2.954
5.364
5.816
4.140
4.210
5.305
5.458
3.204
3.376
3.962
4.121
1.898
1.904
2.420
10.789
29.833
36.673
36.953
14.420
6.274
4.331
19.235
25.909
26.661
8.987
6.191
6.936
31.699
31.871
9.853
1.764
1.650
2.108
6.688
6.940
1.807
0.428
1.149
1.332
1.371
1.066
2.311
6.587
10.745
11.082
6.821
8.006
8.065
6.607
6.658
1.990
2.156
7.297
19.722
44.513
46.114
21.371
6.488
6.508
7.622
8.069
3.642
2.287
1.962
1.962
1.572
0.767
0.599
0.890
1.315
1.972
1.974
1.328
2.105
2.148
0.761
8.327
12.756
12.851
1.135
1.218
1.809
1.908
0.618
0.686
0.701
0.676
1.245
2.231
2.262
1.771
1.807
2.512
2.572
1.491
1.282
2.047
3.272
5.451
5.596
5.217
0.299
0.578
0.709
1.025
2.529
2.616
1.894
1.442
0.997
1.707
2.801
2.902
2.068
1.537
1.786
2.672
2.777
1.774
1.798
1.843
3.085
3.221
2.214
1.117
0.385
0.514
0.518
0.752
0.908
1.248
1.522
2.254
2.323
1.753
1.951
2.007
15.492
35.800
37.224
14.754
1.516
0.743
0.411
0.458
1.203
1.772
1.828
1.598
0.715
0.947
1.879
1.981
1.673
0.971
0.892
3.887
12.262
19.819
20.313
2.296
3.171
3.291
2.583
0.701
0.582
0.300
0.306
0.509
0.632
0.842
0.924
0.908
0.240
0.264
0.085
1.248
2.040
2.450
2.548
1.926
2.258
2.909
3.020
2.793
2.842
1.637
1.671
1.867
2.447
2.521
2.281
2.344
2.491
3.235
3.386
3.352
3.394
1.506
1.292
1.658
1.720
0.923
0.756
3.342
3.417
0.948
1.348
1.348
0.302
0.307
1.300
9.778
9.861
2.566
24.805
25.547
12.691
4.055
3.052
3.265
3.394
3.206
2.645
2.573
1.881
0.806
2.663
2.796
5.156
5.272
3.811
2.904
3.039
1.676
1.780
1.214
1.336
1.341
0.858
0.886
1.908
1.909
1.016
17.462
17.527
2.466
2.618
11.558
11.677
2.710
2.848
2.975
3.296
3.396
2.055
2.910
12.976
15.254
10.923
4.383
4.420
4.460
5.176
5.177
1.691
3.154
3.314
2.998
2.346
6.479
6.513
3.249
2.339
4.382
4.412
6.782
8.542
3.973
2.726
1.663
1.427
1.013
0.786
1.001
1.314
1.550
2.042
2.080
2.215
4.365
4.530
3.862
3.680
2.998
13.165
16.387
8.697
7.194
7.403
4.168
13.708
15.607
12.508
3.274
32.871
36.290
18.346
8.567
2.399
2.665
2.706
4.065
4.189
4.609
9.170
31.019
44.355
46.695
19.492
9.572
7.297
5.773
7.025
7.132
9.719
9.867
4.851
12.024
18.369
18.493
8.745
10.677
15.297
21.867
22.901
5.832
2.745
2.574
2.616
3.597
10.159
13.305
13.498
4.951
7.051
20.074
20.733
3.703
0.949
5.268
8.686
9.395
2.841
2.860
2.874
3.237
3.237
1.985
1.989
1.966
2.533
2.533
2.017
2.017
1.672
1.676
3.334
7.078
7.812
4.526
4.702
24.618
25.720
16.854
6.941
4.707
6.162
6.279
2.400
4.281
7.592
10.756
12.853
30.089
30.113
15.125
18.760
19.788
12.010
3.806
3.571
2.214
14.342
26.102
27.473
14.542
15.566
15.008
14.917
15.631
17.728
20.078
11.560
8.040
3.951
0.764
0.808
2.447
3.893
6.054
6.083
4.293
4.310
3.272
3.284
3.774
10.557
15.094
15.371
11.516
5.701
7.536
8.527
8.857
3.494
1.782
0.857
0.178
0.283
1.461
3.392
3.531
1.006
0.505
0.295
0.575
0.783
9.053
9.151
3.825
1.066
0.874
2.019
2.079
1.738
0.485
0.876
1.731
1.887
1.871
1.655
1.655
1.119
1.280
1.320
1.361
3.205
5.590
5.600
0.495
0.986
3.315
3.746
3.934
4.083
3.590
2.177
2.215
2.329
2.424
1.100
0.322
0.954
1.323
3.156
3.828
3.899
0.384
0.014
0.003
0.320
0.693
0.700
0.559
1.256
2.582
2.671
1.280
1.644
2.811
5.030
5.135
1.066
0.628
1.583
1.809
1.868
1.228
1.969
2.708
2.849
2.969
3.061
2.144
1.784
2.420
2.553
2.166
2.778
2.902
2.324
1.884
2.196
2.286
0.217
0.001
0.032
0.621
1.507
1.587
