19950101
0.253
0.144
0.206
0.378
0.465
0.483
0.175
21.962
21.976
1.021
0.298
0.800
0.800
0.253
1.166
11.111
15.071
15.094
2.431
2.549
2.542
0.956
0.643
0.491
0.496
0.291
0.220
0.493
0.739
0.761
0.666
0.251
0.342
0.843
1.232
2.173
2.177
0.620
0.551
0.564
0.500
0.215
0.534
0.549
6.799
6.913
5.102
3.565
3.625
2.365
2.380
2.991
6.594
10.216
10.262
0.705
0.881
2.371
2.479
1.858
0.629
0.657
0.324
0.514
0.650
6.071
6.092
1.341
1.385
1.198
1.226
0.710
0.742
0.231
0.276
1.336
1.345
0.348
0.365
0.366
0.035
0.395
1.710
1.716
22.523
23.572
1.472
1.973
2.065
2.105
0.385
0.422
0.441
0.198
1.157
1.249
0.231
0.139
0.469
0.810
0.818
2.304
2.356
0.780
0.790
0.717
0.717
0.528
0.513
3.839
3.848
1.210
2.078
2.096
2.096
1.541
0.994
0.628
0.354
2.100
2.099
0.653
0.228
0.345
0.376
0.443
0.443
0.616
5.269
5.276
4.845
5.885
5.885
4.457
8.212
8.212
4.186
9.111
9.412
6.150
1.988
1.114
1.601
1.908
2.395
2.395
1.102
1.213
2.678
3.546
3.589
2.116
3.167
3.181
3.795
4.546
5.303
5.317
4.594
4.607
6.020
6.935
10.934
11.091
14.402
20.258
25.664
31.308
34.899
35.199
7.815
7.842
6.170
8.593
8.859
7.569
4.341
5.522
5.535
5.235
43.041
52.219
50.847
7.046
9.643
9.866
10.917
5.730
6.600
6.600
32.216
32.397
4.407
5.041
6.635
6.642
9.044
13.466
13.932
10.869
9.121
8.362
5.626
4.393
4.909
4.909
4.352
10.869
10.882
4.003
6.127
7.199
13.823
13.875
14.304
4.794
3.420
5.099
5.119
5.295
10.440
10.579
8.033
77.956
82.166
72.945
56.131
8.518
1.002
1.379
10.709
10.853
1.483
1.209
3.564
3.564
3.456
6.752
7.025
6.938
10.032
10.207
4.644
1.290
7.025
8.259
10.408
11.001
11.005
8.542
6.591
3.505
2.024
2.028
1.233
1.233
2.174
3.367
5.614
5.614
5.675
5.683
5.468
5.723
6.376
5.431
4.580
3.180
3.180
14.306
34.689
35.375
13.232
0.249
0.281
0.282
0.444
0.473
0.168
0.330
0.330
0.588
0.591
1.267
1.269
2.136
2.807
1.450
2.472
4.855
4.895
0.466
0.282
0.424
0.430
0.392
0.958
0.974
0.399
0.246
0.092
0.120
0.187
0.194
0.177
0.139
0.031
0.374
0.374
0.094
0.005
0.000
32.885
55.267
55.274
0.198
0.318
0.318
0.374
0.490
0.503
0.708
0.737
0.320
0.252
0.391
0.393
0.174
0.240
0.245
0.230
0.412
0.456
0.459
0.485
0.492
0.321
0.341
0.358
0.426
0.426
0.279
0.285
0.838
0.877
0.519
0.285
0.889
0.903
0.480
0.174
0.320
0.321
0.626
0.675
1.245
1.297
0.711
11.505
11.512
0.267
0.346
0.349
0.434
0.884
0.960
1.034
1.227
1.234
0.501
0.738
0.759
0.320
0.351
1.378
1.456
1.053
0.781
0.787
26.260
27.158
21.296
0.624
0.991
1.007
0.597
0.355
0.892
0.949
0.451
0.461
0.244
0.082
0.551
0.599
0.614
0.534
0.550
0.491
0.302
0.167
0.263
0.263
1.236
1.479
14.386
14.872
5.545
0.092
0.347
0.490
0.558
0.587
0.564
13.363
13.455
1.173
0.600
0.487
0.646
2.762
6.605
6.646
1.100
0.420
0.099
0.100
3.490
9.358
9.358
0.169
2.469
3.925
3.925
0.448
2.156
2.303
1.053
1.021
1.022
0.990
1.002
0.457
0.143
0.080
0.587
10.708
10.722
10.243
10.243
5.552
0.879
1.050
7.722
7.781
1.116
0.482
0.483
2.237
2.237
0.532
0.257
0.290
0.290
0.097
0.057
0.057
0.062
0.075
0.075
0.059
0.113
0.466
0.467
0.054
0.324
0.739
0.739
1.774
1.788
2.098
2.102
2.017
0.204
0.468
13.488
14.215
2.550
1.763
7.061
7.116
1.328
1.163
4.030
4.968
2.923
2.950
2.798
10.527
10.593
1.473
6.156
6.545
2.911
1.680
0.789
1.336
1.336
0.575
0.554
1.043
5.542
8.431
8.467
16.468
16.758
7.596
7.762
8.299
8.390
9.497
9.683
6.056
3.299
8.135
8.135
5.113
7.158
9.819
9.841
4.548
4.587
5.305
5.311
4.339
3.847
5.215
9.356
9.401
12.875
12.983
34.711
40.564
34.163
6.237
6.039
7.090
7.090
5.813
5.864
4.562
18.508
20.594
14.521
7.370
10.554
11.535
20.487
34.041
34.982
13.092
13.107
8.097
25.039
27.205
11.479
10.671
5.462
5.518
7.919
7.919
7.909
5.595
5.808
5.946
13.361
13.809
10.152
8.587
6.768
5.861
6.207
16.100
17.364
8.463
8.506
8.155
5.623
5.856
18.893
22.631
22.792
9.067
5.979
11.522
11.926
10.833
8.178
7.836
7.893
5.775
5.775
1.477
4.830
6.958
6.967
5.827
9.864
9.869
9.124
8.123
7.024
7.131
8.862
8.901
6.676
3.866
2.427
3.265
3.269
4.523
4.523
3.342
6.100
6.121
3.716
0.653
0.760
1.675
1.675
3.157
3.647
5.761
5.816
8.252
8.398
7.543
5.554
5.554
2.006
2.484
2.986
7.706
7.775
5.766
1.017
1.850
2.631
2.652
1.916
1.287
0.681
0.457
0.629
0.629
1.169
1.169
0.331
0.189
0.220
0.227
1.370
4.292
4.351
2.340
1.578
3.580
13.992
13.992
0.338
0.661
0.678
0.618
0.619
0.137
0.141
0.117
0.058
0.198
0.210
0.212
0.434
0.437
0.417
0.338
0.451
0.459
0.432
0.433
0.485
0.499
0.791
0.799
0.951
0.969
0.924
0.955
0.316
0.247
0.324
0.329
0.311
0.055
0.111
0.112
0.108
0.110
0.123
0.162
0.284
0.330
0.331
0.575
0.871
0.896
0.440
0.085
0.086
0.007
0.120
0.260
0.266
0.256
0.190
0.053
0.316
0.333
0.246
0.943
0.944
0.008
0.003
0.061
0.064
0.064
0.436
0.464
0.418
0.433
0.760
0.761
0.256
0.263
0.180
0.213
0.471
0.950
0.950
0.111
2.797
6.582
6.603
0.214
0.432
0.554
0.559
0.214
0.425
0.798
0.801
1.417
1.866
1.903
0.830
2.571
2.630
1.756
0.965
0.855
0.453
0.515
0.609
0.641
0.311
0.084
1.682
1.751
1.432
0.721
0.298
3.215
3.246
1.359
1.652
1.654
0.126
1.211
5.576
5.778
3.176
0.208
1.178
2.611
2.614
0.893
0.930
0.962
0.992
5.357
5.398
1.945
1.958
1.394
1.406
0.996
1.889
1.901
3.345
3.379
1.418
1.455
0.753
1.592
1.627
1.379
1.380
0.216
0.289
6.335
7.944
7.949
3.341
3.370
3.687
4.117
4.133
0.512
0.400
0.759
5.132
5.207
4.478
2.579
0.409
0.823
0.824
0.303
0.176
0.216
0.472
1.779
1.784
0.577
0.608
0.546
1.360
1.773
1.835
1.615
2.900
3.088
2.293
0.519
0.562
0.650
0.681
0.800
4.810
4.823
4.063
2.848
2.848
0.426
0.614
0.614
1.992
1.992
1.235
1.235
4.081
6.702
6.721
4.373
5.993
6.422
5.240
3.969
3.733
5.551
6.110
6.129
5.827
2.953
4.624
4.665
2.752
3.083
4.577
4.598
3.869
10.194
10.251
10.784
12.268
4.919
5.115
20.099
20.115
30.640
33.552
4.081
2.436
5.586
8.250
8.250
4.795
5.064
8.120
8.126
17.104
69.302
75.307
33.846
21.860
21.907
21.428
25.043
28.078
47.080
48.571
15.471
5.123
5.153
9.010
23.463
24.155
9.448
13.631
14.548
10.004
10.004
10.880
10.892
6.401
6.401
6.236
6.241
5.703
5.987
6.129
6.975
6.975
6.165
6.170
5.568
4.586
8.219
8.299
8.379
8.512
8.531
11.174
13.185
28.039
28.096
9.868
10.752
10.778
5.454
15.547
17.203
16.278
4.787
6.718
6.772
6.139
6.524
14.088
14.092
3.409
3.409
7.556
13.936
21.263
21.264
3.487
2.807
3.449
4.316
6.639
6.718
6.173
7.211
7.471
7.493
9.926
10.331
5.243
5.256
5.927
5.936
4.373
3.879
5.882
5.889
5.414
4.750
3.667
1.269
1.269
4.420
8.911
9.047
1.462
1.355
1.364
0.994
0.590
1.235
2.211
2.212
0.122
0.053
0.091
0.343
0.358
0.227
0.639
1.380
2.035
2.035
1.012
1.257
1.284
1.164
0.282
0.725
10.931
10.932
0.039
0.173
1.043
1.043
0.770
0.771
0.176
0.395
0.696
0.717
0.714
0.032
0.025
0.022
1.485
1.534
1.280
1.060
1.008
0.816
0.207
0.278
0.293
1.654
2.187
2.219
0.258
0.134
0.909
0.961
0.829
1.679
1.702
0.380
0.194
0.580
4.559
4.559
0.062
0.097
0.123
0.156
0.193
1.177
27.084
29.102
16.294
0.176
6.420
6.811
3.743
0.077
0.123
0.123
0.086
0.088
0.084
0.193
0.195
0.270
0.287
0.173
1.065
1.089
0.384
0.863
0.893
0.340
0.346
0.214
0.029
1.403
1.405
0.094
0.079
0.174
0.175
0.405
1.491
1.548
0.931
0.951
0.986
0.880
0.894
0.693
0.673
0.896
0.899
0.183
0.216
0.306
0.445
0.457
0.285
1.515
1.525
0.464
0.476
3.084
3.150
1.146
0.964
1.276
1.299
0.586
0.118
0.119
0.006
0.126
0.127
0.075
2.293
2.385
1.519
1.567
1.450
1.478
1.368
1.384
1.573
4.990
5.104
3.726
0.226
0.575
1.181
1.234
0.307
0.908
6.017
6.139
3.837
1.088
0.830
1.517
1.570
1.568
1.597
1.526
0.930
0.941
1.010
1.880
1.948
1.259
1.980
11.836
11.842
5.703
2.155
1.134
0.603
1.799
29.012
29.810
9.180
0.131
0.140
0.142
2.518
2.556
1.899
0.779
2.357
2.383
0.712
2.709
2.717
1.216
0.222
0.194
0.487
0.488
0.489
1.819
3.167
3.203
0.889
0.889
1.451
2.722
2.722
0.701
0.711
0.883
0.885
0.733
0.736
1.118
1.566
1.568
1.316
2.395
14.936
14.940
0.349
0.800
0.800
0.543
0.818
7.832
7.832
3.213
5.595
5.595
0.775
1.812
11.744
11.812
7.361
5.742
6.126
5.122
1.688
20.590
20.975
3.039
2.073
17.458
17.496
6.280
6.618
3.539
4.606
4.606
4.445
11.800
13.742
15.868
16.030
3.754
3.716
3.716
5.650
9.090
13.734
13.819
16.014
16.022
6.794
6.794
8.422
15.776
15.907
14.625
9.788
9.796
8.707
14.003
14.037
7.994
18.181
18.199
16.036
16.450
12.980
18.190
18.190
15.768
24.924
26.961
28.338
24.155
25.921
19.921
19.955
24.225
24.389
25.308
26.543
16.498
16.839
12.190
11.059
11.115
6.281
6.462
6.557
14.472
24.993
25.603
8.673
16.924
16.930
8.508
8.610
8.536
10.258
11.119
12.967
22.529
22.621
44.089
44.152
9.038
21.794
23.938
13.987
11.290
11.296
6.124
13.457
14.928
16.981
13.058
6.022
9.637
39.345
39.653
53.689
123.262
128.069
47.923
1.737
4.602
4.627
1.775
1.681
1.501
1.501
0.697
0.529
0.436
0.106
0.044
2.198
2.609
2.609
3.325
4.054
4.197
4.203
2.609
2.746
2.746
6.887
24.584
24.640
3.412
4.149
4.296
5.348
5.378
2.172
0.343
0.230
1.433
2.199
2.700
2.715
0.611
0.351
0.275
0.362
0.362
0.158
0.539
5.533
5.552
0.566
0.177
0.815
0.818
0.464
0.932
0.939
0.162
0.385
0.385
2.040
2.040
0.323
0.328
0.082
0.082
0.117
0.496
1.230
1.361
1.383
1.042
0.753
0.009
0.001
0.279
1.178
5.210
5.233
0.853
0.355
0.051
0.044
0.082
0.125
0.127
0.192
0.196
0.044
0.113
0.114
0.235
0.256
0.165
0.318
0.318
0.028
0.031
0.245
1.183
1.229
0.849
0.850
0.282
0.027
0.033
0.436
0.436
0.009
0.001
0.001
0.312
0.422
0.429
0.132
0.089
0.016
0.001
0.020
0.041
0.270
0.359
0.359
0.007
0.002
0.024
0.034
0.034
3.111
3.163
1.332
1.332
0.111
0.065
0.077
0.062
0.020
0.177
0.178
0.076
0.080
0.081
0.171
0.191
0.194
0.125
0.257
0.261
0.155
0.162
3.419
3.440
0.550
0.081
0.124
0.127
0.720
1.081
0.991
0.283
0.283
0.234
0.089
0.093
0.050
0.082
0.082
0.063
0.073
0.290
0.291
1.042
1.046
0.634
0.634
0.462
2.151
2.161
2.239
1.016
0.454
0.478
0.188
0.188
0.104
0.160
0.162
0.139
0.643
0.673
0.424
0.538
0.554
0.418
0.216
0.053
0.529
0.893
0.895
0.017
0.092
0.112
0.320
1.171
5.102
5.244
7.561
7.629
0.863
0.132
0.216
0.384
0.398
1.175
1.648
1.648
0.439
0.438
1.966
7.044
7.704
5.321
0.282
0.484
3.090
3.092
2.594
0.606
0.258
0.589
0.651
1.010
1.010
1.498
3.048
3.631
3.640
3.145
3.167
5.029
7.669
8.156
8.195
7.815
2.605
2.899
2.964
4.920
5.378
9.404
9.636
9.640
4.773
3.969
5.198
6.076
6.092
1.164
2.981
4.422
5.035
5.035
4.059
9.073
10.420
9.881
8.754
4.769
6.950
6.950
10.457
10.575
2.552
2.579
1.897
1.577
1.608
0.111
0.651
2.962
2.962
2.663
3.474
10.198
15.757
15.847
5.315
5.475
5.506
4.852
6.648
6.735
3.801
7.097
9.133
21.886
25.499
22.735
10.132
27.953
29.780
20.637
4.215
4.444
14.224
51.887
51.973
8.473
2.539
5.037
5.066
8.732
22.398
58.363
59.048
7.069
1.854
2.608
4.271
6.280
14.264
14.293
7.846
7.846
13.205
13.320
13.291
16.423
16.584
10.741
10.793
7.541
7.990
8.053
6.548
6.560
5.834
7.414
7.414
6.794
5.290
5.644
10.959
11.023
8.931
9.322
26.293
26.368
14.815
8.747
14.973
15.030
5.328
5.518
10.365
10.669
11.907
12.306
10.384
10.738
8.261
3.381
11.105
11.162
8.204
5.245
6.846
9.281
9.281
5.187
3.792
3.923
7.247
7.314
6.400
4.937
5.402
5.402
3.895
4.004
4.007
5.563
5.569
4.315
4.495
4.498
5.762
5.762
4.873
13.018
13.044
4.299
3.805
2.345
0.600
4.021
4.041
5.119
5.134
3.146
3.614
4.245
4.267
1.076
1.646
1.950
2.038
1.588
1.588
0.269
3.606
3.611
29.009
88.867
95.178
8.600
0.239
0.058
0.025
0.020
0.055
0.141
0.141
0.226
0.226
0.073
0.045
0.047
0.079
0.415
0.424
0.974
0.986
0.422
0.274
0.119
0.124
0.137
0.138
0.171
0.199
0.308
0.312
0.549
0.551
0.924
0.924
0.006
0.004
0.070
0.381
0.785
0.810
0.087
0.087
0.014
0.025
0.113
0.386
0.389
0.334
0.335
0.222
0.384
0.426
0.428
0.123
0.124
0.081
0.474
0.522
0.384
0.095
0.009
0.015
0.251
0.251
0.164
0.147
0.207
0.223
0.728
0.758
0.448
0.224
0.351
0.352
0.228
0.072
0.072
0.201
0.286
0.300
0.057
0.361
0.411
0.430
0.235
1.414
1.492
1.544
0.951
0.510
0.372
0.016
1.600
1.673
0.769
0.760
0.622
0.556
0.568
0.615
1.494
1.554
0.852
0.214
0.505
9.310
10.101
4.166
1.044
1.067
1.005
0.898
0.991
1.041
0.745
1.036
1.224
0.866
0.298
0.319
0.509
0.997
1.011
0.801
0.819
0.678
0.505
0.520
0.407
0.924
0.966
0.653
0.575
0.215
1.016
2.819
2.861
0.894
1.663
1.678
1.031
1.057
0.916
1.423
2.886
2.911
7.398
7.457
1.513
1.530
1.612
1.776
1.818
0.980
0.447
0.311
10.138
10.143
0.152
0.314
1.283
1.284
0.193
0.034
0.023
0.633
0.647
0.580
0.586
0.276
0.216
0.070
0.051
2.015
2.015
0.632
0.632
0.158
0.583
4.134
4.162
1.372
0.981
0.188
0.668
0.678
1.591
4.661
7.132
7.152
3.028
4.453
5.834
5.998
5.125
0.934
2.590
2.590
0.320
1.925
1.925
1.254
1.514
2.630
2.638
3.029
3.063
2.191
4.410
4.416
5.381
5.251
6.205
40.235
43.306
12.882
11.532
11.540
2.698
4.164
27.296
28.677
28.686
3.278
4.750
4.761
3.620
3.193
1.297
2.669
6.893
15.257
16.225
16.127
5.205
12.283
13.718
12.317
7.216
7.222
5.839
5.839
5.844
15.833
15.856
11.066
24.681
34.542
34.560
7.591
9.856
5.971
5.602
7.764
8.548
8.611
7.166
7.226
13.821
13.903
11.782
29.034
30.734
15.384
8.570
8.729
12.456
12.460
12.868
14.508
10.979
8.184
13.701
13.843
8.274
12.447
12.623
9.141
4.912
6.702
6.711
6.458
6.556
6.556
5.328
5.530
21.851
23.620
23.728
21.477
10.308
3.602
8.024
8.106
10.380
15.151
16.764
12.410
6.950
6.366
4.748
4.898
4.970
6.062
6.067
6.833
7.000
10.788
10.924
3.752
3.761
3.502
3.502
5.052
7.213
8.699
8.949
42.441
43.021
17.388
7.826
3.416
6.446
7.782
20.024
21.629
12.541
12.460
12.704
2.261
1.568
7.101
7.364
7.395
6.695
6.908
7.008
7.008
19.512
19.918
9.618
1.524
1.636
0.656
0.756
0.799
0.793
0.956
0.958
0.534
0.658
2.521
2.522
2.298
1.033
0.572
1.512
1.532
1.490
1.877
0.841
0.355
0.355
0.204
0.206
0.074
0.451
0.453
0.699
3.583
3.702
3.728
1.690
1.720
1.001
0.796
0.803
0.540
0.149
0.290
0.835
0.835
0.030
0.276
0.967
1.036
1.037
1.008
1.008
0.409
1.237
2.161
2.176
0.931
0.316
0.320
1.483
2.590
2.652
1.328
0.681
0.708
1.134
1.169
0.849
0.405
0.372
0.852
0.871
0.328
0.249
0.048
0.067
0.361
0.373
0.119
0.210
0.210
0.543
0.590
0.591
0.030
0.070
0.072
0.006
0.002
0.003
0.022
0.072
0.076
0.004
0.001
0.006
0.908
0.927
0.318
0.335
0.338
0.207
15.827
16.277
3.115
0.474
0.883
0.883
0.147
0.346
0.969
0.986
0.203
0.091
0.358
0.574
0.583
0.142
0.234
0.234
0.290
0.292
0.444
1.345
1.431
1.394
1.163
0.060
0.060
0.019
0.009
0.020
0.020
0.146
0.539
0.564
0.557
0.606
0.624
0.645
0.140
0.121
0.123
0.263
0.657
0.684
0.188
0.077
2.895
3.272
1.230
2.485
2.494
8.614
9.098
4.471
2.260
2.598
7.788
8.016
1.185
0.552
0.738
0.759
0.267
0.173
2.605
2.612
1.377
1.405
1.022
0.396
0.201
0.233
0.476
2.057
2.326
2.358
1.053
1.071
0.409
1.169
1.223
3.410
3.448
1.156
4.864
4.880
0.326
1.566
1.802
1.805
0.505
0.940
1.044
1.044
0.458
0.458
0.461
0.461
1.188
1.649
1.650
0.747
0.698
6.956
7.258
3.402
1.788
2.559
4.451
4.451
2.016
2.018
5.133
5.134
0.685
13.621
13.624
7.206
3.403
3.687
1.440
1.144
1.489
4.320
6.142
6.161
1.822
1.851
6.271
8.551
8.558
7.404
1.961
2.183
2.183
9.619
9.769
6.047
2.612
1.659
5.365
5.388
2.766
2.610
5.991
6.931
5.760
6.287
6.291
7.245
7.780
7.969
6.467
6.492
8.793
9.336
7.878
7.651
7.710
4.272
5.165
5.165
2.974
9.079
9.231
6.661
7.537
7.588
12.176
13.191
15.377
15.639
10.533
12.201
12.201
3.202
6.648
6.648
6.058
6.298
6.311
10.495
10.494
7.190
7.207
6.752
6.130
4.811
8.320
8.320
6.774
9.885
9.998
6.752
5.858
13.232
13.587
10.428
10.283
6.866
10.958
18.043
18.639
5.547
4.657
20.764
23.568
22.705
26.013
17.285
17.359
12.452
13.438
13.492
9.693
9.907
6.022
5.466
7.488
7.500
4.526
4.550
4.245
5.399
5.833
5.986
5.619
8.001
8.001
38.119
43.536
35.779
5.839
7.280
20.913
22.141
17.566
3.469
4.343
5.234
15.556
18.042
13.113
4.697
4.921
4.924
3.963
5.240
26.727
27.065
6.368
6.601
5.352
8.884
11.351
11.537
9.030
5.959
3.266
1.224
2.659
2.668
1.525
1.435
3.062
3.065
2.826
2.107
2.110
1.252
1.559
1.565
1.054
4.909
4.943
5.438
6.953
6.958
36.045
36.415
4.425
8.456
16.178
16.183
2.876
0.820
0.279
0.205
0.211
0.114
0.148
0.148
0.302
1.224
1.224
0.826
0.228
1.794
1.811
0.786
3.474
3.474
1.418
0.114
0.894
0.911
1.103
2.045
2.098
1.364
0.353
0.201
0.218
0.113
0.113
0.115
0.116
0.005
0.010
0.048
0.259
0.334
0.336
0.933
0.933
0.221
0.221
0.382
0.391
0.203
0.081
0.308
0.329
0.237
0.078
0.392
0.394
0.086
0.188
0.225
1.216
1.217
1.193
0.995
0.293
0.295
0.204
0.096
0.126
0.663
0.671
0.183
0.070
0.158
0.162
0.095
0.052
0.052
0.001
0.060
0.132
0.314
0.324
0.250
0.225
0.240
0.059
0.036
0.036
0.002
0.006
0.082
0.409
0.938
0.940
0.651
0.216
0.038
0.013
0.249
3.790
9.726
9.782
2.831
2.850
9.425
9.428
0.462
0.616
0.627
0.554
0.565
2.661
11.623
11.647
0.370
0.096
0.082
0.086
0.266
0.281
0.527
0.813
1.499
5.709
5.720
0.328
3.997
4.209
4.135
0.054
0.163
0.163
0.130
0.917
0.962
1.492
1.653
1.376
0.242
0.349
2.969
3.016
0.949
1.620
1.634
3.070
3.159
1.665
2.085
2.179
1.378
0.673
0.702
0.628
0.393
0.402
0.478
0.744
1.518
1.518
0.218
0.340
0.340
0.202
1.099
2.105
4.583
6.125
6.128
0.748
0.750
0.494
1.215
1.216
0.565
3.060
6.492
6.531
2.698
0.091
0.202
0.221
1.104
3.394
3.394
2.277
1.951
1.951
0.279
0.327
0.636
1.910
6.638
6.639
0.178
0.521
2.265
2.273
1.524
6.178
6.475
6.511
1.634
6.070
6.288
0.692
2.441
5.370
5.372
2.317
2.326
1.607
1.176
0.546
4.742
4.928
2.535
0.515
4.251
4.251
5.134
5.907
24.596
24.709
17.868
6.457
3.165
1.098
4.830
4.854
6.107
6.123
5.220
4.937
4.939
3.255
3.959
3.966
3.515
4.844
9.511
9.511
4.779
5.014
6.928
6.928
9.081
9.175
8.929
5.985
6.632
10.349
10.389
5.462
12.795
13.636
6.076
12.585
12.643
8.073
5.827
5.346
7.795
7.799
6.022
23.765
51.747
54.089
8.402
10.961
20.153
20.238
9.744
8.862
8.889
10.830
10.869
5.856
5.750
10.382
11.955
8.172
4.066
6.198
14.244
24.725
38.674
41.345
37.818
35.943
5.185
26.153
29.107
29.522
22.284
11.599
11.731
6.975
8.361
8.727
6.922
4.837
6.241
6.241
4.528
8.491
25.154
27.491
10.678
10.697
9.041
6.034
5.846
4.388
7.130
20.163
28.142
29.137
17.426
5.319
5.426
3.326
4.692
4.977
4.977
4.803
4.238
2.114
5.769
5.778
6.800
8.105
8.124
5.704
2.009
2.860
3.002
3.005
3.593
5.859
5.868
3.795
2.481
2.288
3.397
5.724
5.724
2.189
6.074
6.141
6.106
21.339
37.770
38.288
11.049
1.903
1.369
0.685
0.581
0.734
1.001
1.452
1.452
4.623
4.628
4.013
3.568
3.334
1.488
1.497
0.385
0.059
0.059
0.112
6.526
6.634
1.050
0.285
1.449
1.477
0.952
0.977
0.909
0.394
0.763
0.827
0.909
0.950
0.700
0.702
0.255
0.258
0.056
0.169
0.197
0.197
0.081
0.081
0.017
0.049
0.773
4.206
4.249
0.315
0.343
0.307
0.362
1.171
1.211
0.436
0.217
0.033
0.284
1.232
1.274
0.503
0.082
0.082
0.576
0.620
0.620
0.150
0.184
0.198
0.199
0.151
0.182
0.575
0.578
0.075
0.076
0.048
0.007
0.010
0.048
0.284
0.957
2.743
2.823
1.444
0.553
0.266
0.673
0.677
0.431
0.629
0.635
0.566
0.290
20.844
22.038
1.192
0.009
0.025
0.025
0.010
0.200
0.206
0.250
0.274
0.507
0.518
0.530
0.239
0.032
0.008
0.001
0.001
0.002
0.057
0.070
0.805
0.831
0.808
0.269
0.269
0.032
2.412
10.185
10.209
8.110
10.250
10.260
0.644
0.623
0.643
0.261
2.065
2.135
1.069
1.059
1.387
2.865
3.065
3.320
3.320
0.800
0.219
1.393
28.114
28.416
1.030
0.120
0.554
2.680
3.560
3.581
2.422
0.330
0.564
1.361
1.410
1.053
1.072
0.985
1.824
1.868
0.525
3.056
3.146
2.009
2.013
0.814
1.490
1.716
1.720
0.449
1.403
1.408
0.506
0.510
0.510
2.797
2.800
2.315
2.317
0.520
1.149
3.216
3.362
2.508
2.521
1.180
1.040
1.123
1.124
0.590
0.590
0.289
1.022
1.611
1.611
0.162
1.737
1.784
4.254
4.255
0.353
2.130
2.138
0.568
0.569
0.153
0.280
0.585
0.586
1.335
5.941
5.945
2.505
2.643
2.643
1.913
3.216
3.257
0.424
0.148
0.092
1.002
2.212
6.785
6.801
2.686
2.691
4.482
5.758
5.992
5.635
6.443
6.448
5.856
5.858
6.156
10.008
10.261
4.065
4.145
4.155
2.768
2.632
2.657
5.155
5.155
4.710
7.060
7.222
7.222
10.163
10.168
5.782
26.123
28.028
29.191
25.799
26.800
7.242
7.429
7.480
3.861
7.217
7.419
7.424
14.358
31.904
32.890
8.950
14.176
31.520
31.975
13.908
12.756
15.945
16.374
16.367
21.539
22.065
8.592
21.497
39.249
39.748
25.271
15.107
9.367
11.230
31.647
32.305
7.560
7.879
13.037
26.185
26.787
9.457
9.672
7.879
11.036
11.036
8.952
9.077
8.800
12.774
14.546
14.733
13.402
17.735
17.787
5.557
3.260
2.807
1.721
6.148
6.177
8.632
8.765
5.271
4.933
9.261
14.446
16.286
8.922
68.595
69.329
6.968
4.418
4.113
7.483
8.184
8.245
6.520
5.815
5.972
4.499
10.509
16.748
17.089
7.955
11.696
11.711
9.858
5.776
4.389
3.403
7.057
7.072
6.924
7.413
7.887
7.910
6.068
6.071
4.483
3.756
4.635
4.654
4.222
4.123
9.516
10.904
10.904
1.770
1.656
3.036
3.608
3.635
3.399
1.203
1.203
0.088
0.580
0.584
0.343
6.179
47.094
47.187
0.834
0.641
0.413
0.325
0.747
0.769
0.408
0.896
1.660
1.669
1.006
0.206
1.656
11.330
32.629
33.402
15.449
1.098
0.206
1.519
1.541
0.420
0.149
0.117
0.100
0.474
0.813
1.049
1.088
0.356
0.492
1.089
1.092
0.157
0.046
0.051
0.880
1.278
1.339
1.258
0.201
0.201
0.097
0.098
0.087
0.245
0.776
0.781
0.740
0.354
0.177
0.103
0.145
0.323
0.425
0.439
0.277
0.278
0.193
0.250
0.251
0.222
0.011
0.002
0.006
0.070
1.922
1.932
0.114
0.244
0.247
0.073
0.068
0.172
0.286
0.286
0.139
12.967
14.414
10.887
0.039
0.135
0.228
0.248
0.395
0.400
0.273
0.333
0.327
0.115
0.115
0.002
0.120
0.259
0.876
0.884
0.039
0.107
0.136
2.655
2.685
0.168
0.314
0.470
8.439
8.667
6.868
0.683
0.713
0.437
0.397
0.843
0.884
0.920
0.648
0.580
0.916
1.062
1.088
0.549
0.067
0.067
0.353
0.364
0.349
0.474
0.474
0.401
0.413
0.153
4.072
4.221
2.202
0.423
1.275
1.303
0.224
0.137
0.344
0.349
0.154
0.769
0.794
0.780
0.797
0.428
0.980
1.791
1.795
1.140
0.315
5.532
5.532
1.117
1.132
0.571
0.389
0.399
0.349
0.318
1.199
10.812
10.835
0.854
2.003
2.020
0.568
0.192
0.521
0.521
0.127
0.450
3.686
3.689
7.365
7.736
0.883
0.493
3.939
4.530
4.530
5.021
5.021
3.410
1.585
2.602
7.777
8.146
8.149
5.639
5.657
3.770
0.440
6.521
7.709
6.232
4.208
3.114
1.977
2.483
3.634
3.657
1.803
1.999
2.034
0.325
1.466
2.308
2.308
0.529
1.184
1.360
9.896
10.938
6.431
3.598
4.781
4.860
3.958
7.674
10.578
10.731
10.688
26.901
26.909
11.761
12.287
9.904
3.069
3.766
3.778
2.101
3.425
4.589
5.535
5.799
5.831
7.294
7.326
5.111
6.067
6.089
5.704
7.145
7.588
8.707
11.264
12.124
9.096
6.418
9.705
15.118
16.090
16.023
16.973
18.590
17.200
8.825
8.866
4.227
1.648
4.827
5.653
6.564
7.416
17.948
19.187
10.894
22.879
30.117
67.085
71.471
30.497
56.278
57.327
25.787
6.306
10.998
11.305
6.471
29.424
29.424
11.979
11.538
7.992
8.084
4.373
14.752
15.715
10.980
12.347
15.500
15.837
9.238
9.250
7.555
7.564
13.794
14.200
8.446
8.484
10.278
11.112
11.037
10.870
4.253
5.751
5.751
5.531
5.496
7.520
7.527
7.542
9.762
10.385
10.388
1.703
2.811
3.749
3.749
4.914
9.384
9.478
3.560
4.709
5.994
6.005
5.112
6.345
6.371
3.747
3.023
3.751
3.781
6.024
6.171
7.649
7.657
2.661
3.604
3.604
4.211
4.957
4.965
4.384
4.256
4.260
2.375
2.865
3.883
8.022
8.399
3.216
6.510
14.480
14.503
1.745
4.995
4.995
2.564
2.570
3.797
25.533
25.570
5.020
0.652
1.174
1.180
0.170
7.093
7.164
0.136
0.031
0.120
0.161
0.303
0.306
0.831
0.967
0.973
0.735
2.076
2.079
0.124
0.117
0.377
0.380
0.270
0.772
0.792
0.443
0.191
0.228
0.315
0.327
0.517
0.810
0.842
0.785
1.795
1.821
0.470
0.383
0.197
3.904
3.981
0.633
0.192
0.227
2.266
2.266
0.212
0.725
0.890
0.890
0.492
0.358
0.393
0.398
0.037
0.037
0.101
0.109
0.066
0.061
0.071
0.072
0.028
0.214
0.216
0.698
0.699
0.298
0.023
0.002
0.121
2.627
2.691
1.030
1.044
0.617
0.809
0.847
0.446
0.004
0.002
0.003
0.126
0.338
0.571
0.576
0.276
0.101
0.344
0.375
0.862
1.087
2.185
2.223
0.346
0.028
0.026
0.087
0.624
4.806
4.878
1.546
0.563
2.849
4.243
17.486
17.488
0.171
1.006
1.024
3.524
3.558
1.579
18.712
19.332
2.618
0.564
0.808
2.886
2.930
1.237
0.926
0.582
0.428
0.115
2.051
2.101
1.194
4.711
4.811
4.715
4.716
0.363
0.333
4.009
4.846
4.906
0.242
0.720
0.788
0.781
0.784
1.029
1.046
0.112
0.918
0.920
0.228
0.176
0.272
0.274
1.055
3.667
3.668
0.612
0.612
0.358
0.461
0.580
1.460
7.911
7.911
1.774
1.878
1.135
4.894
4.905
0.973
1.598
1.609
1.373
0.838
0.850
0.441
0.319
0.277
0.196
0.413
1.833
2.842
2.826
0.553
0.570
0.216
0.108
0.017
0.170
0.441
0.450
0.453
0.225
0.049
0.484
0.484
0.652
0.662
0.972
2.284
3.768
3.792
3.778
3.035
3.188
3.423
3.424
2.248
3.525
4.764
4.815
3.727
0.723
6.257
7.698
2.880
1.096
1.663
2.528
2.528
3.330
7.036
7.663
2.066
2.685
2.687
2.874
7.001
7.367
2.216
1.425
2.960
2.961
1.358
1.428
4.763
4.814
1.277
1.821
5.408
5.424
4.819
6.918
7.240
2.165
2.187
0.644
3.048
3.054
2.065
1.821
8.278
17.122
18.255
5.302
8.661
8.700
11.537
35.777
36.566
6.329
2.287
1.804
6.551
7.429
8.517
10.126
10.136
6.420
8.371
8.371
7.486
4.803
5.185
9.002
31.119
31.909
18.343
18.597
13.068
20.644
22.027
12.374
6.431
4.379
47.162
50.305
9.946
3.859
3.881
6.150
6.452
6.452
6.176
6.176
3.891
3.897
4.238
6.606
11.073
11.083
12.221
15.564
31.492
31.526
7.069
7.596
7.730
7.270
6.558
8.241
10.284
11.073
9.748
10.269
16.325
16.961
8.519
11.570
17.717
20.773
20.787
7.878
5.438
2.894
0.335
0.847
3.903
6.207
6.674
6.676
4.402
8.227
8.727
3.128
2.331
5.908
5.908
2.109
2.920
2.920
4.721
4.735
4.448
5.502
5.544
5.231
4.313
10.722
10.884
3.983
2.505
2.103
2.070
3.637
3.637
0.186
0.782
0.787
3.658
14.765
14.834
8.176
3.228
3.992
3.997
0.713
0.251
0.169
0.169
0.055
0.018
0.215
0.215
0.027
0.137
1.015
24.043
24.304
11.185
0.462
0.302
0.439
1.632
1.651
0.329
1.047
1.111
0.681
0.462
0.257
0.028
0.022
0.013
0.020
0.068
0.068
0.008
0.002
0.005
0.068
0.191
0.195
0.143
0.534
1.009
1.030
0.479
0.265
0.189
0.676
0.795
0.822
0.415
0.269
0.165
0.275
0.315
0.562
0.582
0.302
0.402
0.523
0.528
0.080
0.308
0.322
0.105
0.231
0.250
0.262
0.275
0.153
0.158
0.074
0.118
0.124
0.044
0.042
0.037
0.648
0.652
0.400
0.146
0.139
0.053
0.467
0.467
0.035
0.035
0.027
0.025
0.008
0.012
0.088
0.103
0.112
0.129
0.136
0.093
0.074
1.188
1.677
1.749
0.322
0.039
0.520
0.522
0.058
0.062
0.280
0.282
0.166
0.113
0.027
0.027
0.007
0.010
0.010
0.001
0.004
0.049
0.049
1.255
1.466
1.499
0.006
0.252
0.569
0.857
1.585
1.585
0.011
0.212
6.092
6.442
6.062
1.527
1.532
0.296
0.606
0.619
0.351
0.591
0.606
1.743
4.237
4.296
0.995
0.448
0.459
0.410
0.683
2.551
2.590
0.920
0.209
0.084
32.603
35.006
15.637
0.518
1.614
14.792
14.842
3.815
3.829
0.277
0.567
2.312
3.289
3.345
0.788
1.966
2.492
2.492
0.126
0.195
0.196
0.205
3.680
6.381
6.382
0.827
1.819
2.698
2.699
0.524
1.513
2.088
2.108
0.479
0.091
0.046
0.015
0.009
0.346
19.479
20.916
8.033
0.511
0.736
0.741
0.583
0.631
1.481
1.485
0.620
0.342
0.225
0.489
3.874
6.993
6.995
0.527
0.547
0.951
0.957
1.570
7.143
7.275
6.632
4.615
4.616
0.624
0.884
0.892
1.632
3.343
3.345
5.488
5.499
3.088
3.608
5.660
5.661
7.182
8.018
8.323
8.760
8.847
6.922
9.293
9.310
8.527
8.535
7.341
7.345
8.459
8.493
39.593
39.618
12.091
3.260
1.215
1.317
1.994
2.003
1.270
1.300
4.513
4.522
4.826
6.380
12.523
20.766
21.681
33.615
33.658
14.170
7.100
7.106
4.725
3.488
5.251
16.672
16.847
12.144
12.344
8.969
5.117
7.904
8.961
19.864
20.194
12.607
12.933
9.495
9.416
13.526
15.080
10.485
5.050
5.289
9.504
12.227
13.806
13.155
7.607
4.858
4.528
5.539
5.537
7.914
7.924
7.876
7.893
5.307
3.620
5.302
8.465
8.465
2.446
1.620
4.268
5.758
5.995
6.000
2.664
2.391
4.455
4.460
3.589
3.317
4.626
12.953
13.342
44.783
45.822
10.289
10.289
6.643
6.647
5.168
4.114
4.117
3.130
2.506
1.936
4.589
11.506
36.321
36.363
23.483
24.143
6.332
1.681
2.731
4.315
4.315
6.170
20.587
20.587
8.121
15.395
22.526
23.681
19.585
16.677
1.425
0.183
0.810
1.347
1.347
0.617
1.838
2.043
2.045
0.352
1.113
3.272
3.274
1.043
1.403
3.423
3.441
1.391
0.900
1.087
1.088
0.872
0.872
2.759
5.397
5.422
1.523
0.531
0.540
0.421
0.421
0.015
0.006
0.088
0.292
0.956
0.956
0.643
0.949
0.951
1.475
1.479
0.341
0.159
2.606
2.748
2.748
0.472
0.492
0.430
0.466
0.929
1.390
2.152
2.187
0.762
1.612
2.332
2.354
1.943
1.243
0.468
0.502
0.182
0.242
0.306
0.306
0.010
0.010
0.214
0.224
0.525
1.580
1.614
0.460
9.730
9.792
0.514
0.025
0.019
0.056
0.056
0.056
0.057
0.038
0.117
0.179
0.184
0.140
0.133
0.573
1.227
1.232
0.135
0.041
0.080
0.214
0.220
0.075
0.008
0.035
0.149
0.179
0.192
0.087
0.261
0.297
0.489
0.667
1.175
1.212
0.843
0.706
0.152
0.242
0.319
0.655
0.661
0.166
0.004
0.004
0.010
0.010
0.011
0.021
1.547
1.860
1.860
0.236
0.398
4.407
4.499
8.615
8.704
1.531
0.980
0.771
10.991
11.072
3.374
13.940
13.967
2.440
2.471
1.156
0.601
0.601
0.117
0.177
0.749
3.802
14.227
14.262
1.595
1.381
8.262
8.325
0.787
0.653
1.312
1.766
1.800
1.086
1.102
0.930
0.936
0.634
1.930
4.678
4.736
1.564
0.539
0.081
0.012
0.683
5.288
5.294
0.286
0.348
1.249
1.981
1.992
0.207
0.166
0.111
0.113
0.197
0.768
0.768
0.480
2.217
2.218
1.887
1.891
4.498
4.612
1.267
1.270
2.266
2.266
0.382
0.305
2.868
2.868
2.700
2.465
2.467
2.438
4.249
19.076
19.326
9.997
3.471
0.661
0.072
0.033
0.056
0.608
1.984
3.109
9.893
9.896
2.007
3.684
6.094
6.107
5.457
6.574
6.587
2.511
11.978
12.014
3.912
5.658
7.303
7.306
4.359
11.600
12.124
2.015
1.645
1.663
1.422
1.345
0.626
0.590
1.389
1.848
3.186
3.667
4.572
5.641
5.670
4.909
6.945
16.561
16.831
7.181
6.748
8.326
9.034
10.810
18.453
18.785
9.814
7.407
6.724
6.724
2.594
7.566
7.580
7.200
7.219
6.425
9.462
9.539
8.933
13.903
15.538
9.381
3.494
7.500
7.500
7.431
7.563
5.906
8.920
13.949
14.200
13.738
10.496
10.838
10.870
14.401
14.405
21.160
34.479
35.429
27.541
29.413
25.234
29.998
30.765
19.781
20.160
29.423
30.322
7.746
9.548
10.952
8.365
3.622
3.627
4.407
4.407
2.639
6.649
6.649
7.027
16.707
16.740
18.088
23.971
24.245
21.857
11.345
11.822
9.590
2.899
3.381
6.185
6.654
5.084
4.497
6.876
6.928
6.313
7.188
7.240
6.284
8.592
10.321
10.874
27.771
33.924
35.518
6.993
19.825
22.596
12.630
1.824
3.647
4.186
5.417
5.426
3.265
5.628
5.628
7.537
7.537
2.848
1.680
9.715
19.956
20.697
4.918
4.217
4.240
3.948
2.267
2.267
0.299
1.869
1.873
1.666
0.815
4.491
12.215
18.728
19.956
2.193
1.694
0.573
0.192
1.446
1.447
0.158
0.023
1.003
1.937
1.946
1.430
0.936
0.415
0.421
0.256
0.260
0.437
0.513
0.812
1.906
2.008
1.192
0.336
1.484
1.539
1.255
1.094
1.120
0.275
0.202
0.263
0.265
0.177
0.177
0.035
0.036
0.033
0.034
0.228
0.231
0.105
0.494
0.494
0.056
0.001
0.001
0.004
0.079
0.316
0.322
0.273
1.890
1.890
0.020
0.016
0.209
0.649
0.653
1.264
1.283
0.864
0.632
0.535
0.564
0.170
0.092
0.040
0.258
0.267
0.124
0.020
0.029
0.032
0.035
0.035
0.029
0.054
0.106
0.141
0.141
0.127
0.129
0.421
0.430
0.149
0.318
0.377
0.377
0.086
0.229
0.758
0.759
0.199
0.199
0.007
0.007
0.332
2.213
2.290
0.901
0.499
1.882
4.754
4.772
2.546
2.563
0.543
1.367
1.431
1.830
1.867
0.670
0.265
0.804
0.831
0.495
0.471
0.748
1.493
1.502
0.401
0.576
1.094
1.123
0.444
0.281
0.284
0.617
5.855
5.911
1.383
0.231
0.060
0.799
1.737
2.233
2.262
0.476
0.067
0.049
0.268
0.675
7.347
7.590
2.908
0.258
0.878
0.926
0.364
0.452
1.879
1.879
1.701
1.219
1.219
0.796
1.520
3.568
3.569
0.411
1.009
1.009
1.811
1.838
1.516
1.290
1.313
2.825
2.839
0.654
1.034
1.862
2.031
1.926
3.492
3.499
8.669
8.678
0.077
0.169
0.169
2.990
8.468
8.494
7.339
1.268
1.268
0.926
0.604
0.059
0.692
0.692
0.600
0.599
0.716
0.717
2.921
2.950
2.287
0.715
3.738
4.953
5.073
5.308
7.447
7.492
4.303
5.059
4.496
1.150
4.452
5.429
5.476
3.155
3.155
4.157
4.165
2.707
5.566
7.203
7.936
6.234
6.290
6.293
5.347
4.273
5.620
5.620
3.568
5.986
6.673
6.846
3.228
6.289
6.304
8.731
9.950
8.462
6.449
6.904
6.904
8.231
9.692
10.293
13.469
14.677
10.192
10.207
13.618
13.782
12.772
12.842
11.031
7.638
7.657
6.263
7.653
7.743
5.443
5.599
15.907
16.123
23.784
26.320
7.419
12.177
23.417
23.447
12.172
11.814
11.814
6.164
8.031
10.076
15.265
20.851
20.928
24.974
25.617
21.265
14.527
21.713
21.744
38.359
39.812
21.808
7.837
23.236
23.499
6.323
9.110
9.947
9.964
11.255
11.573
7.493
8.218
8.228
8.059
18.510
18.513
7.728
9.743
10.568
18.382
19.221
16.118
50.577
53.010
22.548
3.696
34.307
34.997
3.897
4.218
4.221
2.454
11.127
11.569
17.688
24.722
24.998
9.591
3.469
2.848
2.176
6.399
6.418
4.965
2.486
1.847
1.853
2.099
3.196
3.732
4.623
8.562
8.736
6.535
6.212
5.566
5.127
5.133
3.803
1.382
4.346
5.476
5.495
5.424
4.049
1.098
15.148
18.319
18.325
0.123
0.364
1.104
2.253
3.909
4.503
4.509
2.834
1.280
1.318
0.813
0.963
3.047
3.047
1.237
0.061
0.124
0.506
0.511
0.696
0.699
0.213
0.215
0.067
0.048
0.428
1.514
1.536
0.981
0.984
0.352
0.333
0.057
0.191
1.782
1.783
0.245
0.148
0.014
0.205
0.205
0.266
0.881
0.883
0.406
0.197
0.197
0.087
0.209
0.865
1.246
1.283
1.082
0.314
0.465
0.467
0.105
0.011
0.008
0.002
0.003
0.029
0.079
0.082
0.053
0.067
0.133
0.141
0.381
0.381
0.134
0.681
0.691
0.400
0.296
0.311
0.041
0.005
0.006
0.012
0.102
0.102
0.247
0.963
0.966
0.914
2.842
2.843
0.366
0.392
0.974
1.354
1.423
1.375
0.101
0.638
1.276
1.316
0.704
0.742
0.798
0.858
0.886
0.378
0.190
0.089
0.027
0.022
0.023
0.030
0.016
0.024
0.024
0.004
0.002
0.011
0.029
0.047
0.922
0.924
0.060
0.218
0.916
0.916
0.954
0.487
0.490
0.134
0.228
0.231
0.258
0.259
0.056
2.875
2.880
0.029
0.085
0.187
0.272
0.300
0.377
0.382
0.619
3.080
3.080
2.928
7.414
7.662
2.669
2.729
1.375
1.375
0.082
0.082
0.210
1.092
1.099
0.804
0.839
0.345
0.228
0.349
0.349
0.044
0.044
0.191
0.631
0.716
2.636
2.643
3.134
3.155
3.426
3.426
0.895
5.175
7.734
7.779
1.821
2.734
2.738
2.015
1.837
1.057
1.101
0.817
0.830
2.086
2.100
1.763
3.391
3.430
1.253
0.461
2.495
2.543
1.830
2.866
6.599
6.599
0.566
1.466
4.593
4.662
0.713
0.713
0.043
0.111
0.967
2.060
2.060
1.274
2.547
6.403
6.437
3.293
2.335
1.429
1.429
1.114
2.814
2.814
8.441
21.089
21.111
2.929
0.980
0.980
0.590
0.561
1.737
1.745
3.163
10.747
10.765
8.623
36.208
59.479
59.487
1.704
4.841
4.852
5.995
5.994
3.482
3.486
2.360
4.241
6.660
6.679
3.482
2.099
2.165
6.130
6.150
4.833
4.206
5.437
5.464
1.453
1.702
2.088
2.095
2.613
2.613
4.701
5.024
5.036
4.853
13.421
13.456
8.124
13.655
14.040
22.151
22.264
8.683
8.712
4.090
4.095
3.562
4.845
6.088
6.931
8.954
8.954
6.078
12.501
12.516
4.035
5.915
9.827
9.827
3.488
15.284
15.288
2.057
6.394
53.344
57.947
51.203
18.318
18.520
13.660
3.926
15.533
28.622
28.651
43.806
47.732
18.326
13.188
9.130
6.167
6.250
6.470
7.437
13.471
13.479
14.346
14.641
13.371
19.235
43.624
44.105
4.640
14.487
16.508
7.474
4.627
7.997
8.121
10.615
10.723
5.976
5.240
6.068
6.068
3.991
10.573
12.251
12.899
5.297
11.559
11.576
4.677
3.889
1.024
1.117
1.130
0.860
1.761
4.354
4.513
2.260
4.717
4.724
2.173
2.931
4.804
4.824
2.689
4.089
4.454
4.800
4.800
1.269
4.382
7.809
7.813
13.813
63.158
65.969
5.251
0.701
0.588
0.419
0.298
0.314
0.270
0.185
0.036
0.105
0.109
0.383
1.003
1.027
0.306
0.411
0.789
0.834
0.447
0.781
0.785
0.197
0.117
0.008
0.204
0.205
0.036
0.243
0.243
0.175
0.544
0.573
0.372
0.351
0.990
0.996
0.783
0.948
7.076
7.960
5.787
1.245
1.168
0.250
0.252
0.033
0.033
0.273
0.388
0.388
0.046
0.114
0.157
0.193
0.246
0.251
0.109
0.369
0.676
0.706
0.665
0.463
0.054
0.161
0.164
0.526
0.572
1.272
1.313
1.532
1.536
0.553
0.219
0.358
0.711
0.859
0.988
0.989
0.260
0.260
0.218
0.223
3.748
4.037
0.301
0.001
0.014
0.222
0.225
0.098
0.002
0.099
0.108
0.216
0.223
0.178
0.387
0.413
0.386
0.070
0.025
0.045
0.741
0.741
0.140
0.149
0.694
0.695
0.179
0.179
0.062
0.272
0.833
0.872
1.177
1.216
0.919
0.909
0.854
0.865
0.087
0.089
0.306
14.806
14.830
0.428
5.765
5.766
0.616
0.630
0.882
1.043
1.049
0.412
0.479
0.425
0.379
2.530
2.530
0.546
0.330
0.408
1.560
7.099
7.105
2.685
2.724
1.413
0.928
0.946
0.823
0.851
0.708
0.710
0.963
5.318
5.318
2.152
0.490
1.365
1.368
0.527
0.104
0.123
1.431
1.448
0.791
1.723
3.439
3.502
2.898
1.402
15.463
15.472
2.738
1.421
0.331
0.302
0.156
0.156
0.049
0.021
0.319
4.315
4.315
1.907
1.465
0.917
3.392
3.394
0.766
5.988
5.999
2.501
1.448
1.358
1.682
1.990
1.991
1.877
1.881
1.239
4.093
4.096
3.311
5.132
5.153
2.117
5.381
6.168
6.168
5.651
5.687
4.156
4.165
4.175
1.439
2.082
2.123
1.390
3.759
3.768
18.383
19.601
3.894
2.432
8.724
13.984
13.984
5.458
5.606
5.528
4.098
8.063
8.207
5.061
9.991
10.029
39.110
42.022
11.913
5.180
4.140
6.749
6.863
0.747
0.530
0.514
0.974
5.153
6.343
11.122
11.204
16.659
18.191
6.332
6.657
10.765
10.776
6.587
8.930
37.183
37.183
10.137
10.143
9.562
15.080
15.240
9.165
6.818
6.287
7.091
8.432
21.362
62.559
64.823
42.754
18.866
6.973
3.290
8.262
10.387
10.872
11.764
11.929
9.577
13.038
13.440
15.286
16.504
20.841
22.156
9.206
20.939
22.790
20.810
8.705
10.590
10.703
18.231
19.818
10.060
7.663
5.378
5.384
5.427
5.427
5.168
5.168
6.874
14.586
15.185
22.410
22.918
10.676
22.643
25.375
17.977
23.922
24.997
14.094
8.937
8.997
7.809
12.037
18.139
18.436
6.539
6.556
10.547
10.653
6.001
10.357
11.556
9.105
2.403
2.403
11.411
11.495
3.342
4.087
9.422
9.687
8.902
7.654
8.563
8.567
6.552
11.036
11.243
5.406
1.768
1.111
0.582
1.102
1.883
1.944
1.839
1.839
1.298
1.335
0.530
0.208
0.640
1.441
2.382
2.408
1.034
0.718
0.193
4.968
4.984
5.912
6.026
4.504
2.529
6.595
6.666
2.836
0.710
0.604
0.610
0.383
0.121
0.121
0.078
0.463
18.888
19.330
2.454
0.370
0.384
0.264
0.097
0.103
0.047
0.281
0.290
0.155
0.190
1.353
1.417
0.962
1.640
1.690
6.427
6.600
3.599
0.850
0.109
0.143
0.143
0.055
0.091
0.338
1.205
1.261
0.423
0.448
0.557
0.564
0.048
0.042
0.036
0.036
0.222
0.222
0.413
0.734
0.794
0.501
0.529
0.272
0.139
0.574
0.703
0.722
0.240
0.032
0.196
0.471
0.493
0.214
0.105
0.229
0.237
0.046
0.284
7.438
7.950
2.259
0.088
0.093
0.211
0.218
0.493
0.520
0.674
0.706
0.130
0.085
0.176
0.511
1.647
1.848
1.848
0.782
0.798
0.263
0.212
0.212
0.362
0.482
0.667
1.030
1.067
0.744
0.755
1.870
2.040
0.311
0.072
0.072
0.002
0.127
0.127
0.631
1.242
1.305
0.728
0.652
0.653
0.188
0.634
4.077
28.529
28.545
1.395
0.686
0.958
1.032
0.525
0.154
0.464
1.067
1.092
0.512
0.327
0.054
0.336
1.083
1.120
0.787
0.238
0.068
0.967
2.353
2.363
0.409
0.445
1.196
1.198
0.193
0.193
0.558
1.927
7.122
7.159
1.456
0.506
0.516
1.013
1.311
1.319
1.199
2.965
2.967
2.214
2.352
1.571
1.604
0.959
3.727
3.733
0.169
1.067
1.077
0.711
1.537
1.537
0.662
3.878
3.889
0.969
0.526
0.164
0.747
1.278
1.310
1.434
1.434
0.880
3.800
4.218
4.810
4.810
4.462
1.515
3.794
4.308
4.322
7.406
7.416
3.184
0.752
1.692
1.985
2.673
5.262
5.265
7.776
7.779
4.372
4.377
2.012
6.902
9.834
10.758
8.013
3.367
5.979
6.038
3.392
7.505
7.505
3.073
3.647
6.526
6.527
5.265
2.485
18.177
18.252
5.924
6.257
2.228
2.259
3.231
3.231
2.640
7.078
7.078
5.907
9.164
9.177
9.239
21.190
22.491
21.039
18.084
8.161
8.161
6.093
11.343
17.605
17.840
19.792
25.060
45.909
46.605
40.089
14.293
15.996
24.245
24.580
19.012
9.768
9.909
6.298
7.790
7.795
5.481
10.774
24.986
28.905
31.770
32.997
17.991
14.120
14.374
13.520
19.715
20.764
15.342
8.611
11.612
16.380
17.304
16.293
21.488
25.861
25.984
12.951
13.852
14.498
11.909
12.935
13.668
12.658
11.773
14.775
15.155
9.021
14.298
15.763
14.558
60.990
67.037
27.466
27.520
14.070
1.835
20.855
25.333
9.201
4.712
4.717
4.630
4.636
3.235
2.844
3.089
3.098
3.001
3.001
3.975
4.323
5.167
5.843
15.160
16.747
11.139
8.013
8.306
7.324
5.666
5.977
5.981
20.214
21.385
19.845
15.303
6.334
5.255
9.717
10.292
30.098
30.703
25.922
3.643
0.445
0.449
0.402
0.874
0.875
0.810
0.815
0.545
0.425
0.341
0.344
0.129
0.702
0.702
0.477
1.412
10.010
10.946
3.870
0.287
0.132
0.865
13.967
13.968
0.066
0.317
0.786
0.806
0.534
0.247
0.411
0.413
1.683
1.759
0.977
1.375
2.229
6.121
6.137
4.285
0.363
0.006
0.001
0.146
0.202
1.615
1.734
1.749
1.566
1.568
0.265
0.190
0.190
0.062
0.008
0.107
0.108
0.003
0.008
0.008
0.133
0.164
0.166
0.020
0.059
0.263
0.347
0.358
0.215
0.211
0.075
0.785
1.220
1.229
0.393
0.195
0.265
0.269
0.271
0.271
0.305
0.309
0.224
0.234
0.116
0.066
0.221
0.308
0.314
0.180
0.159
0.164
0.064
0.126
13.364
13.398
1.785
1.918
1.964
1.514
0.892
0.737
1.133
1.186
0.378
0.272
0.273
0.127
0.126
1.214
1.263
1.216
0.737
1.580
1.597
0.790
0.818
0.589
0.396
0.834
1.054
1.279
1.296
0.371
0.633
0.668
0.355
0.355
0.301
0.740
0.759
0.171
37.744
37.759
0.655
0.639
0.974
1.002
0.919
0.947
1.699
1.809
0.710
0.458
0.320
0.154
0.130
0.174
0.444
0.445
0.368
0.522
8.930
9.305
2.236
2.274
2.225
1.577
0.234
2.017
2.095
1.603
0.257
0.234
0.239
1.677
10.655
10.655
4.858
4.863
0.253
0.253
0.037
0.098
0.457
0.460
0.295
0.163
1.242
1.447
1.448
1.239
1.270
0.483
1.331
1.331
0.119
2.581
3.772
4.141
3.761
3.764
6.098
6.208
6.537
6.538
3.250
3.259
0.876
1.620
1.682
1.376
1.378
1.186
0.661
1.940
1.957
1.378
0.271
0.264
0.324
2.235
2.241
1.472
0.967
0.216
0.106
0.667
0.712
0.918
0.918
0.412
0.249
0.670
0.670
0.394
0.709
0.875
2.579
2.580
1.106
2.027
3.214
3.221
2.664
0.551
2.310
2.337
1.134
1.142
1.374
2.027
2.032
1.743
1.440
0.736
4.431
5.044
10.103
11.042
6.367
4.848
4.941
10.347
10.461
1.508
3.281
3.281
3.531
8.596
8.704
17.110
34.323
37.415
11.052
5.900
10.738
21.123
21.205
18.558
20.711
19.008
10.391
7.782
7.896
8.536
8.541
6.776
19.261
25.040
48.571
52.477
52.535
3.957
4.500
5.383
9.058
13.725
13.789
12.542
26.670
29.943
17.241
18.794
24.912
25.162
13.258
20.131
20.188
23.499
23.787
8.937
22.368
23.359
15.496
15.860
7.147
9.645
16.242
18.411
13.783
5.278
6.268
6.300
14.183
14.283
10.395
7.515
7.515
4.885
4.889
3.867
3.867
6.061
6.079
5.335
10.184
13.111
46.516
46.577
5.857
3.509
3.981
4.020
4.024
4.124
4.588
5.568
19.045
20.400
16.986
5.662
5.662
3.447
2.937
2.937
2.805
4.184
6.333
6.658
13.029
42.742
45.027
42.520
46.997
28.858
19.168
22.318
9.095
5.757
2.276
1.058
1.063
0.279
0.486
0.486
0.449
1.629
3.087
5.526
9.001
9.046
2.543
0.290
0.108
0.108
5.941
6.341
6.343
0.189
0.129
0.101
0.124
0.884
0.894
0.462
0.413
0.325
0.490
0.506
0.266
1.916
1.975
0.718
0.213
0.057
0.057
0.000
0.001
0.075
0.081
0.238
0.241
0.252
0.222
0.392
0.409
0.322
0.321
0.321
0.350
0.351
0.188
0.071
0.033
0.017
0.001
0.003
0.009
0.065
0.385
0.465
0.775
0.842
0.366
0.362
0.144
0.432
0.456
0.423
0.266
0.276
0.009
0.004
0.004
0.040
0.360
0.362
0.416
1.629
1.673
0.789
0.797
0.482
0.176
0.176
0.282
0.290
0.343
0.391
0.425
0.112
0.012
0.069
0.069
0.019
0.160
0.169
0.154
0.211
0.212
0.676
0.715
0.452
0.135
0.393
0.791
0.805
0.259
0.268
0.148
0.001
0.037
0.038
0.139
0.141
0.135
8.784
9.823
4.790
0.389
0.316
0.211
0.311
0.325
0.340
0.358
0.177
0.580
0.580
0.377
2.271
2.271
0.994
0.138
3.337
3.346
1.154
1.162
0.068
0.201
0.327
0.327
0.260
0.650
4.914
33.529
36.022
7.530
0.751
1.221
1.223
0.128
0.454
11.524
11.524
0.065
0.752
0.783
0.291
0.397
0.398
0.313
0.323
0.360
0.363
0.348
0.841
4.086
4.093
0.220
0.255
0.255
0.126
0.132
0.794
0.794
0.356
0.946
2.543
2.546
0.398
0.234
0.348
0.582
0.583
0.983
1.580
1.602
0.812
0.823
0.406
0.518
0.524
0.961
0.964
0.239
0.246
0.259
0.754
0.772
0.131
0.029
0.193
2.517
2.519
2.682
2.690
1.448
6.111
11.128
11.696
6.784
1.441
1.441
0.662
1.013
1.455
1.468
1.250
1.868
5.058
5.079
3.129
3.129
1.223
0.955
1.820
15.648
15.742
3.734
3.782
3.448
3.458
2.100
4.842
4.908
4.288
5.842
5.842
5.681
4.226
4.775
4.775
3.619
2.603
7.506
9.316
22.694
37.081
40.932
38.251
3.834
1.526
2.506
2.539
5.793
8.092
8.139
8.803
8.902
10.494
10.631
5.125
9.133
10.047
10.108
10.282
5.709
5.850
5.647
19.924
22.246
14.898
15.859
15.892
13.838
14.714
15.021
15.793
13.174
9.903
8.979
9.515
15.809
28.754
35.272
33.947
32.400
32.472
14.613
14.735
14.086
14.667
7.184
7.313
7.640
20.231
23.296
31.992
32.179
24.210
27.452
18.215
9.944
10.066
10.066
7.609
7.640
10.301
11.667
17.634
31.658
32.115
4.566
7.022
14.813
15.076
14.709
8.945
31.334
31.522
13.118
7.947
7.756
7.756
5.955
5.876
8.095
8.141
4.702
5.009
8.384
8.424
7.418
7.441
6.131
10.342
12.594
12.959
9.497
8.696
4.656
4.681
8.060
20.517
20.838
11.127
1.808
1.780
2.993
3.999
4.416
4.416
5.298
5.899
5.900
2.042
1.753
1.085
4.547
6.064
6.065
1.634
1.702
1.702
0.894
1.568
3.676
3.678
5.331
5.331
4.137
4.412
6.711
6.767
6.110
11.285
11.386
2.208
0.634
0.240
1.533
1.768
1.768
20.307
38.226
39.792
10.948
0.424
1.773
2.306
2.360
0.631
0.415
0.137
0.158
0.650
0.664
7.293
7.421
0.771
2.215
2.294
1.531
1.308
1.256
0.501
0.079
0.079
0.055
0.060
0.044
0.034
0.034
0.000
0.005
0.035
0.035
0.024
0.118
0.131
0.074
0.102
0.102
0.034
0.010
0.091
0.091
0.021
0.021
0.030
0.068
0.894
0.932
0.509
0.017
0.092
0.096
0.100
0.120
0.308
0.324
1.045
1.056
2.139
2.238
0.883
0.372
0.001
0.022
0.407
0.895
0.984
0.638
0.286
0.121
0.004
0.071
0.078
0.246
0.914
0.925
0.125
0.127
0.338
0.347
0.049
0.390
1.445
1.528
0.835
0.186
0.599
0.614
2.559
2.559
0.011
0.119
0.785
0.811
0.262
9.280
9.291
0.054
0.020
0.225
0.233
0.486
0.491
0.114
0.377
0.377
0.051
0.052
0.020
0.020
0.021
0.104
0.113
2.354
2.384
1.563
1.617
0.969
0.965
1.972
1.985
0.605
5.521
5.567
15.608
15.618
0.046
0.066
0.417
1.138
5.203
5.273
0.992
0.246
1.430
2.105
2.209
4.387
4.407
0.769
3.411
3.877
0.905
0.947
0.871
0.843
0.533
0.718
0.997
1.015
0.849
0.849
0.082
0.294
4.601
4.635
3.053
2.305
8.936
8.951
0.599
0.712
0.712
0.343
0.459
0.459
1.029
1.052
0.254
1.412
3.401
3.414
0.465
0.982
4.221
4.226
0.953
0.953
0.591
3.221
3.228
2.414
1.299
1.699
1.730
0.838
0.759
0.767
0.371
0.056
0.257
0.669
0.669
0.870
2.162
2.163
1.086
1.086
2.466
10.557
11.029
7.453
8.345
4.936
4.948
3.010
3.709
3.726
1.938
1.955
1.003
1.188
1.192
1.102
1.102
0.437
1.355
6.278
6.436
2.058
1.994
3.246
4.936
14.592
35.737
64.861
64.866
0.455
0.888
3.169
3.174
0.975
0.990
1.198
6.489
6.550
4.920
13.974
13.999
16.193
17.777
5.911
7.078
7.078
5.250
8.353
10.115
10.115
11.450
13.329
19.717
33.965
37.576
18.686
5.073
4.184
28.517
34.534
31.122
20.244
10.957
6.942
6.877
12.486
14.368
14.139
9.934
10.032
5.511
5.533
7.459
10.054
24.155
27.425
28.676
25.504
21.653
16.093
12.975
6.643
6.920
27.153
29.160
10.990
8.802
14.966
14.972
7.627
17.355
17.801
7.598
7.598
11.089
11.152
7.025
7.159
7.535
7.605
4.700
4.700
5.872
9.898
22.406
46.252
46.704
14.999
8.089
8.101
20.152
22.585
22.101
8.388
7.254
12.732
22.438
23.164
19.591
2.828
6.528
6.528
9.305
9.603
5.311
2.323
2.323
3.405
4.003
4.003
4.487
7.435
9.734
9.928
6.187
6.409
6.429
5.680
5.747
3.095
5.339
9.437
23.970
38.837
40.355
16.702
2.842
4.728
7.130
7.768
2.267
0.670
1.359
3.429
3.429
1.368
1.370
2.173
2.173
1.004
1.004
0.282
0.616
0.623
0.085
7.293
11.703
11.801
0.379
0.044
0.684
0.684
0.102
0.125
0.282
0.282
0.254
0.782
1.606
1.608
1.936
1.987
0.466
0.436
0.341
1.019
1.178
1.504
1.643
1.652
0.023
0.023
0.121
0.212
1.169
1.199
0.449
0.450
0.301
0.391
1.404
1.416
0.727
0.728
0.449
0.898
0.922
0.432
0.154
0.191
1.099
1.149
0.344
0.150
0.037
0.040
0.040
0.087
0.100
0.105
0.105
0.198
0.380
0.394
0.324
0.140
11.933
25.566
26.294
9.864
0.355
0.233
0.002
0.001
0.118
0.126
0.774
0.820
0.194
0.189
0.349
0.365
0.122
0.036
0.025
3.277
9.800
15.369
15.648
1.231
0.652
0.989
0.999
0.626
0.350
0.001
0.002
0.003
0.003
0.022
0.033
0.033
0.025
0.008
0.002
0.002
0.507
0.745
0.579
0.282
0.448
0.965
0.981
1.170
1.199
0.322
0.294
0.213
0.738
0.755
0.324
0.270
0.964
1.009
1.021
0.948
0.582
0.576
0.577
0.479
0.496
0.522
0.191
2.889
2.930
0.776
0.830
0.830
0.223
0.232
0.198
6.422
6.451
0.535
23.864
24.502
9.361
2.238
0.731
1.091
1.127
0.935
0.604
0.403
0.131
0.062
0.467
0.559
3.786
3.860
1.297
1.609
1.620
0.394
0.206
0.178
0.671
1.025
1.025
0.312
1.074
1.075
1.287
15.615
15.635
2.056
2.171
11.413
11.476
1.151
1.070
1.102
1.228
1.067
0.269
1.090
9.264
11.279
9.179
2.900
2.933
1.364
4.055
4.055
0.322
0.720
2.946
2.950
1.397
4.081
4.101
2.080
1.609
3.472
3.474
7.341
8.394
1.677
0.578
0.522
0.528
0.545
0.545
0.639
0.639
2.020
2.023
0.902
2.875
2.877
2.092
1.778
1.400
1.220
8.448
9.801
5.177
8.291
9.140
5.186
16.865
17.843
8.052
1.369
24.932
27.091
16.437
3.823
0.880
0.609
1.081
3.439
3.510
4.479
7.326
20.792
36.739
38.458
14.452
8.077
6.133
2.659
3.935
3.994
3.699
3.959
5.123
10.747
20.756
21.341
11.758
11.013
16.408
29.164
30.452
7.675
3.762
3.767
5.296
12.149
13.793
14.106
12.711
8.534
6.825
19.743
20.447
6.153
2.602
5.955
6.857
7.253
5.895
5.895
5.678
5.683
5.687
5.337
3.150
6.134
7.078
7.078
4.859
3.072
6.005
6.010
4.287
9.507
10.129
8.905
5.128
21.743
23.325
14.675
3.860
3.909
8.758
8.890
3.595
5.589
8.067
11.310
12.353
23.496
23.496
15.493
18.809
20.474
14.596
5.265
5.270
2.669
12.735
36.084
37.098
10.942
13.039
13.048
13.321
13.464
18.081
20.621
11.257
3.581
3.584
0.265
0.787
3.972
4.716
5.841
5.891
4.669
4.681
6.104
6.107
4.167
5.450
18.708
18.897
9.154
7.541
3.499
4.555
4.809
2.884
2.158
0.694
0.557
0.267
1.755
1.843
1.487
0.218
0.052
0.005
0.052
0.205
2.153
3.276
3.279
3.353
3.385
3.090
3.098
0.838
0.123
0.089
0.284
0.446
1.179
1.208
0.706
0.366
0.375
0.266
0.437
4.241
4.256
3.356
0.749
0.713
1.172
1.379
1.755
1.836
1.106
0.411
0.416
0.490
0.493
0.128
0.019
0.247
0.251
1.596
1.643
0.922
0.175
-0.000
0.003
0.034
0.045
0.045
0.041
0.290
0.676
0.683
0.167
0.551
1.959
4.798
4.822
0.163
0.013
0.309
0.316
0.119
0.051
0.501
1.397
1.463
1.087
1.115
0.811
0.283
0.959
1.004
0.406
1.126
1.163
0.515
0.533
0.486
0.429
0.011
0.001
0.001
0.003
0.666
0.714
