20150101
3.735
9.626
14.936
15.191
1.166
0.493
0.741
0.749
0.221
0.001
0.001
0.002
0.003
0.004
0.031
0.033
0.033
0.019
0.001
0.002
0.002
0.479
0.688
0.512
0.245
0.489
1.001
1.018
1.263
1.294
0.309
0.155
0.154
0.643
0.661
0.275
0.223
0.821
0.936
0.970
0.947
0.459
0.533
0.537
0.154
0.279
0.279
0.068
2.287
2.320
0.634
0.458
0.458
0.001
0.008
0.075
5.632
5.661
0.557
23.442
24.036
8.940
2.034
0.778
0.952
0.985
0.838
0.552
0.358
0.105
0.013
0.330
0.437
3.571
3.645
1.230
1.561
1.572
0.348
0.083
0.052
0.449
0.451
0.052
0.013
0.539
0.539
0.748
13.776
13.796
1.755
1.869
9.007
9.064
0.985
0.878
0.993
1.119
0.912
0.162
0.597
7.859
9.608
7.764
2.404
2.438
1.089
3.265
3.265
0.113
0.009
2.168
2.169
0.905
3.013
3.027
1.424
0.973
2.523
2.523
5.139
5.938
1.453
0.487
0.295
0.283
0.806
0.806
0.016
0.045
1.408
1.412
0.405
2.663
2.664
1.856
1.869
0.737
0.264
5.938
6.999
4.667
7.856
8.669
4.344
13.949
15.084
7.134
0.375
17.771
19.538
13.826
3.232
0.721
0.360
0.638
2.233
2.287
3.474
5.353
14.446
26.736
28.136
11.687
8.171
6.222
1.755
2.452
2.482
3.066
3.090
3.728
9.188
17.465
18.068
8.579
8.036
13.513
23.675
24.686
5.324
2.312
2.312
4.071
8.662
8.662
8.464
8.635
6.839
4.642
15.262
15.847
4.831
2.146
6.208
6.212
2.989
4.076
4.080
3.965
3.647
3.647
3.191
1.709
3.389
4.536
4.541
3.145
1.948
3.974
3.979
3.136
6.656
7.102
6.348
3.776
16.526
17.672
12.843
2.518
2.616
5.452
5.554
2.209
3.414
6.103
7.930
8.621
18.005
18.010
13.044
14.582
15.757
11.839
3.747
3.551
1.763
9.532
30.304
30.931
7.563
10.066
10.070
9.857
9.965
13.613
15.546
9.854
2.525
2.525
0.035
0.458
2.992
3.298
4.249
4.287
3.392
3.406
4.751
4.756
2.660
3.511
15.739
15.902
7.034
4.940
2.248
2.622
2.768
1.723
1.406
0.341
0.318
0.170
1.171
1.228
1.018
0.173
0.009
0.001
0.037
0.146
1.544
2.298
2.300
2.112
2.126
2.500
2.507
0.560
0.038
0.017
0.254
0.380
0.994
1.024
0.646
0.198
0.200
0.220
0.324
4.045
4.065
2.522
0.630
0.379
0.822
1.099
1.404
1.472
0.931
0.341
0.346
0.343
0.347
0.013
0.003
0.031
0.031
1.308
1.355
0.770
0.010
-0.000
0.003
0.039
0.042
0.022
0.002
0.150
0.430
0.434
0.112
0.434
1.541
3.801
3.828
0.064
0.008
0.033
0.033
0.001
0.035
0.334
1.145
1.202
0.959
0.985
0.692
0.221
0.846
0.890
0.319
0.894
0.926
0.437
0.461
0.475
0.398
0.005
0.001
0.001
0.003
0.496
0.540
