20150101
2.605
10.960
18.222
18.732
2.355
3.503
3.612
3.273
5.260
5.260
0.276
0.281
0.456
0.477
0.654
0.720
0.669
0.809
0.833
0.254
1.089
1.596
2.504
2.590
1.679
1.842
2.737
2.826
2.071
2.107
3.363
3.416
1.956
2.188
2.253
2.542
2.614
2.481
2.841
2.984
3.200
3.241
2.433
2.951
5.678
5.901
5.644
3.630
3.743
3.809
3.395
6.174
6.174
2.759
2.807
2.229
8.128
8.185
2.479
22.600
23.342
11.881
4.024
2.690
3.711
3.828
3.134
2.319
2.371
1.618
1.335
4.043
4.175
4.818
4.905
3.158
3.501
3.605
4.019
4.125
3.428
5.131
7.464
7.465
5.031
5.181
7.598
8.290
19.742
19.794
4.684
4.888
13.257
13.377
2.540
2.979
3.103
4.023
4.097
3.998
5.951
17.844
20.272
12.436
6.867
6.893
8.507
8.642
9.214
11.105
21.220
21.447
8.480
6.179
9.104
9.131
6.085
7.837
8.113
7.434
17.833
19.589
7.589
6.036
5.167
6.769
6.835
4.398
8.735
9.131
9.342
17.145
17.469
12.772
10.023
10.165
15.743
15.761
24.335
27.068
30.994
18.806
11.662
12.188
12.352
19.418
21.689
21.444
24.653
49.414
53.338
30.783
19.297
10.470
12.296
12.343
18.021
18.269
14.163
21.903
45.802
51.345
53.424
28.107
20.343
14.098
14.369
15.256
15.858
22.275
22.458
10.003
13.200
17.891
17.968
11.640
14.044
18.623
26.440
27.539
11.604
11.628
10.735
9.952
13.954
46.039
46.485
21.014
6.005
11.840
26.849
27.549
6.194
6.199
23.174
37.187
38.279
10.026
6.194
4.172
5.720
5.729
8.395
8.423
7.622
7.636
5.549
6.236
6.236
5.577
7.327
8.036
15.728
16.678
10.423
19.720
35.384
36.393
26.430
12.373
10.017
11.373
11.476
10.178
17.638
19.000
23.682
25.617
39.287
39.307
27.282
29.540
24.441
12.240
7.798
10.746
10.776
22.257
34.757
37.554
31.837
35.491
22.766
21.446
23.190
24.181
25.013
14.861
10.915
5.602
4.331
4.441
7.652
8.075
11.793
11.811
9.323
9.332
6.681
7.089
9.921
17.553
17.964
18.428
14.091
10.805
17.623
23.371
24.400
11.446
4.406
3.325
0.898
1.108
6.144
10.126
10.310
2.517
2.451
1.078
1.095
1.095
14.599
14.682
5.573
2.666
3.163
6.084
6.123
3.344
2.720
2.729
2.555
2.808
2.738
1.776
1.776
1.797
1.826
2.314
2.352
2.496
6.101
6.105
2.056
5.952
8.093
8.440
7.489
4.734
4.478
3.354
2.534
3.186
3.289
2.450
0.386
3.241
4.351
4.379
7.113
7.173
1.859
0.113
0.046
0.365
0.722
0.729
0.572
1.997
3.149
3.230
1.091
1.520
4.647
6.889
6.972
2.375
0.898
5.138
5.238
2.628
1.132
3.470
3.600
2.947
2.712
2.677
2.347
2.076
2.071
3.045
3.187
3.647
3.761
2.647
1.629
2.008
2.093
0.258
0.005
0.030
0.574
1.466
1.558
