20150101
2.885
10.103
16.298
16.594
0.872
0.536
0.843
0.850
0.613
0.432
0.001
0.002
0.003
0.003
0.017
0.027
0.070
0.070
0.025
0.002
0.002
0.429
0.691
0.425
0.145
0.270
0.595
0.605
1.099
1.119
0.245
0.234
0.112
0.296
0.305
0.180
0.181
0.496
0.577
0.598
0.522
0.321
0.578
0.579
0.644
0.651
0.596
0.242
2.648
2.678
0.644
0.691
0.691
0.244
0.252
0.201
6.843
6.867
0.435
24.031
24.691
9.809
1.397
0.554
0.677
0.693
0.470
0.362
0.255
0.067
0.060
0.474
0.526
3.662
3.724
1.145
1.367
1.374
0.247
0.250
0.198
0.629
1.013
1.013
0.382
1.040
1.042
0.918
15.782
15.793
1.500
1.599
9.979
10.011
0.845
0.689
0.703
0.676
0.699
0.156
0.781
10.008
12.091
9.469
3.375
3.409
1.855
3.905
3.906
0.569
1.149
1.799
1.817
1.213
4.774
4.792
2.388
1.407
3.390
3.392
6.177
7.407
1.427
0.399
0.383
0.383
0.585
0.585
0.748
0.749
1.550
1.553
1.091
1.786
1.787
1.682
2.051
2.051
1.422
8.743
10.609
4.412
6.265
6.862
3.901
14.373
15.581
8.090
1.560
26.364
28.931
14.978
3.947
0.792
0.857
0.863
2.151
2.180
3.143
6.405
23.102
38.050
39.983
14.848
6.919
6.133
3.232
4.567
4.632
5.010
5.064
3.994
10.210
19.132
19.539
10.298
10.570
14.275
24.101
25.294
6.706
2.998
3.003
3.261
8.354
12.582
12.867
12.669
6.406
5.780
17.638
18.274
4.974
1.041
4.983
5.932
6.277
4.264
4.513
4.513
4.246
4.246
2.887
2.012
3.445
5.011
5.011
3.242
2.187
4.066
4.071
3.279
8.204
8.861
7.288
3.953
21.365
22.737
14.758
4.291
3.272
7.773
7.881
2.464
4.658
7.024
9.884
11.006
25.142
25.142
14.616
18.544
19.979
12.916
4.198
4.203
1.891
12.554
32.871
34.037
11.643
13.019
13.024
13.143
13.432
17.384
19.860
11.076
3.438
3.103
0.306
0.595
3.214
4.176
5.576
5.608
4.199
4.211
4.788
4.791
3.412
6.859
17.002
17.177
9.539
6.614
3.782
4.710
4.946
2.493
1.715
0.572
0.423
0.222
1.296
1.419
1.453
0.243
0.128
0.035
0.066
0.066
3.889
3.919
3.167
1.994
2.004
2.445
2.450
0.706
0.159
0.140
0.292
0.344
0.811
0.830
0.662
0.244
0.251
0.173
0.364
3.974
3.990
3.691
0.670
0.442
0.837
1.252
1.269
1.271
0.876
0.361
0.365
0.487
0.491
0.157
0.016
0.242
0.278
1.084
1.113
0.944
0.187
0.003
0.003
0.022
0.026
0.028
0.028
0.246
0.665
0.675
0.086
0.332
1.203
3.542
3.559
0.233
0.017
0.359
0.366
0.123
0.026
0.334
0.791
0.827
0.741
0.758
0.590
0.172
0.560
0.589
0.337
0.820
0.844
0.369
0.382
0.292
0.235
0.009
0.001
0.001
0.002
0.503
0.533
