19950101
0.232
0.182
0.077
0.264
0.275
0.250
0.258
22.177
22.212
1.053
0.602
0.723
0.729
0.313
1.673
11.901
14.927
14.941
1.639
1.701
1.221
0.499
0.424
0.216
0.216
0.058
0.103
0.343
0.507
0.514
0.305
0.226
0.245
0.533
0.738
1.520
1.522
0.450
0.102
0.128
0.182
0.212
0.064
0.066
4.608
5.508
5.539
1.752
1.789
1.094
1.130
2.980
6.119
9.427
9.448
0.270
0.448
0.982
1.013
0.650
0.208
0.214
0.291
0.339
0.402
6.178
6.194
0.982
1.039
0.947
0.961
0.674
0.702
0.151
0.194
1.452
1.465
0.129
0.474
0.475
0.006
0.059
0.329
0.329
24.015
25.233
2.069
0.819
0.860
0.882
0.325
0.356
0.370
0.360
1.899
1.965
0.256
0.256
0.035
0.115
0.669
1.183
1.230
0.772
0.779
0.758
0.758
0.318
0.184
2.233
2.250
1.237
1.133
1.140
0.873
0.832
0.209
0.222
0.222
0.961
0.960
0.252
0.462
0.677
0.689
0.363
0.412
0.542
7.202
7.209
2.530
5.116
5.116
3.441
3.878
3.884
1.170
2.869
2.998
3.016
1.250
1.533
1.539
0.708
1.902
1.902
0.351
0.443
1.145
1.256
1.256
0.935
1.072
1.113
0.962
1.106
1.563
2.751
2.757
1.379
2.416
3.624
7.522
7.535
7.590
11.085
16.784
22.394
27.971
28.080
5.317
4.860
8.627
9.289
7.761
5.167
1.474
1.993
1.993
2.389
29.977
37.340
37.549
3.892
6.280
6.287
6.795
4.741
3.746
3.746
20.372
20.442
2.639
3.272
3.426
3.426
7.325
8.049
6.983
5.821
5.828
4.658
3.488
3.502
1.789
1.657
2.054
12.080
12.087
1.580
2.493
4.268
7.625
10.285
10.698
2.769
1.457
2.784
2.784
2.335
4.226
5.889
5.966
67.666
70.739
53.326
43.666
6.349
0.026
0.093
3.626
3.683
0.274
0.269
1.193
1.193
1.188
4.494
5.589
5.605
11.106
11.328
1.896
0.402
5.050
5.066
5.565
5.565
3.744
3.797
2.892
1.298
0.945
0.945
0.775
0.669
2.000
2.973
3.042
3.046
3.273
3.282
2.434
4.949
5.508
5.865
5.882
2.710
2.710
12.656
34.016
34.616
10.348
0.187
0.573
0.579
0.501
0.261
0.125
0.460
0.460
0.823
1.148
1.151
0.905
0.845
1.190
0.680
0.861
2.490
2.517
0.375
0.387
0.599
0.610
0.525
0.432
0.447
0.317
0.091
0.080
0.233
0.297
0.307
0.254
0.233
0.143
0.177
0.257
0.270
0.216
0.037
33.844
56.041
56.049
0.193
0.010
0.000
0.202
0.447
0.463
0.490
0.513
0.219
0.139
0.398
0.409
0.289
0.282
0.249
0.193
0.355
0.360
0.336
0.347
0.320
0.243
0.188
0.195
0.294
0.294
0.082
0.136
0.316
0.420
0.422
0.190
0.780
0.802
0.260
0.091
0.184
0.184
0.517
0.541
0.866
0.897
0.467
11.638
11.646
0.212
0.240
0.241
0.221
0.463
0.483
0.463
1.278
1.283
0.377
0.415
0.439
0.205
0.184
0.843
0.888
0.436
0.404
0.407
24.244
25.208
20.873
0.291
0.333
0.337
0.169
0.105
0.304
0.324
0.249
0.258
0.144
0.229
0.380
0.385
0.228
0.540
0.564
0.422
0.016
0.092
0.092
0.099
0.987
1.532
13.156
13.687
5.349
0.033
0.339
0.510
0.520
0.180
0.184
11.652
11.748
0.710
0.459
0.121
0.116
1.668
5.424
5.450
0.429
0.044
0.278
0.279
3.080
8.057
8.057
0.147
1.051
1.812
1.812
0.050
1.677
1.743
0.296
0.532
0.532
0.282
0.479
0.491
0.260
0.276
0.295
9.887
9.894
7.009
7.009
3.254
0.215
0.164
1.790
1.805
0.603
0.348
0.357
1.072
1.072
0.103
0.105
0.167
0.168
0.225
0.233
0.133
0.110
0.112
0.108
0.049
0.154
0.722
0.726
0.009
0.026
0.442
0.454
1.984
2.003
2.343
2.357
1.989
0.019
0.270
9.417
9.974
1.770
0.550
4.114
4.254
0.625
1.382
1.567
1.961
1.648
2.239
2.246
6.030
6.037
0.781
3.806
3.920
1.985
1.988
1.142
1.208
1.208
1.011
0.179
0.479
2.868
5.674
5.702
13.275
13.795
3.621
5.672
5.791
5.768
7.090
7.299
3.627
2.932
4.435
4.435
5.000
5.378
2.520
2.424
2.610
2.650
2.265
2.328
2.328
1.887
1.887
5.785
5.853
8.395
8.435
19.463
23.626
18.067
5.107
4.169
4.689
4.689
2.436
2.441
2.258
14.907
17.064
12.552
6.566
7.120
10.070
12.868
31.284
32.698
9.857
9.262
5.234
19.414
20.944
5.818
5.915
3.357
2.716
3.657
3.657
2.696
2.899
2.904
3.423
14.719
15.040
8.438
4.384
5.699
5.704
2.911
11.456
12.752
4.745
4.783
3.538
2.617
4.089
16.290
16.324
11.907
7.732
2.479
6.459
6.554
6.521
6.564
3.529
3.500
2.189
2.189
0.598
2.565
3.372
3.491
3.842
5.186
5.191
6.731
6.998
4.017
4.996
5.262
5.069
4.132
2.715
1.551
1.555
2.118
6.117
6.143
10.477
10.486
4.042
3.879
0.889
0.863
0.863
0.606
1.383
2.006
2.208
2.307
5.683
5.834
5.013
4.420
4.425
1.999
2.018
2.039
5.375
5.401
4.015
0.835
0.996
1.145
1.145
0.608
0.502
0.445
0.497
0.759
0.762
0.707
0.707
0.182
0.185
0.220
0.229
1.048
1.857
1.900
1.642
1.578
4.062
14.652
14.657
0.253
0.307
0.320
0.849
0.849
0.195
0.207
0.148
0.036
0.012
0.020
0.020
0.214
0.218
0.151
0.070
0.253
0.268
0.139
0.213
0.408
0.419
0.479
0.485
0.582
0.589
0.646
0.667
0.333
0.302
0.450
0.457
0.219
0.152
0.204
0.254
0.268
0.250
0.118
0.081
0.125
0.143
0.143
0.240
0.318
0.341
0.162
0.060
0.060
0.024
0.133
0.149
0.054
0.005
0.004
0.033
0.210
0.227
0.164
0.261
0.262
0.003
0.003
0.003
0.004
0.032
0.420
0.432
0.256
0.264
0.363
0.363
0.290
0.308
0.206
0.124
0.393
0.873
0.875
0.005
2.439
6.701
6.719
0.285
0.147
0.237
0.239
0.047
0.318
0.340
0.340
0.513
1.143
1.176
0.600
1.758
1.793
0.895
0.655
0.667
0.277
0.325
0.408
0.427
0.128
0.009
0.812
0.842
0.662
0.365
0.251
2.913
2.931
0.901
1.346
1.348
0.079
1.398
3.634
3.716
1.215
0.115
0.239
1.072
1.074
0.528
0.594
0.604
0.185
3.259
3.287
1.080
1.089
1.331
1.354
1.211
1.308
1.311
2.768
2.791
1.326
1.357
0.700
1.576
1.594
1.951
1.955
0.254
0.191
5.680
6.311
6.329
2.674
2.698
3.297
3.372
3.283
0.552
0.904
0.905
2.754
3.419
3.423
2.681
0.046
0.712
0.713
0.154
0.320
0.339
0.511
2.677
2.678
1.032
1.029
0.711
1.469
1.469
1.251
1.252
2.269
2.426
1.902
1.367
1.370
0.781
0.476
0.477
4.776
4.780
3.442
1.573
1.574
0.118
0.229
0.232
0.632
0.645
0.792
0.801
1.194
2.131
2.135
3.548
3.902
4.806
4.824
2.500
2.500
3.101
3.949
4.224
4.229
3.388
3.533
3.538
1.386
1.117
2.840
2.845
2.746
8.229
8.353
6.264
7.138
5.886
3.838
19.463
19.489
24.077
26.373
3.874
3.890
9.351
11.767
7.065
3.388
4.024
4.029
3.833
14.529
58.756
63.696
32.101
15.518
15.536
11.217
16.689
22.653
43.821
45.359
11.785
2.094
6.165
6.301
17.441
18.239
5.881
9.507
10.519
1.349
1.603
3.070
3.076
2.520
2.520
1.946
1.952
3.567
7.105
7.105
2.449
2.449
3.254
3.260
1.851
2.178
3.268
3.287
4.940
5.119
4.399
9.506
11.468
21.362
21.427
8.147
10.698
10.713
2.392
9.868
13.060
13.185
1.820
2.102
3.618
4.460
4.464
5.317
5.321
1.855
1.855
5.023
7.472
12.275
12.274
0.937
2.351
2.351
2.791
4.284
4.354
2.952
6.237
6.721
3.898
7.256
7.616
2.573
2.579
3.395
3.411
2.484
3.205
4.392
4.398
3.047
3.072
2.911
2.921
2.234
3.699
5.240
5.287
1.022
1.883
1.892
1.718
1.629
0.780
1.094
1.099
0.352
0.058
0.062
0.233
0.282
0.287
0.725
0.744
1.363
1.363
0.461
1.047
1.064
1.049
0.328
1.064
9.808
9.812
0.081
0.379
1.574
1.578
1.150
1.154
0.304
0.378
0.517
0.671
0.677
0.122
0.271
0.274
1.210
1.241
0.850
0.843
0.680
0.409
0.230
0.241
0.282
1.469
1.903
1.926
0.326
0.326
0.470
0.493
0.637
1.360
1.372
0.215
0.250
0.778
3.767
3.767
0.222
0.230
0.226
0.182
0.149
0.988
24.971
26.940
16.298
0.395
7.232
7.590
3.826
0.283
0.301
0.301
0.062
0.062
0.015
0.160
0.171
0.180
0.141
0.222
0.810
0.845
0.353
0.599
0.617
0.215
0.222
0.146
0.026
1.436
1.449
0.005
0.077
0.118
0.119
0.322
0.600
0.624
0.344
0.237
0.290
0.474
0.484
0.383
0.397
0.419
0.415
0.181
0.225
0.238
0.363
0.368
0.327
1.203
1.207
0.197
0.198
2.811
2.842
0.627
0.462
0.630
0.645
0.571
0.057
0.012
0.014
0.014
0.069
0.113
0.754
0.766
0.753
0.776
0.798
0.817
1.409
1.418
1.814
5.003
5.131
3.726
0.264
0.545
1.008
1.041
0.125
0.456
5.434
5.525
3.314
0.552
0.336
0.391
0.403
0.736
1.043
1.059
0.480
0.483
1.368
2.309
2.367
0.649
0.623
8.824
8.839
4.217
1.704
0.460
0.096
0.896
28.769
29.379
9.318
0.091
0.091
0.095
1.872
2.177
2.177
0.203
1.107
1.114
0.289
0.581
0.583
0.388
0.241
0.193
0.331
0.367
0.367
0.317
1.011
1.017
0.127
0.350
1.538
2.760
2.760
0.703
0.703
0.801
0.801
0.986
0.986
0.969
0.746
0.746
0.589
1.547
9.434
9.434
0.500
1.130
1.130
0.271
0.403
5.310
5.310
1.025
3.426
3.428
0.492
0.903
6.297
6.304
4.359
9.527
9.700
1.988
0.529
18.752
19.745
1.054
0.576
9.604
9.604
4.998
5.297
2.718
2.556
1.305
1.052
7.224
8.982
6.756
5.934
2.226
2.027
2.027
1.382
2.917
6.395
6.472
12.491
12.498
3.769
3.777
4.169
10.272
10.379
9.535
6.403
6.449
9.989
10.243
8.789
4.990
10.766
10.778
7.433
7.804
11.249
12.181
6.471
10.666
21.855
23.210
12.812
13.519
15.535
12.660
11.314
19.679
19.718
14.387
15.371
10.528
10.649
5.836
10.049
10.355
4.114
3.078
4.325
9.745
14.347
14.541
4.670
13.896
13.908
5.765
7.350
7.892
7.818
8.559
8.684
16.628
16.759
25.711
25.728
5.160
13.526
15.117
10.230
6.147
6.158
3.079
8.553
9.215
10.024
8.234
2.823
3.210
32.685
32.959
42.468
97.738
101.524
34.640
0.093
3.394
3.394
0.318
0.212
0.984
0.990
0.125
0.056
0.019
0.012
0.012
2.429
2.584
1.968
2.049
2.061
1.725
1.650
1.090
1.208
1.208
5.648
19.310
19.391
1.544
3.191
3.342
3.881
3.922
0.751
0.238
0.170
0.683
1.535
1.554
1.573
1.279
0.298
0.238
0.230
0.230
0.121
0.385
3.590
3.602
1.271
0.053
0.543
0.543
0.302
0.539
0.551
0.162
0.366
0.370
1.905
1.903
0.002
0.016
0.038
0.092
0.401
0.410
0.657
0.863
1.446
1.446
0.005
0.002
0.022
0.607
1.557
4.657
4.676
0.707
0.333
0.148
0.134
0.152
0.255
0.263
0.155
0.160
0.212
0.212
0.225
0.266
0.276
0.077
0.080
0.080
0.003
0.001
0.077
1.051
1.089
0.544
0.554
0.132
0.001
0.061
0.789
0.789
0.079
0.010
0.005
0.364
0.388
0.398
0.257
0.261
0.028
0.013
0.015
0.036
0.328
0.348
0.225
0.003
0.003
0.194
0.206
0.193
2.280
2.319
1.028
1.032
0.173
0.189
0.289
0.289
0.088
0.219
0.220
0.092
0.093
0.054
0.067
0.083
0.117
0.119
0.122
0.129
0.163
0.335
2.504
2.517
0.308
0.315
0.488
0.505
1.136
1.540
1.428
0.618
0.618
0.266
0.141
0.161
0.162
0.024
0.052
0.056
0.139
0.139
0.131
0.307
0.310
0.808
0.808
0.259
2.218
2.239
1.571
0.938
0.554
0.537
0.991
0.991
0.108
0.124
0.064
0.020
0.120
0.161
0.352
0.513
0.526
0.363
0.206
0.110
0.245
0.440
0.442
0.046
0.217
0.270
1.074
1.202
2.946
3.011
4.687
4.715
0.814
0.033
0.011
0.011
0.047
0.534
0.639
0.658
0.594
0.383
1.498
5.272
5.970
4.769
0.146
0.146
0.232
0.756
0.762
0.463
0.236
0.477
0.646
0.646
0.387
0.430
0.814
2.552
2.552
1.328
1.433
1.981
4.164
5.434
5.447
3.716
1.813
1.090
2.295
2.303
3.605
8.918
9.073
7.280
3.001
2.875
3.054
5.079
5.096
1.707
2.381
2.381
4.345
4.345
3.528
3.708
4.553
8.085
8.109
2.715
4.324
4.324
6.378
6.423
5.030
5.040
1.605
4.995
5.026
0.118
0.602
1.451
2.499
2.499
1.657
7.894
8.942
8.987
2.377
2.757
2.764
2.659
3.512
5.889
5.896
5.402
6.857
19.220
23.111
16.442
5.273
20.125
21.444
14.378
2.670
2.757
7.817
38.153
38.216
5.509
3.275
1.767
2.694
3.874
10.983
59.503
59.813
4.939
0.368
0.420
2.550
3.103
11.449
11.455
4.179
4.168
4.876
8.306
8.842
18.610
19.036
8.715
7.656
4.927
5.204
5.313
3.451
3.628
3.628
5.398
5.398
2.515
2.515
2.996
5.366
5.429
6.105
6.219
21.672
21.679
10.106
5.075
11.136
11.168
3.482
3.552
6.485
6.839
6.839
7.123
10.353
10.580
6.105
2.181
6.510
6.535
5.101
3.298
5.207
7.565
7.568
3.202
1.720
1.899
3.680
6.166
6.179
3.048
3.057
2.788
2.104
1.286
1.739
4.960
4.960
1.890
2.368
2.368
2.348
2.348
3.154
7.741
7.754
3.218
2.345
1.505
0.420
2.159
2.179
4.493
4.516
3.787
3.817
2.604
2.300
0.819
1.126
1.639
1.709
1.588
1.520
0.437
2.533
2.719
28.421
78.126
83.700
10.829
0.349
0.141
0.141
0.018
0.018
0.008
0.035
0.148
0.158
0.186
0.188
0.115
0.117
0.237
0.245
0.775
0.788
0.518
0.329
0.154
0.157
0.063
0.064
0.038
0.104
0.315
0.322
0.280
0.413
0.653
0.654
0.063
0.064
0.275
0.622
0.914
0.925
0.036
0.001
0.001
0.002
0.017
0.157
0.159
0.218
0.221
0.219
0.445
0.469
0.346
0.221
0.099
0.101
0.278
0.312
0.261
0.002
0.002
0.012
0.162
0.162
0.012
0.002
0.021
0.054
0.470
0.498
0.306
0.208
0.215
0.193
0.188
0.042
0.045
0.098
0.194
0.207
0.155
0.110
0.118
0.125
0.105
0.667
0.873
0.894
0.461
0.453
0.186
0.004
0.978
1.025
0.748
0.756
0.268
0.217
0.300
0.354
0.815
0.841
0.604
0.604
0.341
7.091
7.783
3.778
0.444
0.759
0.833
0.742
0.606
0.625
0.235
0.820
1.035
1.051
0.389
0.349
0.536
0.791
0.806
0.487
0.483
0.288
0.230
0.239
0.268
0.581
0.609
0.446
0.194
0.036
0.338
1.221
1.234
0.336
0.496
0.503
0.664
0.679
0.536
0.752
1.232
1.612
6.319
6.358
0.951
0.721
0.412
0.794
0.807
0.595
0.272
0.279
11.623
11.644
0.419
0.034
1.355
1.358
0.109
0.004
0.000
0.072
0.074
0.200
0.202
0.129
0.141
0.077
0.030
1.936
1.943
1.621
1.621
0.314
0.701
4.015
4.063
1.350
0.900
0.172
0.762
0.763
1.147
3.787
6.914
6.926
2.735
2.791
3.453
3.565
2.866
0.917
2.332
2.332
0.130
1.107
2.276
2.287
0.886
5.276
5.282
0.623
0.623
0.894
1.500
1.724
3.402
3.451
3.824
29.928
32.074
8.328
9.576
9.627
2.194
3.485
22.348
22.651
21.267
1.902
2.647
2.658
2.623
2.651
0.720
1.562
3.274
8.438
9.741
9.775
4.749
7.533
8.640
8.623
3.867
4.744
4.767
2.582
3.885
8.519
8.565
7.193
29.476
34.346
34.358
7.977
7.320
7.741
6.473
6.254
6.259
3.942
3.813
3.826
8.407
8.420
8.476
22.752
24.083
15.273
5.612
5.633
8.124
8.128
5.350
7.754
8.338
5.882
3.602
5.509
5.509
5.453
5.925
5.930
2.628
3.976
3.985
3.207
3.233
2.821
2.469
2.954
19.150
20.738
15.020
12.120
10.335
1.414
8.156
10.303
10.630
6.751
8.192
8.246
6.139
3.104
2.651
3.330
3.348
3.521
3.525
5.546
6.094
6.597
6.701
2.139
1.962
1.989
1.599
3.063
5.895
6.067
6.216
34.539
35.026
12.972
4.297
0.874
3.804
6.577
21.623
23.247
9.550
9.968
10.231
1.630
0.562
3.329
4.928
5.159
5.009
4.784
4.784
4.472
14.290
14.578
6.827
0.956
0.999
0.400
0.418
0.781
0.799
0.568
0.571
0.282
0.282
0.856
0.856
0.850
0.526
0.308
2.555
2.567
1.717
2.276
1.243
0.457
0.462
0.249
0.417
0.418
0.061
0.066
0.781
2.530
2.655
2.347
1.353
1.375
0.878
0.499
0.307
0.003
0.166
0.169
0.593
0.594
0.018
0.115
0.585
0.586
0.364
0.251
0.251
0.005
0.182
1.454
1.465
0.527
0.080
0.080
1.044
1.676
1.744
0.547
0.411
0.232
0.699
0.735
0.399
0.400
0.506
0.568
0.585
0.370
0.257
0.035
0.049
0.280
0.291
0.094
0.274
0.274
0.338
0.368
0.244
0.006
0.025
0.025
0.002
0.002
0.031
0.032
0.043
0.043
0.003
0.003
0.057
0.369
0.384
0.279
0.293
0.192
0.274
15.749
16.264
3.335
0.540
0.532
0.533
0.097
0.294
0.489
0.500
0.120
0.017
0.325
0.339
0.222
0.082
0.217
0.217
0.140
0.141
0.163
0.491
0.863
0.909
0.690
0.006
0.001
0.004
0.004
0.001
0.013
0.087
0.284
0.383
0.387
0.472
0.486
0.353
0.054
0.008
0.008
0.097
0.404
0.418
0.160
0.235
2.806
3.146
1.591
2.108
2.110
4.624
4.914
2.776
0.402
0.502
5.428
5.543
0.767
0.391
0.526
0.537
0.196
0.343
2.484
2.493
1.163
1.182
0.734
0.493
0.166
0.179
1.051
2.087
2.098
1.738
1.359
1.378
0.359
1.006
1.045
3.129
3.165
1.159
4.219
4.220
0.216
0.711
1.327
1.328
1.055
1.162
1.174
0.557
0.131
0.164
0.415
0.539
0.596
1.641
1.644
1.100
0.648
6.279
6.481
4.746
1.970
1.974
4.246
4.246
1.547
1.552
3.188
3.188
1.631
10.776
10.778
3.694
1.463
1.592
0.843
1.409
1.616
2.534
5.188
5.222
1.349
1.207
2.761
6.243
9.011
9.223
1.019
0.985
1.128
7.706
7.814
3.286
1.217
1.302
4.365
4.384
1.893
1.610
6.432
7.530
6.125
4.376
4.378
6.048
6.080
4.733
4.731
4.845
7.899
8.232
5.658
4.542
4.571
2.831
3.623
5.342
5.342
3.771
3.771
2.844
4.457
4.504
6.652
7.192
8.321
8.932
5.464
6.690
6.690
1.466
3.236
3.236
3.042
4.141
4.146
4.917
4.916
2.362
2.436
2.436
1.849
2.243
3.299
3.299
3.908
5.188
5.267
3.518
1.932
13.337
13.718
6.598
4.693
2.747
7.243
16.676
17.158
1.363
1.731
15.506
18.148
15.909
18.477
13.114
13.372
13.377
6.594
6.602
7.152
7.219
2.187
2.419
3.213
3.213
2.590
2.590
1.478
2.113
4.440
4.886
2.932
4.092
4.092
25.488
29.183
21.933
5.485
5.595
15.117
16.399
16.253
2.119
4.941
5.100
9.595
11.941
11.977
2.687
2.690
2.129
2.141
6.148
24.707
25.014
4.007
4.072
3.421
8.035
8.066
7.499
6.145
3.877
2.324
1.168
1.924
1.937
0.604
0.954
1.075
2.030
2.033
1.692
1.035
0.731
1.351
1.357
1.094
4.283
4.311
3.684
4.863
4.874
28.420
28.813
4.550
3.508
13.513
13.541
2.289
0.484
0.268
0.302
0.307
0.120
0.273
0.279
0.102
0.393
0.609
0.615
0.552
0.757
1.441
1.441
2.619
2.625
0.575
0.131
0.564
0.576
0.188
0.759
0.780
0.567
0.310
0.291
0.313
0.273
0.220
0.227
0.148
0.051
0.002
0.002
0.022
0.086
0.087
0.040
0.040
0.018
0.075
0.083
0.049
0.001
0.097
0.321
0.338
0.165
0.168
0.186
0.195
0.026
0.092
0.128
0.664
0.742
0.753
0.578
0.229
0.234
0.163
0.069
0.256
0.685
0.694
0.160
0.122
0.318
0.323
0.187
0.014
0.004
0.017
0.080
0.176
0.184
0.287
0.297
0.216
0.234
0.240
0.132
0.043
0.117
0.119
0.104
0.364
0.677
0.688
0.464
0.005
0.005
0.017
0.062
3.248
7.051
7.077
2.966
2.988
7.737
7.741
0.303
0.426
0.493
0.501
0.309
1.938
10.808
10.819
0.345
0.050
0.025
0.038
0.094
0.097
0.225
0.321
1.204
5.750
5.760
0.409
5.171
5.474
4.670
0.082
0.232
0.232
0.053
0.783
0.811
0.903
0.978
0.444
0.055
0.154
2.715
2.743
0.605
0.618
0.390
2.709
2.795
1.073
0.885
1.463
1.469
0.354
0.359
0.225
0.058
0.076
0.215
0.412
1.701
1.701
0.301
0.301
0.073
0.020
0.844
1.341
3.580
4.831
4.833
0.735
0.736
0.467
0.711
1.227
1.230
2.167
4.738
4.773
1.944
0.081
0.081
0.202
0.627
2.362
2.362
2.165
2.911
2.911
0.562
0.091
0.015
0.286
3.579
3.579
0.122
0.334
2.326
2.328
0.898
4.512
6.127
6.151
1.330
7.989
8.081
0.181
1.299
5.464
5.464
0.696
1.314
1.714
1.817
1.876
4.306
4.530
1.539
0.737
1.624
1.624
3.005
3.781
18.580
18.668
10.121
4.097
2.262
0.774
4.230
4.251
3.894
5.279
5.302
1.989
2.845
3.007
3.265
3.265
2.001
3.056
7.423
7.427
2.666
2.380
3.999
3.999
5.530
5.725
5.776
2.753
5.328
6.852
6.874
2.709
6.296
6.791
4.855
3.721
6.307
6.329
2.478
1.907
3.284
3.287
3.168
8.875
43.496
45.826
4.829
6.645
13.330
13.442
5.382
9.290
9.303
8.501
5.546
3.737
3.737
11.211
12.422
4.388
1.375
3.586
15.231
17.343
31.930
34.423
31.528
23.488
2.559
17.620
19.047
19.903
12.948
5.579
5.639
4.784
7.482
8.061
4.533
1.926
2.365
2.365
1.897
4.586
19.120
20.670
8.969
8.993
4.677
2.351
2.351
2.428
2.872
17.440
20.438
21.186
11.411
4.084
2.163
0.835
2.824
2.829
2.626
2.529
1.593
0.946
2.262
2.266
4.721
5.621
5.640
2.552
0.967
0.983
1.761
1.761
2.172
2.555
2.555
2.054
1.237
1.253
2.099
3.294
3.297
0.868
3.529
3.590
3.384
19.549
28.987
29.367
8.889
1.128
0.717
0.196
0.160
0.278
0.513
0.675
0.675
2.190
2.194
3.596
3.630
2.137
1.524
1.026
0.818
0.105
0.155
0.157
6.246
6.358
0.877
0.273
0.750
0.777
0.654
0.672
0.561
0.278
0.654
0.686
0.786
0.822
0.527
0.534
0.324
0.331
0.146
0.207
0.216
0.131
0.208
0.214
0.178
0.188
0.443
2.567
2.584
0.304
0.326
0.278
0.087
1.314
1.374
0.242
0.017
0.001
0.146
0.793
0.819
0.305
0.006
0.012
0.243
0.412
0.412
0.217
0.248
0.363
0.384
0.297
0.307
0.304
0.304
0.169
0.171
0.012
0.001
0.001
0.018
0.018
0.133
0.764
0.775
0.339
0.238
0.191
0.635
0.639
0.476
0.200
0.201
0.099
0.061
20.572
21.718
1.362
0.275
0.288
0.157
0.006
0.161
0.169
0.157
0.241
0.250
0.199
0.282
0.292
0.029
0.001
0.001
0.001
0.002
0.048
0.056
0.372
0.383
0.192
0.051
0.051
0.022
1.741
8.989
8.997
6.507
9.934
9.939
0.499
0.704
0.727
0.258
0.659
0.686
0.574
0.619
0.920
1.553
1.691
2.038
2.038
0.248
0.143
0.978
25.602
25.826
0.743
0.057
0.116
1.532
1.692
1.586
0.649
0.021
0.076
0.586
0.610
0.735
0.753
0.407
0.915
0.935
0.417
1.480
1.520
1.475
1.481
0.171
0.484
0.883
0.892
0.523
0.747
0.764
0.116
0.118
0.118
2.176
2.187
1.991
1.992
0.526
1.745
1.754
1.207
0.656
0.656
0.494
0.621
1.123
1.124
0.327
0.267
0.471
0.598
0.600
0.575
0.098
2.519
2.563
2.748
2.748
0.664
1.210
1.231
0.796
0.796
0.226
0.222
0.586
0.586
0.669
6.807
6.814
2.745
2.998
2.999
0.707
3.144
3.163
0.358
0.289
0.264
2.149
2.744
4.186
4.197
0.867
1.952
2.667
3.525
3.647
3.158
4.631
4.632
2.671
2.671
3.799
5.572
5.730
1.810
1.153
1.042
1.003
1.019
1.020
2.390
2.395
3.624
5.165
5.175
3.987
6.858
6.863
3.159
15.869
17.077
19.871
18.022
18.962
7.945
8.091
5.691
3.886
4.872
4.882
4.564
15.202
26.012
26.527
5.655
9.769
34.699
35.048
12.584
9.016
12.116
12.234
15.827
15.896
14.719
4.978
13.944
29.709
29.951
17.475
10.531
8.571
8.613
22.543
23.111
2.991
3.337
6.003
20.327
21.117
11.694
12.178
6.293
4.306
4.306
3.289
4.715
4.722
11.985
12.746
10.358
7.674
11.634
11.691
2.521
1.006
1.010
1.625
7.974
7.993
7.778
7.836
2.469
1.911
4.008
5.948
7.693
7.840
56.365
57.027
4.132
2.922
2.698
2.178
5.357
5.391
3.737
2.764
2.779
1.568
6.711
10.243
10.407
4.192
7.076
7.148
6.367
4.139
2.225
1.398
3.039
5.416
5.420
4.764
5.378
5.393
3.638
3.100
2.274
1.899
2.846
2.861
1.903
1.641
6.909
7.447
6.488
1.118
0.841
2.145
2.907
2.922
1.888
1.137
1.142
0.228
0.268
0.338
0.338
5.402
49.106
49.290
0.646
0.417
0.154
0.189
0.505
0.505
0.088
0.325
0.975
0.984
0.646
0.220
2.104
12.028
32.203
33.037
12.415
0.839
0.092
0.228
0.242
0.017
0.148
0.148
0.014
0.252
0.256
0.755
0.784
0.154
0.247
0.663
0.673
0.185
0.093
0.391
0.669
0.700
0.710
0.649
0.073
0.073
0.002
0.002
0.019
0.045
0.535
0.611
0.626
0.288
0.162
0.022
0.214
0.331
0.362
0.177
0.025
0.010
0.198
0.206
0.117
0.118
0.036
0.096
0.114
0.208
2.812
2.825
0.203
0.210
0.198
0.098
0.158
0.257
0.272
0.237
0.201
12.925
14.278
10.989
0.021
0.126
0.216
0.225
0.270
0.280
0.434
0.502
0.485
0.108
0.108
0.002
0.171
0.249
0.853
0.862
0.014
0.015
0.016
1.275
1.284
0.040
0.447
0.474
7.661
7.875
6.096
0.480
0.493
0.160
0.251
0.405
0.802
0.826
0.419
0.427
0.330
0.750
0.771
0.386
0.026
0.060
0.208
0.276
0.276
0.563
0.564
0.248
0.235
0.095
2.961
3.042
1.235
0.095
0.303
0.304
0.005
0.002
0.007
0.042
0.043
0.195
0.203
0.276
0.286
0.061
0.393
1.269
2.439
2.439
0.058
4.027
4.027
0.693
0.693
0.170
0.991
0.991
0.022
0.031
0.074
2.694
2.694
0.023
0.442
0.445
0.147
0.131
0.342
0.342
0.229
0.301
3.221
3.241
4.902
5.099
0.440
1.175
2.241
3.696
3.696
3.441
3.441
2.045
0.482
0.660
4.164
4.167
2.726
1.961
2.596
2.597
0.387
3.675
5.348
5.353
3.488
2.882
2.189
2.310
3.189
3.200
1.371
0.921
0.941
0.274
0.756
1.195
1.199
0.803
0.807
0.298
6.635
6.988
3.821
0.995
1.035
1.050
1.564
3.915
5.632
8.054
8.058
17.699
17.707
7.466
8.175
6.741
2.826
2.238
2.246
2.489
2.583
2.759
2.962
3.443
3.465
5.305
5.334
2.535
5.646
5.688
3.778
5.162
5.509
6.606
9.175
9.902
7.186
3.124
6.194
9.179
10.581
10.613
10.629
11.002
11.085
5.566
5.579
2.024
0.765
1.310
2.433
6.727
6.827
7.649
8.170
4.962
15.917
20.272
46.691
49.629
24.106
39.557
40.692
22.536
4.539
9.808
10.385
3.564
18.935
18.941
7.489
7.514
5.778
5.858
2.294
9.875
10.722
6.753
7.226
10.881
11.102
4.527
4.551
4.609
4.624
4.546
4.738
4.933
4.936
5.131
6.195
6.340
6.098
2.012
2.950
2.950
3.145
3.148
5.868
5.871
4.117
6.799
6.815
5.052
0.686
2.462
2.496
1.766
1.678
3.353
3.356
2.241
4.407
5.953
5.979
2.149
3.751
3.811
2.398
1.338
1.237
1.881
3.167
3.532
7.129
7.129
0.479
0.950
3.340
3.344
3.193
3.197
3.091
2.812
2.816
1.184
1.361
1.704
2.729
2.884
1.342
5.070
13.948
14.016
1.211
2.583
2.586
2.731
2.737
1.776
22.456
22.481
2.688
0.290
1.288
1.291
0.361
6.976
7.099
0.361
0.040
0.074
0.238
0.297
0.309
0.602
0.627
0.973
0.985
1.097
1.100
0.290
0.300
0.318
0.327
0.303
0.581
0.602
0.396
0.250
0.302
0.307
0.298
0.234
0.576
0.774
0.836
0.975
0.975
0.034
0.006
0.006
4.243
4.351
0.549
0.852
0.852
2.529
2.529
0.162
0.578
0.579
0.479
0.295
0.283
0.471
0.475
0.007
0.007
0.011
0.011
0.010
0.010
0.002
0.002
0.002
0.058
0.058
0.323
0.323
0.059
0.001
0.002
0.151
1.693
1.723
0.486
0.422
0.279
0.465
0.487
0.202
0.002
0.002
0.004
1.015
1.023
0.595
0.573
0.348
0.263
0.365
0.375
0.758
0.774
1.224
1.243
0.180
0.002
0.002
0.112
0.604
3.477
3.546
1.298
0.401
2.383
3.563
16.904
16.905
0.183
0.368
0.375
3.777
3.794
2.147
21.021
21.737
3.358
0.400
0.857
1.304
1.323
0.498
0.400
0.273
0.103
0.040
0.532
0.546
0.469
3.248
3.321
4.154
4.160
0.364
0.301
4.113
5.331
5.384
0.174
0.273
0.295
0.560
0.560
0.274
0.282
0.003
0.453
0.455
0.188
0.155
0.467
0.468
1.085
3.720
3.727
0.848
0.019
0.021
0.230
0.232
1.192
6.180
6.180
0.854
0.882
0.637
5.016
5.019
0.558
0.558
0.663
0.687
0.609
0.617
0.261
0.355
0.455
0.482
0.482
0.342
0.884
0.887
0.621
0.640
0.304
0.182
0.086
0.040
0.075
0.100
0.154
0.184
0.263
0.927
0.927
0.684
0.307
0.313
1.377
2.916
3.566
3.566
2.935
3.954
4.034
4.035
2.977
2.977
3.700
3.748
2.464
0.463
2.512
3.726
3.348
1.318
1.322
1.224
1.228
0.918
2.316
2.658
0.753
1.265
1.265
1.764
2.750
2.924
0.688
0.591
1.032
1.032
0.439
1.008
1.610
1.621
0.511
1.849
3.464
3.470
2.687
2.365
2.648
1.349
1.377
1.382
1.344
1.349
0.944
0.738
4.108
9.255
10.205
2.954
4.286
4.414
6.185
30.553
30.936
4.625
0.311
1.027
3.109
3.137
3.359
4.178
4.199
2.068
4.140
4.140
3.822
1.935
1.919
7.883
21.068
21.619
11.949
12.013
6.526
14.022
15.878
11.350
3.393
2.847
33.632
36.156
6.123
1.506
2.030
3.414
3.441
2.518
2.523
2.168
1.331
1.039
1.411
4.577
8.265
8.270
6.271
9.853
20.319
20.333
8.265
8.265
5.821
4.491
2.473
3.549
5.295
5.764
6.060
6.763
9.466
9.892
6.773
6.352
10.929
19.998
20.003
4.152
2.860
1.100
0.081
0.646
2.712
2.726
2.317
2.289
3.553
7.034
7.230
1.120
1.120
2.645
2.647
1.229
1.694
1.696
2.719
2.726
2.283
3.512
3.611
3.474
2.058
10.298
10.372
2.180
1.347
1.351
0.871
1.935
1.939
0.768
0.481
0.485
1.907
12.218
12.291
7.042
2.442
1.911
1.921
0.480
0.485
0.160
0.142
0.091
0.101
0.512
0.517
0.087
0.187
0.686
23.339
23.623
11.194
0.325
0.037
0.224
1.376
1.399
0.183
1.349
1.450
0.860
0.533
0.425
0.171
0.227
0.234
0.153
0.194
0.198
0.147
0.055
0.009
0.003
0.009
0.009
0.002
0.150
0.541
0.543
0.072
0.054
0.024
0.305
0.321
0.331
0.190
0.234
0.238
0.223
0.235
0.328
0.342
0.261
0.270
0.310
0.315
0.092
0.524
0.542
0.162
0.225
0.238
0.243
0.257
0.104
0.225
0.232
0.219
0.226
0.255
0.267
0.278
0.420
0.427
0.325
0.352
0.352
0.022
0.213
0.213
0.085
0.104
0.148
0.152
0.074
0.163
0.198
0.219
0.241
0.274
0.291
0.148
0.042
0.586
0.588
0.616
0.098
0.005
0.088
0.088
0.005
0.037
0.189
0.246
0.258
0.240
0.224
0.110
0.110
0.007
0.007
0.001
0.021
0.041
0.124
0.928
1.917
1.917
0.001
0.148
0.284
0.750
1.267
1.267
0.006
0.036
2.419
3.920
4.036
0.531
0.298
0.002
0.002
0.011
0.083
0.083
0.069
0.260
0.923
0.933
0.383
0.308
0.320
0.260
0.468
1.927
1.944
0.561
0.135
0.262
27.625
29.716
14.893
0.304
0.821
13.619
13.688
2.183
2.196
0.086
0.144
0.942
1.194
1.217
0.210
0.386
1.092
1.101
0.449
0.574
0.578
0.116
1.869
3.997
3.998
0.319
0.796
1.600
1.600
0.035
0.350
1.034
1.042
0.324
0.336
0.247
0.140
0.139
0.738
20.102
22.068
9.240
0.555
0.639
0.642
0.700
0.701
1.769
1.782
0.276
0.003
0.011
0.149
2.027
3.303
3.309
0.465
0.960
0.962
0.686
0.790
5.415
5.455
4.204
4.675
4.677
0.242
0.293
0.293
1.168
3.204
3.204
3.720
3.732
1.203
2.173
2.755
2.758
3.980
6.555
6.845
4.546
4.588
3.793
5.906
5.910
6.168
6.173
4.784
4.348
3.709
3.480
25.038
25.042
6.295
4.500
1.761
1.770
1.630
1.643
1.092
1.109
5.588
5.605
2.024
2.959
7.604
11.583
15.368
26.541
26.608
10.161
5.419
5.443
4.123
1.479
1.846
8.952
9.470
4.240
3.517
5.264
5.264
4.487
4.516
7.528
7.666
5.188
5.477
4.654
3.104
10.318
12.077
8.246
2.724
4.461
9.800
11.667
12.478
8.864
3.626
1.897
2.314
2.318
2.173
4.109
4.116
4.043
3.988
3.117
1.601
5.646
5.670
3.938
1.658
0.733
1.746
2.372
2.726
2.726
0.890
0.902
3.120
3.120
1.729
0.961
3.646
6.446
8.329
33.289
33.961
5.015
4.107
3.718
3.722
2.641
2.641
1.627
1.308
0.522
0.450
4.369
6.092
30.169
30.253
17.019
17.565
5.444
0.579
1.945
2.833
2.833
2.518
11.362
11.365
7.259
12.385
16.163
16.923
15.059
13.538
0.714
0.207
0.087
0.312
0.312
0.170
1.798
1.812
1.465
0.204
1.314
1.504
1.504
1.147
1.148
2.042
2.050
0.582
0.718
1.082
1.085
0.350
0.352
1.520
4.473
4.507
0.876
0.437
0.437
0.257
0.258
0.153
0.141
0.146
0.167
0.554
0.566
0.806
1.266
1.269
1.294
1.305
0.404
0.368
2.176
2.376
2.376
0.357
0.369
0.510
0.539
0.455
0.554
0.691
0.695
0.093
0.778
1.075
1.082
0.883
0.448
0.190
0.183
0.040
0.131
0.179
0.181
0.015
0.017
0.228
0.274
0.548
1.132
1.162
0.399
8.741
8.784
0.217
0.005
0.001
0.001
0.005
0.005
0.001
0.020
0.177
0.186
0.106
0.030
0.030
0.248
0.557
0.557
0.002
0.001
0.014
0.041
0.042
0.011
0.002
0.250
0.264
0.222
0.230
0.054
0.236
0.246
0.375
0.397
0.596
0.618
0.280
0.291
0.054
0.020
0.094
0.253
0.255
0.022
0.003
0.003
0.002
0.002
0.004
0.004
1.509
1.510
1.246
0.110
0.177
2.767
2.798
6.313
6.338
0.976
0.591
0.545
11.281
11.329
3.352
16.577
16.590
0.770
0.777
0.418
0.154
0.126
0.046
0.091
0.356
1.468
12.428
12.447
0.605
0.528
8.026
8.079
0.553
0.287
0.835
1.224
1.244
0.391
0.397
0.553
0.558
0.604
2.259
3.820
3.853
1.001
0.862
0.001
0.001
0.353
1.563
1.563
0.007
0.041
0.321
0.748
0.748
0.047
0.007
0.004
0.004
0.064
0.307
0.307
0.396
0.885
0.886
0.706
0.712
2.476
2.580
2.237
2.181
0.912
0.913
0.448
0.354
1.131
1.491
1.492
1.498
1.499
1.335
2.476
14.793
15.318
6.785
3.408
0.845
0.012
0.078
0.080
0.786
1.227
1.348
7.778
7.778
0.732
1.961
3.555
3.584
3.655
4.320
4.331
1.782
16.480
16.516
0.750
4.400
5.506
5.506
4.598
5.979
6.256
1.189
1.507
3.558
3.558
1.017
0.252
0.331
0.678
0.683
1.396
3.927
3.927
3.581
3.639
2.575
3.942
9.886
9.953
4.669
2.811
4.606
5.742
6.834
17.957
18.048
5.092
5.010
6.117
6.117
3.229
4.447
4.466
4.192
2.291
5.299
5.309
3.374
2.642
4.681
5.513
4.914
2.229
4.572
4.572
2.416
3.416
3.416
8.075
13.286
16.872
17.027
13.099
7.002
7.070
9.938
9.943
16.269
34.766
36.895
19.927
21.279
22.115
23.818
18.557
14.940
15.109
23.152
24.211
9.075
14.508
16.173
9.779
1.177
1.177
1.319
1.319
0.681
2.946
2.946
5.580
10.347
10.508
11.567
19.795
19.913
17.038
8.214
8.696
6.710
1.059
1.509
3.287
4.620
4.625
2.431
4.474
4.507
3.537
4.833
4.852
3.548
4.523
5.776
9.302
27.887
35.644
37.912
11.130
13.003
15.338
13.025
0.728
1.280
1.666
2.812
2.834
1.603
4.083
4.083
4.954
4.954
1.536
0.750
8.134
15.972
16.569
4.262
3.149
3.175
2.151
0.962
0.964
0.285
1.385
1.393
1.185
1.192
4.545
8.242
13.407
14.554
2.295
2.444
0.538
0.180
0.900
0.903
0.246
0.257
0.561
0.796
0.803
0.643
0.401
0.031
0.031
0.050
0.090
0.174
0.285
0.434
0.695
0.819
0.537
0.043
0.656
0.725
0.728
1.366
1.388
0.283
0.318
0.585
0.591
0.131
0.132
0.074
0.078
0.127
0.132
0.299
0.312
0.277
0.187
0.161
0.161
0.001
0.001
0.001
0.039
0.363
0.374
0.475
1.425
1.425
0.024
0.024
0.355
0.387
0.388
1.260
1.273
0.404
0.342
0.385
0.403
0.256
0.211
0.068
0.236
0.241
0.059
0.003
0.006
0.006
0.010
0.024
0.026
0.029
0.081
0.135
0.178
0.317
0.332
0.401
0.410
0.286
0.455
0.473
0.116
0.262
0.323
0.362
0.364
0.039
0.039
0.001
0.001
0.283
2.018
2.104
0.992
0.330
1.867
5.621
5.654
3.064
3.087
0.450
0.724
0.910
1.425
1.451
0.333
0.130
0.415
0.431
0.254
0.281
0.441
1.444
1.457
0.306
0.477
0.564
0.581
0.150
0.115
0.025
0.273
3.588
3.614
1.362
0.300
0.018
0.219
0.812
1.083
1.099
0.427
0.004
0.020
0.088
0.293
4.718
4.822
2.258
0.006
0.161
0.171
0.014
0.002
0.655
0.655
0.431
0.646
0.646
0.429
0.505
1.577
1.577
0.306
0.321
0.274
0.769
0.780
0.601
0.455
0.462
1.964
1.975
0.654
0.799
2.314
2.348
1.790
3.381
3.388
8.256
8.261
0.146
0.153
0.152
1.433
6.432
6.444
5.687
0.658
0.361
0.336
0.302
0.074
0.266
0.306
0.341
0.341
0.500
0.500
1.108
1.178
1.180
0.194
2.516
2.533
1.703
4.756
6.466
6.577
4.022
4.430
4.433
1.540
2.256
2.368
2.396
5.894
5.896
3.753
2.070
1.674
2.379
2.753
3.731
3.732
3.638
3.685
3.689
1.900
3.059
3.061
3.324
3.342
6.300
6.344
5.148
5.152
3.896
5.849
7.705
7.754
3.638
3.090
2.643
2.997
5.741
6.222
11.978
12.313
7.806
7.817
7.836
9.823
10.013
7.862
6.203
4.779
4.861
3.292
5.801
5.849
4.429
3.225
10.557
10.688
16.166
17.775
5.361
9.002
10.921
10.921
4.473
3.571
3.576
3.334
4.546
6.483
10.067
12.414
12.806
17.167
17.667
14.350
8.359
13.147
13.177
26.592
27.782
16.990
4.270
12.043
12.108
1.988
2.403
3.912
4.512
8.314
8.715
5.398
5.467
5.470
4.791
14.544
14.551
3.141
4.646
6.861
9.764
10.423
10.613
40.330
42.956
16.404
3.872
23.911
24.536
1.595
1.415
1.446
1.377
7.320
7.838
9.205
19.604
19.949
7.103
2.295
1.511
1.130
3.028
3.810
3.829
2.137
0.872
0.969
1.382
1.498
2.047
2.764
5.831
5.992
3.028
3.028
2.467
3.409
3.416
2.002
0.788
3.177
3.377
3.442
3.074
1.763
0.910
13.179
14.896
14.612
0.029
0.362
0.498
1.039
2.152
2.373
2.381
1.329
0.856
0.905
0.916
0.645
2.086
2.086
0.485
0.225
0.319
0.972
0.976
0.288
0.300
0.382
0.394
0.236
0.186
0.444
3.111
3.210
0.357
0.360
0.220
0.147
0.035
0.235
1.867
1.867
0.033
0.033
0.004
0.128
0.128
0.053
0.187
0.365
0.379
0.178
0.178
0.060
0.097
0.511
0.862
0.894
0.584
0.139
0.180
0.180
0.032
0.008
0.008
0.001
0.003
0.029
0.034
0.015
0.001
0.003
0.003
0.001
0.090
0.090
0.075
0.374
0.379
0.187
0.151
0.155
0.011
0.005
0.001
0.002
0.052
0.090
0.295
0.298
0.685
0.742
1.981
1.983
0.072
0.077
0.322
0.863
0.888
0.755
0.024
0.290
0.590
0.599
0.282
0.264
0.280
0.219
0.225
0.086
0.016
0.003
0.001
0.002
0.115
0.139
0.056
0.006
0.001
0.001
0.001
0.005
0.020
0.020
0.194
0.196
0.020
0.056
0.684
0.684
0.503
0.503
0.170
0.196
0.208
0.214
0.393
0.393
0.305
1.753
1.759
0.006
0.195
0.290
0.399
0.402
0.317
0.310
0.391
1.077
1.077
1.572
4.286
4.416
1.602
1.630
1.167
1.167
0.003
0.003
0.005
0.187
0.187
0.183
0.191
0.320
0.354
0.711
0.711
0.293
0.293
0.237
0.512
1.512
2.554
2.558
2.532
2.536
2.459
2.460
1.831
3.943
5.790
5.821
1.392
1.657
1.659
1.237
1.237
0.133
0.175
0.175
0.085
0.595
0.784
0.803
1.939
1.969
0.524
0.294
0.963
1.284
1.284
1.333
3.387
3.387
2.566
1.124
2.592
2.651
0.386
0.253
0.108
0.194
0.650
1.752
1.752
1.725
1.967
5.112
5.145
2.947
1.403
0.449
0.898
0.917
1.544
1.570
7.283
20.053
20.071
2.959
0.961
0.965
0.059
0.097
0.416
1.143
1.652
8.790
8.816
6.184
33.405
56.795
56.803
1.180
3.352
3.363
5.149
5.157
4.938
4.962
1.161
3.178
4.237
4.245
1.425
0.869
3.567
5.332
5.425
3.505
3.299
3.209
3.229
0.795
0.931
1.157
1.161
1.235
1.235
4.366
4.631
4.740
4.775
8.681
8.712
8.899
11.069
11.253
18.712
18.742
8.757
8.855
2.398
1.865
1.510
1.633
1.771
3.448
6.670
6.670
2.472
9.581
9.590
1.051
3.764
3.764
2.911
1.559
11.909
11.914
0.597
1.702
38.317
42.022
42.200
8.836
16.556
17.587
3.839
14.039
19.264
19.347
30.352
32.714
16.844
16.043
4.764
5.304
4.864
4.731
4.731
10.250
10.259
10.628
11.362
7.017
15.649
34.257
34.390
2.125
9.026
10.217
4.042
3.561
3.693
3.764
7.154
7.196
2.888
2.415
2.891
2.893
1.640
6.610
9.862
10.361
2.587
5.095
5.104
2.736
2.738
0.544
1.079
1.081
0.629
1.000
1.638
1.691
1.228
3.184
3.190
0.954
2.192
3.275
3.282
1.041
3.082
3.082
2.290
2.291
0.689
3.105
5.010
5.026
10.354
47.803
50.448
5.702
0.608
0.564
0.427
0.246
0.101
0.141
0.141
0.064
0.314
0.322
0.217
0.447
0.455
0.193
0.294
0.536
0.560
0.459
0.483
0.467
0.318
0.310
0.291
0.331
0.332
0.079
0.153
0.154
0.171
0.222
0.258
0.265
0.216
0.520
0.524
0.536
0.578
7.650
8.600
6.180
0.887
0.785
0.087
0.088
0.007
0.007
0.122
0.282
0.282
0.042
0.043
0.050
0.050
0.034
0.034
0.009
0.242
0.300
0.305
0.373
0.373
0.032
0.203
0.204
0.636
0.670
0.564
0.580
0.459
0.567
0.591
0.124
0.095
0.320
0.568
0.586
0.461
0.117
0.117
0.085
0.104
3.867
4.175
0.306
0.001
0.035
0.256
0.258
0.049
0.036
0.149
0.156
0.117
0.122
0.068
0.324
0.353
0.281
0.093
0.131
0.246
0.444
0.444
0.334
0.353
0.639
0.639
0.360
0.266
0.058
0.306
0.721
0.739
0.680
0.701
0.567
0.582
0.542
0.555
0.056
0.057
0.294
13.171
13.185
0.281
5.219
5.220
0.323
0.328
0.484
0.646
0.648
0.113
0.213
0.213
0.256
1.706
1.706
0.256
0.296
0.297
0.342
5.213
5.213
1.010
1.019
0.421
0.412
0.422
0.246
0.266
0.200
0.220
0.235
4.255
4.255
1.100
0.971
0.957
0.957
0.393
0.001
0.011
0.183
0.183
0.101
0.827
1.729
1.748
1.586
0.430
8.478
8.480
0.658
0.630
0.229
0.208
0.098
0.102
0.067
0.069
0.087
1.456
1.456
0.999
0.873
0.606
1.566
1.566
0.533
3.496
3.496
0.751
0.674
0.777
0.793
0.856
1.039
2.442
2.484
1.251
2.026
2.026
1.653
1.898
1.913
2.415
6.577
6.588
3.547
2.760
2.762
0.961
1.040
1.059
0.478
0.941
0.961
0.896
2.001
2.001
12.134
12.665
2.751
2.005
7.377
11.233
11.235
5.715
6.097
4.992
2.353
4.313
4.394
3.210
6.922
6.939
35.256
38.027
6.917
2.425
1.039
3.670
3.707
2.197
2.208
0.455
3.182
3.182
3.751
7.545
7.577
17.628
19.912
4.736
5.342
10.089
10.116
3.886
4.801
35.814
35.819
6.165
6.165
6.638
11.119
11.279
6.483
3.780
3.151
4.162
4.193
11.228
58.995
60.320
33.894
15.255
3.574
0.908
4.100
8.216
8.654
8.484
8.226
5.658
5.740
6.622
9.923
10.480
12.924
13.636
4.863
15.426
24.987
27.221
7.960
3.980
4.001
9.493
10.309
4.477
4.023
2.678
2.678
2.398
2.403
2.776
2.781
4.541
12.026
12.269
16.243
16.530
6.912
18.906
22.135
12.755
17.993
18.965
11.713
8.899
8.910
3.494
10.028
15.034
15.347
3.638
3.086
7.090
7.143
3.192
7.416
8.117
7.403
1.821
1.772
5.348
5.463
3.320
2.112
4.502
4.586
4.026
3.470
5.432
5.441
6.155
9.625
9.824
4.118
1.036
0.476
0.489
0.437
0.728
0.979
1.382
1.382
1.428
1.443
1.231
1.233
0.409
0.839
1.387
1.421
0.696
0.543
0.262
4.147
4.164
3.656
3.747
3.615
1.785
4.761
4.854
2.362
0.616
0.342
0.422
0.433
0.153
0.154
0.024
0.381
17.655
18.073
2.258
0.251
0.001
0.004
0.059
0.060
0.038
0.019
0.036
0.055
0.057
0.463
0.493
0.172
0.416
0.434
3.948
4.021
1.686
0.536
0.030
0.060
0.060
0.006
0.018
0.162
0.533
0.558
0.186
0.346
0.600
0.615
0.263
0.128
0.104
0.109
0.390
0.396
0.508
0.529
0.463
0.494
0.517
0.144
0.278
0.312
0.506
0.526
0.252
0.021
0.157
0.219
0.228
0.084
0.028
0.097
0.102
0.145
0.410
6.532
7.084
2.457
0.012
0.076
0.292
0.308
0.342
0.399
0.581
0.606
0.084
0.031
0.041
0.143
0.767
1.445
1.445
0.232
0.236
0.034
0.041
0.071
0.160
0.181
0.266
0.522
0.535
0.303
0.311
0.873
0.945
0.134
0.044
0.044
0.002
0.029
0.029
0.178
0.582
0.606
0.316
0.154
0.154
0.007
0.252
2.133
24.820
24.838
0.926
0.373
0.810
0.913
0.603
0.119
0.450
1.128
1.145
0.438
0.324
0.187
0.410
0.429
0.368
0.267
0.065
0.002
0.257
1.426
1.431
0.507
0.537
0.757
0.757
0.065
0.003
0.103
0.504
4.304
4.321
1.083
0.301
0.318
0.725
0.911
1.979
1.982
3.264
3.264
0.922
1.040
0.953
0.976
0.669
3.365
3.382
0.307
1.304
1.320
1.311
2.320
2.320
0.941
3.455
3.485
2.160
1.014
0.131
0.369
1.209
1.228
1.072
0.997
2.885
5.629
5.647
4.333
4.337
1.368
0.480
3.348
3.353
1.638
5.677
5.679
0.863
3.740
3.744
2.999
2.999
3.786
3.786
2.764
2.670
2.085
2.085
0.854
4.604
7.463
8.195
7.308
1.864
2.956
2.976
1.976
5.109
5.109
2.346
2.359
3.102
3.105
2.676
1.385
15.541
15.683
5.028
6.009
1.904
1.922
1.544
4.464
4.469
3.670
3.674
2.148
6.643
6.666
7.043
19.184
20.942
13.717
10.336
2.893
2.902
2.001
10.628
12.945
11.729
12.031
13.788
32.906
33.581
26.645
9.822
10.422
10.612
8.125
6.163
8.406
8.525
2.492
2.887
2.887
1.762
9.655
19.385
20.039
28.672
29.672
10.039
8.644
7.984
8.001
9.687
10.022
8.120
2.649
3.098
10.195
10.882
7.779
10.693
19.331
19.394
11.806
12.197
10.302
10.498
8.099
8.327
6.725
6.731
11.166
11.502
4.277
6.378
8.408
8.913
58.259
64.176
31.130
13.326
7.284
0.261
18.059
20.572
3.805
0.711
0.825
1.075
1.075
0.727
0.727
0.934
0.932
0.680
0.680
1.016
1.444
2.241
3.299
10.443
11.819
7.421
6.514
6.850
4.676
2.779
2.619
3.899
11.165
16.206
16.352
11.035
3.987
2.565
6.141
6.980
20.390
20.755
20.659
2.178
0.155
0.122
0.242
1.250
1.253
0.910
0.784
0.471
0.472
0.491
0.499
0.157
0.323
0.323
0.232
0.500
7.220
7.680
3.512
0.314
0.186
0.762
14.280
14.286
0.069
0.267
0.880
0.898
0.663
0.110
0.634
0.646
1.289
1.426
0.576
0.460
1.254
3.911
3.913
1.878
0.351
0.002
0.001
0.063
0.064
0.860
1.304
1.310
1.333
1.072
0.005
0.016
0.017
0.014
0.002
0.002
0.001
0.001
0.001
0.001
0.001
0.002
0.002
0.007
0.007
0.010
0.010
0.009
0.073
0.074
0.024
0.595
0.839
0.844
0.231
0.050
0.057
0.076
0.163
0.164
0.135
0.137
0.211
0.220
0.156
0.164
0.247
0.474
0.488
0.339
0.348
0.194
0.114
0.194
14.183
14.233
1.177
0.720
0.682
0.706
0.569
0.693
1.042
1.070
0.257
0.368
0.374
0.009
0.023
0.517
0.592
0.606
0.672
0.972
0.979
0.354
0.371
0.331
0.169
0.560
0.577
0.610
0.625
0.242
0.382
0.405
0.255
0.255
0.153
0.287
0.292
0.295
34.388
34.408
0.594
0.489
0.488
0.497
0.426
1.030
1.408
1.518
0.408
0.165
0.042
0.009
0.013
0.032
0.074
0.121
0.143
0.240
6.817
7.089
1.279
1.303
0.927
0.387
0.010
0.936
0.970
0.867
0.240
0.205
0.213
1.692
12.521
12.521
2.785
2.787
0.016
0.006
0.000
0.000
0.045
0.048
0.048
0.002
0.902
0.902
0.274
0.455
0.470
0.433
1.373
1.373
0.084
2.497
3.102
3.377
2.512
2.514
2.576
2.651
4.816
4.816
1.684
1.687
0.633
1.204
1.242
0.648
0.721
0.721
0.167
0.519
0.779
0.793
0.293
0.296
0.242
0.779
1.312
1.323
0.734
0.328
0.189
0.469
1.576
1.578
1.208
0.572
0.488
1.862
1.862
0.719
0.724
0.360
0.869
0.875
0.796
2.406
3.549
3.557
1.982
0.620
0.616
0.580
0.580
0.384
1.771
1.772
0.977
0.662
0.423
0.423
1.893
3.107
6.394
7.007
6.920
2.777
2.804
7.267
7.376
1.925
2.283
2.289
0.998
2.088
2.120
15.521
30.158
32.680
8.297
3.026
4.973
14.301
14.334
10.375
16.487
16.790
5.304
2.728
2.766
3.080
3.081
2.276
13.367
15.592
41.047
43.873
43.924
2.135
2.154
1.624
3.350
6.188
6.866
6.872
23.097
25.551
12.606
8.668
11.596
11.660
5.830
11.590
11.647
14.249
14.697
5.395
9.608
10.215
6.815
6.872
2.148
5.725
7.933
9.102
6.114
1.744
2.226
2.226
5.135
5.260
4.188
3.102
3.105
2.094
2.094
1.597
1.597
2.148
2.201
1.890
7.608
13.265
37.618
37.675
4.571
2.866
2.866
2.205
1.208
1.969
2.148
2.444
10.422
19.787
19.787
1.790
1.790
0.874
0.633
0.590
0.590
1.818
4.321
4.330
10.890
33.179
34.898
38.317
42.680
23.380
13.397
16.689
8.481
4.023
1.421
0.992
1.011
0.066
0.033
0.071
0.071
0.302
0.692
2.981
4.917
4.940
1.416
0.667
0.281
0.290
5.931
6.034
4.266
0.298
0.309
0.215
0.211
0.522
0.543
0.519
0.422
0.365
0.235
0.248
0.390
1.217
1.255
0.739
0.245
0.123
0.027
0.029
0.029
0.073
0.074
0.188
0.193
0.289
0.300
0.321
0.341
0.328
0.469
0.478
0.327
0.282
0.155
0.155
0.155
0.029
0.096
0.099
0.063
0.108
0.199
0.543
0.557
0.576
0.252
0.254
0.057
0.346
0.362
0.189
0.172
0.179
0.031
0.002
0.001
0.026
0.207
0.218
0.301
0.954
0.987
0.586
0.590
0.138
0.194
0.195
0.166
0.172
0.354
0.370
0.261
0.087
0.136
0.143
0.101
0.012
0.124
0.135
0.107
0.121
0.079
0.683
0.711
0.250
0.145
0.277
0.469
0.479
0.065
0.052
0.018
0.004
0.053
0.053
0.119
0.122
0.282
7.916
8.846
5.197
0.367
0.219
0.225
0.216
0.222
0.115
0.115
0.056
0.544
0.544
0.288
1.845
1.845
1.030
0.057
2.299
2.319
1.757
1.770
0.301
0.146
0.217
0.244
0.401
0.421
5.174
34.510
36.855
8.577
0.413
0.716
0.719
0.205
0.618
11.873
11.874
0.012
0.280
0.298
0.161
0.376
0.380
0.003
0.104
0.131
0.319
0.319
0.231
2.847
2.850
0.046
0.051
0.163
0.270
0.279
0.943
0.944
0.183
0.269
1.681
1.682
0.186
0.095
0.244
0.265
0.136
0.453
0.951
0.957
0.655
0.659
0.102
0.219
0.221
0.815
0.816
0.044
0.045
0.058
0.253
0.263
0.231
0.177
0.571
2.609
2.609
2.421
1.826
0.805
5.808
8.763
9.142
4.822
1.263
1.263
0.169
0.476
0.549
0.549
0.397
0.533
2.506
2.527
2.001
2.001
1.044
0.191
0.191
7.925
7.925
3.147
3.183
2.675
2.685
2.162
2.756
2.802
1.376
3.930
3.930
2.996
1.636
1.580
2.021
2.021
1.348
3.522
4.936
18.506
29.914
31.951
31.817
1.389
0.433
0.796
2.317
2.939
4.588
4.602
3.372
3.372
2.784
2.821
2.369
5.360
5.916
6.147
6.439
4.225
2.708
2.562
19.759
21.916
10.814
8.860
8.916
7.932
8.233
8.299
7.795
6.816
6.824
3.256
4.020
13.927
20.720
25.651
24.329
22.800
22.025
10.426
10.766
6.596
6.600
2.722
2.324
3.008
15.786
17.128
23.554
23.748
17.097
18.633
8.180
4.503
4.788
4.788
5.407
5.420
5.363
6.178
11.429
19.853
20.053
3.424
3.499
8.109
9.717
10.483
5.957
15.692
15.943
8.343
5.182
6.258
6.258
2.513
2.513
5.850
5.853
1.588
2.395
5.081
5.093
6.030
6.192
3.436
8.982
9.095
7.912
5.104
3.742
1.842
1.848
6.620
15.407
15.639
8.539
1.541
4.642
4.652
4.309
3.088
1.719
4.299
4.310
5.067
5.069
1.915
1.416
2.243
3.122
3.122
0.646
0.646
0.565
0.527
0.769
2.064
2.064
2.620
2.624
2.197
2.739
3.957
4.598
4.610
10.226
10.505
1.395
0.044
0.002
0.373
0.629
0.631
19.715
38.501
39.978
9.375
0.382
1.589
1.989
2.024
0.610
0.356
0.005
0.240
1.064
1.078
5.439
5.581
0.543
0.915
0.950
0.950
0.692
0.695
0.383
0.109
0.287
0.297
0.294
0.164
0.186
0.195
0.204
0.165
0.175
0.179
0.179
0.207
0.220
0.103
0.109
0.110
0.038
0.009
0.020
0.020
0.002
0.005
0.042
0.077
0.512
0.569
0.299
0.318
0.331
0.121
0.121
0.103
0.281
0.296
0.217
0.308
1.175
1.202
0.110
0.004
0.001
0.000
0.208
0.649
0.702
0.317
0.221
0.113
0.034
0.017
0.109
0.272
0.413
0.419
0.102
0.157
0.162
0.149
0.054
0.358
0.800
0.842
0.418
0.079
0.406
0.419
2.567
2.567
0.012
0.166
0.525
0.532
0.261
9.339
9.349
0.030
0.032
0.345
0.356
0.550
0.561
0.291
0.301
0.285
0.116
0.142
0.144
0.052
0.041
0.121
0.182
0.860
0.865
0.607
0.631
0.479
0.490
1.944
1.950
0.281
6.128
6.184
13.808
13.820
0.056
0.033
0.192
0.615
5.238
5.326
0.695
0.229
0.863
2.039
2.142
3.714
3.731
0.436
3.254
3.662
0.533
0.548
0.457
0.274
0.437
0.457
0.553
0.569
0.710
0.710
0.126
0.062
2.511
2.534
1.226
0.840
5.090
5.092
0.075
0.080
0.049
0.050
0.081
0.081
0.373
0.394
0.440
1.093
3.261
3.303
0.589
0.051
0.859
0.860
0.696
0.701
0.629
2.968
2.976
2.032
1.530
1.805
1.824
0.934
0.809
0.821
0.411
0.161
0.622
0.795
0.795
1.271
1.963
1.964
2.003
2.003
1.184
5.918
6.166
3.949
5.776
5.789
3.568
1.745
1.012
1.029
1.810
1.814
0.643
0.660
1.308
1.316
1.072
0.142
0.317
3.040
3.087
1.629
1.033
1.711
2.894
13.340
33.314
67.400
67.404
0.180
0.189
0.980
1.000
0.279
0.279
0.244
5.337
5.362
1.600
8.912
8.927
13.883
15.472
4.687
4.463
4.463
4.133
3.331
4.474
5.839
6.048
9.820
14.167
23.464
26.531
15.457
4.372
1.711
15.736
23.530
24.206
15.875
6.610
4.679
4.064
5.663
7.676
7.676
5.729
6.289
3.226
2.154
3.797
6.376
18.644
21.332
19.868
16.800
12.513
6.659
4.521
3.411
3.329
19.868
21.462
7.459
4.662
7.535
7.540
2.976
7.442
7.894
4.853
4.872
5.210
5.293
2.815
2.216
2.860
2.917
1.904
1.904
1.841
7.273
18.770
31.228
31.476
11.006
3.917
3.923
14.700
19.292
19.871
5.732
3.064
5.879
18.547
18.763
8.197
1.045
2.516
2.879
5.821
6.024
2.243
0.741
0.741
1.221
1.427
1.427
1.399
5.953
7.094
7.269
4.788
4.883
4.911
4.237
4.265
1.268
2.556
5.200
16.995
33.950
35.266
16.464
2.980
3.301
4.586
4.871
1.891
0.880
0.912
1.510
1.512
0.587
0.589
1.176
1.176
1.057
1.059
0.614
0.555
0.564
0.121
7.395
10.809
10.869
0.278
0.142
0.578
0.578
0.142
0.172
0.229
0.229
0.250
1.008
1.019
0.564
0.815
0.871
0.354
0.155
0.213
0.599
0.945
1.768
2.025
2.063
0.009
0.005
0.061
0.223
0.653
0.661
0.196
0.198
0.082
0.272
0.845
0.846
0.321
0.321
0.204
0.754
0.778
0.311
0.036
0.036
0.780
0.805
0.042
0.016
0.001
0.002
0.002
0.042
0.073
0.074
0.075
0.319
0.389
0.401
0.279
0.207
11.924
27.988
28.909
11.170
0.517
0.012
0.002
0.002
0.147
0.156
0.535
0.562
0.143
0.148
0.200
0.213
0.186
0.190
0.161
3.216
9.973
16.139
16.436
0.810
0.575
0.829
0.842
0.430
0.001
0.001
0.002
0.008
0.093
0.098
0.146
0.149
0.099
0.001
0.002
0.039
0.469
0.719
0.501
0.190
0.464
0.640
0.655
1.340
1.359
0.289
0.091
0.085
0.189
0.197
0.129
0.123
0.355
0.555
0.576
0.447
0.218
0.734
0.736
0.357
0.357
0.267
0.050
2.150
2.176
0.511
0.239
0.239
0.002
0.004
0.113
6.631
6.661
0.649
22.743
23.345
9.916
1.284
0.629
0.567
0.581
0.438
0.449
0.385
0.108
0.006
0.424
0.463
3.467
3.528
1.261
1.324
1.342
0.164
0.088
0.058
0.199
0.199
0.062
0.004
0.640
0.640
0.366
13.839
13.856
0.843
0.914
7.615
7.633
0.803
0.699
0.583
0.627
0.571
0.106
0.215
8.951
10.803
8.065
3.053
3.087
1.813
3.104
3.104
0.058
0.003
0.675
0.688
0.798
4.588
4.605
1.943
0.728
2.587
2.587
3.196
4.253
1.176
0.339
0.339
0.133
0.877
0.877
0.009
0.009
0.485
0.487
0.129
0.784
1.302
1.563
1.575
1.192
0.031
6.615
8.407
3.970
5.261
5.596
2.377
11.204
12.543
7.366
0.265
20.728
23.250
12.006
3.693
0.532
0.449
0.455
0.839
0.863
1.678
4.313
17.637
29.702
31.486
12.366
5.731
5.560
2.523
3.267
3.297
4.431
4.490
2.547
9.105
15.244
15.581
6.606
7.923
11.835
17.140
18.015
4.024
1.073
1.073
1.308
3.827
4.614
8.953
9.091
4.145
4.555
14.051
14.553
3.173
0.484
3.799
3.804
3.012
2.054
2.685
2.689
2.229
2.234
1.202
0.949
0.939
2.151
2.151
1.147
1.027
1.515
1.515
2.068
5.123
5.672
4.301
2.111
16.649
17.569
13.279
3.331
2.278
4.119
4.193
0.940
1.832
4.570
5.868
7.303
20.440
20.445
11.608
14.924
16.017
9.752
2.331
2.224
0.588
9.037
23.927
24.721
8.699
9.492
9.492
10.125
10.440
12.333
14.048
9.641
3.441
2.059
0.058
0.160
1.514
2.371
3.596
3.613
2.534
2.552
2.528
2.534
1.709
5.515
13.199
13.386
7.754
3.917
2.948
3.103
3.231
1.266
0.866
0.227
0.120
0.071
0.514
0.952
0.983
0.202
0.065
0.039
0.082
0.082
4.180
4.226
2.347
0.781
0.782
1.195
1.209
0.596
0.036
0.014
0.322
0.487
0.614
0.743
0.743
0.182
0.191
0.201
0.240
3.345
3.581
3.612
0.670
0.097
0.412
0.905
1.012
1.059
0.901
0.536
0.547
0.550
0.562
0.058
0.003
0.013
0.036
0.782
0.945
0.953
0.024
-0.000
0.003
0.024
0.032
0.016
0.003
0.180
0.631
0.646
0.133
0.288
0.584
2.491
2.519
0.176
0.007
0.044
0.044
0.005
0.020
0.212
0.548
0.573
0.673
0.689
0.513
0.132
0.555
0.583
0.261
0.647
0.671
0.369
0.384
0.345
0.319
0.015
0.001
0.001
0.001
0.407
0.641
