20150101
2.072
9.249
14.783
15.062
1.081
1.137
1.692
3.173
4.060
4.061
0.001
0.002
0.003
0.003
0.011
0.021
0.128
0.244
0.244
0.010
0.002
0.335
0.567
0.576
0.134
0.301
0.584
0.592
0.800
0.815
1.322
1.329
0.411
0.245
0.239
0.389
0.393
0.494
0.511
0.464
0.441
1.195
1.207
1.826
3.513
4.360
4.539
1.837
3.281
3.313
2.212
3.710
3.710
2.279
2.346
1.849
5.901
5.921
0.491
21.503
22.145
9.398
2.263
0.434
0.879
0.891
0.456
0.458
0.460
0.271
0.490
1.550
1.588
3.389
3.435
1.004
1.547
1.551
1.707
1.708
1.694
5.029
9.103
9.103
3.574
4.408
5.778
6.263
17.319
17.327
2.848
3.167
11.013
11.040
1.147
1.502
1.513
1.067
1.084
1.120
3.048
13.025
15.280
10.879
6.000
6.025
4.177
5.809
5.809
5.575
11.156
11.192
4.681
4.473
8.542
8.567
5.063
5.288
6.182
6.199
12.179
13.377
2.819
1.588
2.536
2.934
3.028
3.028
6.916
6.925
6.571
8.099
8.235
6.718
4.929
4.872
9.146
9.153
13.522
16.595
18.831
9.508
7.048
7.527
6.623
16.773
18.016
12.209
13.865
34.422
37.234
19.315
7.935
3.675
5.123
5.123
9.536
9.625
7.279
12.963
31.941
44.845
46.695
19.977
11.161
8.260
8.355
9.572
9.903
11.651
11.728
8.745
12.538
19.397
19.699
13.459
14.647
17.016
29.058
30.269
12.349
8.916
8.013
6.995
16.174
47.692
48.070
20.959
8.520
11.624
25.228
25.937
7.345
4.122
16.275
31.868
32.932
12.872
8.119
6.314
6.880
8.520
9.911
9.952
12.149
12.264
8.124
5.480
5.480
8.262
8.271
7.272
14.807
15.796
10.266
12.671
28.379
29.731
19.871
8.488
7.034
13.969
14.092
6.328
13.220
13.974
16.164
17.555
33.875
33.880
25.857
28.463
29.917
15.723
8.248
8.341
8.351
18.671
39.508
41.932
19.509
20.063
17.300
17.967
18.603
23.309
26.296
12.957
5.366
4.791
2.581
2.514
7.483
7.571
8.944
8.970
7.641
7.649
7.670
7.673
7.154
13.199
20.160
20.472
13.071
8.973
9.860
15.351
16.080
8.755
4.622
2.665
1.064
0.710
3.650
4.758
4.815
1.071
1.071
0.350
0.350
0.295
7.008
7.031
3.842
3.574
4.227
4.742
4.746
2.097
1.326
1.283
0.724
0.904
0.976
0.990
0.741
1.119
1.168
0.746
0.750
3.433
5.737
5.739
2.405
2.734
3.230
3.417
3.482
1.801
1.413
0.732
0.916
1.447
1.460
1.322
0.123
2.189
2.559
2.566
2.915
2.919
1.613
0.037
0.003
0.022
0.123
0.233
0.244
1.279
1.865
1.884
0.584
0.445
2.517
4.499
4.511
1.325
0.143
3.167
3.221
1.118
0.117
1.389
1.428
0.887
0.632
0.617
0.643
0.369
0.633
0.655
0.919
1.331
1.354
0.464
0.321
0.225
0.223
0.043
0.001
0.001
0.003
0.664
0.687
