20150101
16360384.0
10340588.0
10306204.0
13006296.0
16959776.0
16959776.0
11328976.0
15548756.0
18923244.0
18993762.0
18993760.0
18891440.0
18571580.0
17609676.0
17764616.0
17764616.0
18662692.0
19399364.0
19399364.0
19328962.0
19328960.0
15623652.0
15623648.0
14597928.0
14159656.0
12418376.0
12418376.0
14540020.0
14540020.0
14439500.0
19149700.0
19149700.0
16629168.0
14316680.0
14859086.0
14859084.0
15548328.0
15548328.0
12772250.0
11973222.0
12124656.0
17845982.0
17845980.0
21443458.0
21443456.0
20892992.0
23226900.0
23226900.0
20260748.0
16603048.0
20755788.0
20755788.0
24172990.0
24578778.0
24578778.0
23976910.0
17738890.0
17082662.0
17082662.0
16850218.0
12859522.0
16592106.0
18304956.0
18318810.0
18318808.0
15974033.0
16651575.0
16651575.0
19547468.0
24066688.0
24066684.0
23058272.0
19318664.0
18834514.0
18834512.0
20992756.0
21138242.0
21138240.0
25059436.0
25059436.0
26267036.0
26267036.0
27932522.0
29495656.0
29495656.0
24505088.0
28769198.0
28769198.0
22249220.0
19037120.0
19037120.0
19039954.0
22659428.0
22659428.0
22942394.0
22942732.0
19595004.0
19090158.0
20648416.0
22693220.0
22695028.0
19818506.0
18775524.0
21289594.0
25885648.0
27924830.0
27931098.0
23413736.0
31925378.0
31940722.0
28441640.0
28454568.0
24237042.0
24259234.0
23427844.0
24699224.0
26581142.0
26615618.0
22974784.0
26831770.0
26859804.0
21657458.0
21694698.0
23131868.0
30111844.0
30162340.0
28995664.0
31181560.0
31252644.0
29226496.0
24927268.0
24796794.0
24828856.0
22597762.0
21016956.0
21055900.0
24591968.0
27094540.0
27159944.0
23385796.0
19068624.0
19691376.0
19718020.0
18384666.0
26094940.0
26170904.0
20428228.0
24645836.0
24716404.0
22509908.0
19465732.0
20636628.0
22871408.0
27627044.0
27702676.0
26036532.0
20944272.0
21724988.0
21792376.0
20633076.0
15883152.0
15903484.0
13936632.0
14776792.0
15850944.0
27311456.0
27384692.0
22374120.0
22551048.0
22611604.0
22557764.0
23903528.0
23973976.0
15641024.0
18878318.0
18909284.0
20051584.0
20092212.0
14662732.0
15060756.0
23104456.0
24035508.0
26146864.0
26199500.0
19823696.0
19772028.0
17582716.0
17611900.0
16330460.0
21230100.0
21258936.0
16066514.0
24893908.0
24932948.0
20322826.0
22680280.0
22711948.0
23850448.0
23915888.0
23836092.0
22662032.0
21352672.0
20257898.0
18074548.0
21443946.0
22556264.0
24485236.0
24530004.0
23489276.0
23524330.0
21615966.0
17939498.0
20680512.0
20695584.0
22872012.0
22887644.0
19940032.0
14501232.0
15014360.0
20378032.0
22364636.0
22574528.0
22581832.0
19384380.0
19396180.0
18683064.0
12562856.0
12565978.0
11425844.0
17553654.0
17557326.0
10583164.0
11401156.0
17166782.0
18151156.0
20736006.0
20741200.0
18231554.0
13437070.0
12238832.0
15266594.0
15269380.0
17690044.0
17977280.0
17980104.0
14078806.0
12717368.0
13360192.0
15121224.0
23978682.0
23980190.0
23511490.0
20627726.0
19982848.0
15191732.0
19062794.0
19124374.0
19273748.0
19274220.0
19891926.0
20634578.0
20634692.0
21173690.0
21173728.0
17184038.0
17184038.0
13751341.0
11717225.0
12520836.0
16975242.0
19864070.0
21561040.0
23167088.0
23167086.0
21615836.0
18327138.0
17087068.0
22095810.0
23128874.0
23128874.0
22971620.0
20380336.0
19004132.0
16658742.0
18454576.0
18454576.0
18052308.0
18052308.0
17137458.0
19873226.0
22342628.0
22342628.0
16614042.0
15374074.0
16239976.0
16239976.0
19953978.0
19953978.0
17296770.0
17296768.0
19115646.0
19115644.0
17856508.0
19998928.0
20517736.0
20517736.0
19610136.0
13540068.0
10686428.0
11160352.0
14945156.0
14945156.0
13747230.0
13747228.0
13378096.0
19463896.0
19463896.0
17429088.0
11896934.0
11896932.0
10940640.0
17207648.0
19364876.0
19364876.0
18584760.0
18584760.0
16891072.0
15595724.0
16556968.0
16556968.0
11138078.0
12041934.0
12041932.0
11876492.0
11876492.0
8729458.0
11935360.0
17912354.0
17912352.0
16460620.0
15325436.0
13734608.0
13734608.0
13442372.0
11034304.0
11034304.0
10717820.0
11020708.0
11020708.0
10324580.0
11138140.0
11138140.0
15394480.0
15394480.0
11069410.0
11069408.0
11247118.0
12312048.0
16454976.0
17154348.0
17254936.0
17254936.0
16647984.0
16075120.0
12762928.0
