19950101
0.191
0.285
0.287
0.294
0.335
0.348
0.129
20.093
20.103
0.792
0.303
0.931
0.931
0.335
0.868
8.718
13.002
13.020
2.155
2.246
2.146
1.169
0.938
0.947
0.562
0.486
0.217
0.836
0.856
1.415
1.422
0.598
0.637
0.803
0.970
2.361
2.365
0.780
3.281
3.400
2.707
1.111
1.449
1.461
6.632
6.727
4.277
3.302
3.346
1.995
2.064
2.513
6.349
11.426
11.459
0.551
1.315
2.061
2.147
1.467
0.710
0.732
0.311
0.407
0.911
5.196
5.210
1.278
1.310
1.213
1.042
0.586
0.609
0.286
0.439
1.423
1.430
0.669
0.672
0.676
0.363
1.400
4.380
4.444
20.486
21.292
2.440
3.829
3.858
2.448
0.288
0.349
0.364
0.176
1.879
2.145
0.861
0.558
2.680
2.695
2.655
1.890
1.929
1.329
1.336
0.869
1.078
1.509
1.510
3.994
4.000
1.315
2.555
2.682
2.682
1.735
1.799
3.031
3.150
4.163
4.168
0.917
0.388
0.400
0.825
0.825
1.114
3.712
10.791
10.982
10.988
15.297
15.297
9.535
12.256
12.262
9.554
13.900
14.245
7.707
2.893
1.213
1.219
1.687
1.994
1.994
1.520
2.801
4.678
6.377
6.679
5.549
5.474
5.488
6.102
9.303
9.986
10.040
6.621
6.641
10.225
10.573
14.839
14.934
18.804
26.114
30.681
36.161
39.076
39.451
11.289
11.337
11.945
12.702
11.426
10.156
9.016
8.375
8.436
6.232
46.652
57.044
57.538
10.374
13.932
13.946
12.609
7.359
11.690
11.697
38.085
38.398
6.211
8.167
9.100
9.107
13.298
20.010
21.312
17.476
11.572
10.228
8.167
6.475
5.612
5.695
8.613
13.507
13.556
7.951
8.160
8.522
17.352
17.393
15.807
5.538
5.682
6.969
8.038
8.038
13.090
13.209
12.806
104.053
108.748
80.611
75.445
16.649
5.569
5.765
17.336
17.496
6.328
5.853
9.593
9.593
7.320
8.198
8.508
8.312
12.630
13.286
7.108
1.533
8.976
10.153
12.785
14.221
14.233
10.437
7.610
5.099
4.210
4.214
2.308
1.481
2.345
3.671
7.764
7.768
8.238
8.254
6.831
9.800
11.674
10.899
5.930
5.715
5.999
19.125
40.907
41.633
15.568
1.529
1.587
1.591
1.487
1.034
0.450
0.531
0.531
0.791
0.794
1.521
2.643
3.171
3.784
3.467
3.768
4.851
4.879
0.505
0.507
0.526
0.530
0.506
1.076
1.088
0.695
0.698
0.341
0.341
0.481
0.572
0.576
0.143
0.144
0.664
0.664
0.280
0.030
0.003
33.480
58.484
58.489
1.824
3.012
3.012
0.708
1.680
1.692
0.588
0.610
0.259
0.868
0.871
0.311
0.155
1.348
1.356
1.179
0.965
0.350
0.351
0.922
0.930
0.538
0.771
0.893
0.931
0.934
1.494
1.516
0.825
0.813
0.402
0.762
1.258
1.269
0.492
0.374
1.188
1.201
0.927
0.952
0.967
1.006
0.554
11.485
11.491
0.408
0.969
0.971
0.401
0.862
0.901
0.864
0.978
0.982
0.740
1.649
1.664
0.516
0.670
1.183
1.242
0.905
1.048
1.055
27.352
28.080
21.318
0.513
0.980
0.993
0.643
0.564
0.861
0.914
0.936
0.948
0.792
0.153
0.472
0.528
0.541
0.480
0.490
2.747
2.749
0.530
2.561
2.576
1.688
1.693
11.748
12.111
5.822
0.812
0.301
0.348
0.478
0.510
0.945
12.368
12.435
1.040
0.748
0.941
0.941
3.607
6.464
6.494
0.860
0.735
0.737
0.726
3.993
8.446
8.446
0.937
4.040
6.321
6.322
4.049
6.014
6.269
4.833
3.895
3.898
1.821
1.829
0.450
0.129
0.090
0.470
9.795
9.806
11.565
11.568
6.916
3.588
4.897
12.893
12.945
0.825
0.558
0.579
2.477
2.477
0.638
0.605
0.519
0.432
0.134
0.155
0.455
0.455
0.137
0.376
0.568
0.568
1.429
1.430
0.516
0.520
0.688
0.688
1.659
1.669
3.618
3.626
3.324
2.068
2.082
17.379
18.213
5.976
6.798
10.248
10.314
1.802
4.083
8.063
8.971
4.723
2.681
3.262
11.194
11.248
3.639
6.613
7.008
4.401
1.644
0.887
2.472
2.777
4.134
4.215
4.864
10.790
12.300
12.126
15.058
15.328
12.227
12.389
9.915
10.011
12.011
12.192
8.011
7.022
9.435
9.440
5.633
10.220
12.435
12.452
6.672
6.723
6.514
6.520
4.152
5.599
13.203
15.033
15.107
15.813
15.909
41.230
47.366
36.677
9.090
9.090
9.209
9.211
8.626
8.667
6.088
25.390
27.760
17.181
11.286
11.759
14.628
21.946
41.090
42.881
18.111
18.127
12.252
31.259
33.822
16.576
12.415
6.932
7.888
10.554
10.559
10.452
10.284
10.472
10.747
14.882
15.375
12.939
11.911
8.615
8.615
8.359
25.357
26.511
12.021
12.054
11.171
8.753
7.789
20.247
33.241
33.374
11.337
9.551
15.407
15.901
13.531
9.931
9.390
9.466
7.737
7.737
3.044
6.920
9.698
9.708
9.071
14.543
14.552
11.070
11.873
11.942
9.240
9.670
9.356
7.414
5.627
4.141
4.059
4.059
4.584
4.584
3.230
6.895
6.912
3.999
1.194
1.491
4.107
4.107
5.920
5.920
14.880
15.319
12.363
12.612
9.897
8.170
6.542
2.094
2.548
3.350
8.198
8.252
8.153
5.191
5.988
6.575
6.774
4.649
2.224
2.290
2.304
1.339
1.339
2.103
2.125
0.944
0.452
0.665
0.672
1.192
4.552
4.599
1.985
2.692
5.110
16.801
16.801
2.070
3.901
3.977
2.049
1.404
0.111
0.113
0.087
0.057
1.752
1.791
1.405
1.648
1.652
1.633
1.685
1.687
1.131
1.239
1.240
1.183
0.706
1.131
1.136
1.642
1.681
1.500
0.812
0.237
0.456
0.693
0.709
0.367
0.039
0.077
0.077
0.073
0.117
0.245
0.265
0.537
0.818
0.829
1.819
2.482
2.513
1.634
0.756
0.759
0.032
0.408
2.178
2.342
2.379
1.605
0.372
0.700
0.713
0.466
1.083
1.088
0.062
0.005
0.531
0.599
0.600
0.454
0.475
0.391
0.403
0.663
0.663
0.179
0.176
0.371
0.380
0.453
1.072
1.073
1.050
2.377
6.376
6.391
0.322
0.838
1.349
1.359
0.472
0.362
0.895
1.629
2.770
2.902
2.602
2.610
2.938
2.986
1.615
2.423
2.444
2.131
1.288
1.574
1.948
1.951
0.394
1.858
1.937
1.378
0.624
0.230
2.711
2.734
1.209
1.723
1.724
1.018
3.229
6.425
6.610
4.427
1.412
1.894
2.893
2.896
0.928
0.999
2.512
3.087
7.166
7.212
3.134
3.147
1.123
1.131
0.939
1.789
1.799
4.648
4.684
2.175
1.560
0.699
1.577
1.603
1.671
1.672
1.292
2.040
6.864
8.220
8.222
4.597
4.617
4.556
5.394
5.406
0.710
2.548
3.617
7.544
7.636
6.179
6.318
2.795
3.894
3.894
2.182
1.059
0.604
0.683
2.333
2.340
3.856
4.122
3.842
3.677
5.814
6.085
4.419
6.760
6.918
4.847
2.812
1.689
1.700
0.905
2.293
5.182
6.023
6.051
2.849
2.850
0.934
0.572
0.572
1.660
1.660
1.339
1.339
6.110
8.864
8.892
4.293
8.277
8.734
6.360
6.027
5.804
9.174
9.178
8.572
8.573
4.195
4.645
4.681
3.083
4.438
7.034
7.070
5.860
13.629
13.799
12.558
13.112
7.132
7.489
22.303
22.401
38.388
41.569
7.334
7.339
8.994
10.789
10.794
7.882
6.926
11.663
11.679
18.615
76.833
83.510
36.775
29.048
29.149
29.924
34.379
39.662
72.248
76.413
32.545
9.655
9.685
12.353
31.083
31.977
11.856
29.675
31.491
17.571
17.571
12.193
12.252
10.761
8.306
10.134
10.134
7.780
8.075
8.543
9.152
9.152
7.602
8.131
8.398
7.587
13.334
13.452
10.142
10.500
10.580
15.543
20.715
34.346
34.414
14.530
14.537
12.557
11.330
23.872
26.287
19.073
12.458
12.515
8.851
7.941
7.522
23.796
23.796
4.692
4.692
8.089
17.717
25.723
25.725
8.350
6.734
3.231
4.522
9.012
9.088
8.338
7.737
7.983
9.062
10.879
11.179
6.803
6.683
7.303
7.313
5.617
7.069
8.189
8.221
8.657
8.721
6.373
1.930
2.060
6.319
12.882
12.989
1.509
1.597
1.604
1.718
1.718
1.524
3.806
3.806
0.783
0.365
0.237
0.581
0.591
0.242
0.933
1.720
2.160
2.160
1.075
1.978
1.998
1.230
0.639
1.060
9.182
9.182
0.291
0.356
1.277
1.277
0.644
0.645
0.263
0.972
1.064
1.079
0.903
0.241
0.205
0.032
1.315
1.351
1.049
0.778
0.762
0.605
0.667
0.688
0.699
1.432
2.085
2.108
0.236
0.096
0.704
0.741
0.612
1.371
1.388
0.288
0.143
0.422
4.219
4.219
0.042
0.070
0.096
0.119
0.147
1.154
26.119
27.976
15.958
0.103
5.707
6.025
3.624
0.048
0.075
0.075
0.086
0.147
0.487
0.492
0.266
0.520
0.533
0.246
1.137
1.157
0.336
0.621
0.641
0.252
0.255
0.209
0.026
1.212
1.223
0.835
0.068
0.131
0.131
0.298
1.427
1.805
1.816
1.513
1.565
0.829
0.700
0.515
0.521
0.803
0.806
0.135
0.160
0.229
0.422
0.431
0.229
1.629
1.640
1.026
1.925
3.027
3.081
0.864
0.869
1.048
1.065
0.642
1.124
1.128
0.013
1.222
1.235
0.416
2.855
3.169
3.236
1.209
1.078
1.371
2.051
2.062
1.225
4.996
5.099
3.587
0.179
0.446
0.974
1.010
0.552
2.598
7.178
7.265
4.206
1.099
1.771
2.222
2.267
2.178
2.200
1.366
0.999
1.008
0.834
2.004
2.057
4.589
5.094
12.810
12.814
6.188
2.311
4.802
5.234
5.163
30.706
31.503
9.320
1.355
0.293
0.294
3.870
3.906
6.988
6.992
3.795
3.814
0.762
2.312
2.319
1.021
0.260
0.388
0.511
1.815
4.144
6.936
7.309
6.291
6.015
4.308
4.666
7.012
7.012
4.656
4.757
2.664
2.519
3.512
3.529
6.702
6.709
5.566
5.163
7.173
14.496
14.516
0.283
0.913
1.304
1.568
1.568
8.806
8.806
3.549
9.211
9.211
0.806
3.103
10.787
10.851
8.190
13.355
15.336
14.516
5.118
24.316
24.638
4.095
8.468
22.217
22.463
7.378
7.639
5.382
5.842
5.865
6.257
14.264
16.521
16.152
16.275
5.996
6.073
6.073
8.598
12.068
14.394
14.525
21.119
21.127
9.243
9.581
13.796
18.924
19.031
16.920
14.563
12.237
9.561
16.679
16.791
9.289
18.617
18.639
20.547
20.940
16.006
23.741
23.745
19.614
27.777
30.285
31.899
27.307
28.835
24.579
24.648
27.250
27.406
33.963
34.973
19.589
19.882
14.724
18.859
18.915
11.504
11.819
9.842
16.439
29.275
30.205
12.665
22.501
22.507
9.494
13.440
14.278
14.307
15.145
15.396
28.386
28.591
49.033
49.107
15.259
23.955
26.167
16.953
15.213
15.219
8.337
15.710
20.231
22.575
15.436
7.487
10.680
39.978
40.161
64.947
146.364
152.635
54.380
13.045
13.238
11.159
4.751
4.751
3.736
2.422
1.009
1.009
0.872
0.872
0.268
7.117
7.441
2.372
3.381
5.280
6.345
6.351
4.122
3.991
3.991
8.107
26.925
26.988
5.480
6.148
6.351
7.426
7.475
5.612
0.977
0.509
2.451
2.900
3.447
3.485
2.135
0.611
0.358
0.351
0.351
0.283
0.939
5.076
5.092
1.248
1.079
1.312
1.350
1.120
1.150
1.162
0.332
0.732
0.732
1.765
1.766
2.832
2.835
0.071
0.065
0.383
0.737
2.914
3.123
2.956
6.791
6.848
0.081
0.001
0.190
0.899
4.580
4.599
0.902
0.678
0.137
0.143
0.143
0.137
0.095
0.239
0.243
0.047
0.090
0.090
0.168
0.183
0.135
0.266
0.266
0.242
0.274
0.780
2.198
2.243
1.772
1.206
1.383
0.266
0.025
0.581
0.581
0.025
0.025
0.003
0.338
0.370
0.407
0.407
0.092
0.092
0.001
0.019
0.033
0.207
0.655
0.657
0.043
0.024
0.017
0.021
0.021
2.382
2.422
1.065
1.065
0.348
0.047
0.096
0.096
0.021
0.139
0.140
0.064
0.061
0.062
0.160
0.176
0.224
0.675
1.001
1.005
0.439
0.114
3.177
3.195
0.433
0.056
0.077
0.080
0.552
0.827
0.829
0.250
0.284
0.284
0.102
0.106
0.034
0.092
0.092
0.064
0.065
0.222
0.222
0.923
0.927
0.531
0.531
0.751
1.978
1.981
1.927
0.929
0.420
0.419
0.230
0.230
0.082
0.671
0.673
0.479
0.645
0.668
0.327
0.380
0.392
0.313
0.158
0.044
0.930
1.173
1.175
0.011
0.061
0.088
0.291
1.305
5.383
5.495
8.133
8.183
1.927
1.228
1.757
3.803
3.944
1.544
1.468
1.468
0.509
0.359
1.763
7.775
8.334
6.337
2.591
2.980
28.006
28.030
4.164
0.496
0.225
0.487
0.531
0.833
1.887
4.324
7.927
8.022
5.544
4.300
3.990
6.122
8.740
11.482
11.527
6.990
3.573
4.879
4.888
10.000
10.073
10.776
11.257
10.914
7.607
7.227
7.631
7.868
7.885
1.592
3.683
5.476
9.216
9.224
6.758
12.127
13.499
15.761
12.887
6.835
9.183
9.183
11.666
11.764
3.111
2.551
1.744
1.918
1.942
0.550
1.507
4.619
4.619
5.987
6.669
10.842
16.255
16.331
8.583
8.587
8.019
7.181
8.649
8.712
4.017
9.819
13.564
28.071
32.314
29.178
14.946
34.274
36.811
22.467
8.642
9.187
18.109
55.030
55.151
11.300
4.116
6.568
8.381
29.570
37.531
64.182
64.977
9.590
8.600
9.849
9.872
7.892
16.814
16.998
10.845
10.707
16.797
16.900
16.952
17.182
17.384
16.595
16.699
8.968
11.179
11.271
9.019
9.032
9.095
10.094
10.094
9.809
9.051
7.262
12.925
13.089
10.334
11.838
34.206
34.294
18.468
13.159
15.959
16.066
6.523
7.534
10.157
12.982
19.669
20.434
15.314
15.453
9.171
6.851
16.408
16.490
10.252
7.064
11.610
13.702
13.702
6.654
5.595
6.836
8.431
8.505
6.419
7.196
7.199
6.686
5.357
5.621
5.640
8.222
8.258
5.467
5.431
5.431
7.574
7.574
7.205
15.088
15.132
5.813
4.947
2.319
0.760
5.388
5.577
6.449
6.461
3.699
3.709
5.205
5.222
3.199
4.554
5.471
5.604
2.548
1.649
1.184
4.468
5.547
28.554
94.185
100.531
9.877
0.890
0.276
0.178
0.015
0.284
1.294
1.294
1.216
0.209
0.095
0.344
0.347
0.348
1.401
1.414
1.223
1.233
0.801
0.657
0.380
0.859
0.867
0.674
0.366
1.070
1.118
1.162
2.034
2.058
1.475
0.883
0.005
0.003
0.047
0.250
0.520
0.539
0.613
0.613
0.129
0.224
0.652
1.296
1.309
1.053
1.056
0.738
0.286
0.432
0.432
1.047
1.048
0.416
0.458
0.702
1.028
1.035
0.103
0.011
0.247
0.876
1.300
1.306
1.361
1.412
2.436
2.471
1.958
0.270
1.346
1.349
0.277
0.161
0.161
0.156
0.231
0.240
0.051
1.223
1.267
1.046
0.234
1.002
1.142
1.181
0.766
0.359
0.280
0.013
2.896
2.973
2.354
1.851
1.938
1.965
1.692
0.925
1.616
1.662
1.101
1.114
1.394
9.660
10.508
3.964
0.807
0.823
0.689
0.673
0.874
0.992
1.008
0.849
1.025
0.695
0.234
0.261
0.402
0.724
0.732
0.625
0.639
0.601
0.783
0.800
0.304
0.746
0.778
2.414
2.468
1.714
2.258
2.929
3.013
2.116
1.360
1.371
0.761
0.780
1.560
3.119
4.390
4.408
8.180
8.220
1.440
2.256
2.474
2.518
1.905
1.308
0.685
0.526
9.079
9.082
0.738
2.842
2.843
2.407
1.430
0.414
0.229
1.108
1.118
0.728
0.732
0.307
0.203
0.077
0.046
1.664
1.664
0.792
0.792
0.944
3.224
6.667
6.691
3.818
3.821
1.670
3.089
3.184
2.649
4.380
9.816
9.839
5.250
7.154
8.288
8.424
4.411
4.651
6.621
6.621
1.704
2.177
2.177
2.064
3.527
4.017
4.073
3.377
2.712
2.533
6.015
6.584
7.620
9.044
10.009
45.095
48.469
17.901
14.442
14.448
6.242
7.396
27.146
34.508
34.542
10.170
9.927
8.622
8.726
5.914
2.663
4.208
11.280
16.980
18.190
18.260
7.176
13.712
15.072
12.306
9.280
9.285
6.847
8.525
8.530
18.934
18.951
13.118
39.442
45.032
41.182
13.182
13.055
8.559
8.577
11.718
13.124
13.193
9.133
8.626
16.647
16.763
18.484
38.119
40.275
18.798
9.828
9.953
15.067
15.071
14.294
15.715
13.083
10.013
22.340
22.486
16.780
18.441
18.605
10.988
6.715
10.240
10.283
9.021
10.086
10.086
8.416
6.419
22.623
25.342
26.035
27.720
14.059
6.941
11.789
11.894
12.025
19.633
21.943
16.198
8.713
9.057
7.902
7.404
7.467
7.526
8.042
10.118
10.231
16.656
17.082
6.112
6.135
5.224
4.304
4.830
8.051
9.646
9.814
46.637
47.449
21.229
11.786
10.880
11.124
8.881
27.519
29.742
16.070
18.668
19.468
6.608
4.466
9.781
11.723
11.804
11.623
11.804
11.049
8.557
21.585
22.154
11.142
3.623
3.716
1.262
1.805
1.842
1.499
1.524
1.525
0.842
1.049
2.000
2.590
2.591
1.338
0.865
1.837
1.875
3.321
3.716
0.788
0.860
0.860
0.526
0.542
0.085
2.072
2.077
1.460
5.421
5.655
5.497
3.695
3.755
1.517
6.733
6.797
4.914
0.279
1.159
1.490
1.490
0.057
1.050
2.108
2.545
2.556
1.781
2.243
3.829
5.524
5.681
2.752
2.839
2.384
2.421
1.813
3.034
3.301
3.409
1.391
1.828
4.048
4.235
3.329
0.599
0.301
0.684
0.698
0.268
0.199
0.093
0.051
0.644
0.677
0.632
0.606
0.606
1.127
1.161
1.081
0.105
0.367
0.385
0.046
0.002
0.002
0.021
0.068
0.072
0.037
0.003
0.047
3.077
3.102
1.153
0.818
1.051
1.052
14.094
14.541
3.105
0.348
0.681
0.681
0.388
0.392
0.752
0.767
0.485
0.630
0.631
1.255
1.266
0.419
0.498
0.498
0.231
0.233
0.551
1.079
1.148
1.063
1.069
0.520
0.520
0.158
0.069
0.168
0.168
0.438
0.710
0.728
0.437
0.467
0.479
0.480
0.357
0.958
0.972
1.193
1.312
1.332
0.454
0.454
2.226
2.552
1.903
2.390
2.511
10.310
10.734
4.668
6.330
6.761
7.969
8.173
0.972
0.407
0.748
0.762
0.207
0.193
2.154
2.161
1.388
1.408
1.314
0.639
1.226
1.334
1.342
2.027
2.760
2.784
1.060
1.074
0.419
1.830
1.872
2.758
2.785
1.175
5.345
5.366
1.323
2.230
2.280
1.905
0.580
1.312
1.329
0.777
0.662
0.662
0.546
0.546
1.242
1.768
1.770
0.785
0.631
8.587
8.901
5.346
3.000
2.705
5.477
5.477
2.715
2.715
6.100
6.105
3.155
14.104
14.114
9.805
4.008
4.915
5.896
5.927
3.395
7.814
7.959
7.964
6.728
6.790
8.333
12.032
12.074
9.948
4.405
3.161
3.161
11.652
11.798
7.118
4.593
3.220
8.382
8.408
5.608
5.612
8.439
9.642
8.130
8.116
8.151
10.243
10.344
10.576
9.564
9.960
10.945
11.493
10.558
9.808
9.858
5.308
7.765
7.765
6.067
9.260
9.399
10.019
10.073
9.450
17.210
18.440
17.219
17.598
12.757
15.656
15.656
3.716
9.623
9.623
9.454
9.517
11.320
12.513
12.513
8.447
7.987
9.578
9.578
7.444
17.495
17.495
8.163
10.980
11.059
8.614
8.684
17.241
17.684
14.319
14.349
10.345
14.034
21.289
21.938
15.037
8.215
29.956
33.058
35.858
39.819
23.642
28.681
16.785
17.508
17.853
10.224
10.432
6.920
5.473
9.888
9.956
7.561
10.744
10.744
7.549
7.549
6.737
9.424
13.095
13.095
44.477
50.982
41.423
9.363
10.353
23.295
24.950
22.128
6.370
6.377
7.317
20.748
23.374
16.473
7.977
10.198
10.201
5.609
6.892
32.674
32.953
9.033
9.269
7.109
13.334
16.055
16.213
9.947
7.825
5.649
2.203
4.022
4.627
4.627
4.642
6.123
6.126
4.682
2.244
2.250
2.863
2.870
2.231
1.664
10.855
10.927
7.653
7.249
7.260
45.606
46.392
7.118
11.565
19.304
19.332
6.611
2.682
0.979
0.478
0.296
0.774
0.774
0.307
1.816
2.898
2.910
2.688
1.179
2.762
2.802
2.249
3.753
3.758
2.158
0.222
0.894
1.234
4.933
5.118
2.753
1.432
0.264
0.230
0.244
0.166
0.172
0.495
0.499
0.025
0.085
0.443
1.660
1.687
1.412
6.548
6.550
1.733
1.735
2.853
2.929
1.677
0.098
0.538
0.553
0.500
0.097
0.348
0.458
0.535
0.400
0.797
2.309
3.174
3.276
2.764
0.689
0.617
0.181
0.136
0.090
0.487
0.493
0.154
0.154
0.216
0.220
0.065
0.505
0.505
0.008
0.115
0.245
0.383
0.390
0.179
0.169
0.179
0.045
0.310
0.310
0.005
0.006
0.437
0.488
0.799
0.969
2.084
2.084
0.394
0.176
0.383
3.832
9.660
9.701
2.258
2.271
9.216
9.219
0.341
0.472
0.850
1.807
1.825
2.740
10.847
10.865
0.290
0.214
0.215
0.295
0.559
0.571
0.565
0.943
1.484
5.306
5.314
0.241
2.912
3.295
3.298
0.166
1.014
1.219
1.220
0.686
1.056
3.732
3.862
2.277
1.039
0.660
2.592
2.628
1.059
3.272
3.285
2.794
2.862
1.993
1.805
3.738
4.433
4.436
1.288
0.687
0.554
0.941
0.941
0.815
1.580
1.626
1.640
3.070
3.070
1.917
2.283
2.637
5.383
6.592
6.595
0.859
0.768
1.610
3.560
3.566
3.803
4.639
6.567
6.598
3.559
0.495
1.462
1.505
2.330
3.574
3.574
2.295
3.597
3.597
2.592
2.883
6.158
13.135
13.253
6.940
0.950
3.038
5.167
5.230
5.222
9.557
9.722
6.490
3.108
5.018
5.225
3.526
4.822
8.143
8.149
6.143
6.213
6.135
5.010
3.916
8.303
8.459
6.045
3.208
8.605
8.605
6.275
6.558
26.723
26.817
21.768
5.435
2.925
4.549
7.293
7.406
8.689
8.719
7.543
7.728
7.728
6.285
6.289
6.036
4.909
7.463
11.111
11.122
7.329
6.358
6.914
6.917
10.815
11.476
11.516
8.897
14.575
15.139
14.442
10.476
14.872
15.529
8.250
23.584
23.711
11.303
8.948
6.654
11.126
11.151
7.636
26.261
61.096
63.741
14.777
14.935
21.370
21.515
12.132
8.882
10.080
14.929
14.968
7.191
8.237
12.738
14.165
11.073
9.198
10.520
18.264
29.015
47.951
51.010
44.490
39.529
7.691
30.482
39.568
40.161
32.772
19.817
20.192
13.482
10.702
11.209
9.403
9.572
9.104
9.104
7.897
17.986
32.887
35.687
19.700
13.202
9.823
9.847
8.771
5.836
9.403
24.454
32.820
33.718
21.312
9.220
9.452
7.086
7.250
7.270
6.073
5.875
5.875
2.834
7.523
7.533
9.799
10.268
10.287
7.195
2.012
3.214
3.214
3.664
4.461
7.350
7.391
4.891
4.911
2.622
4.830
7.546
7.546
8.680
8.696
9.876
9.966
25.880
42.845
43.436
11.306
6.141
3.895
3.937
1.579
1.244
3.803
4.002
3.970
7.422
7.445
7.144
4.598
4.623
2.429
2.436
0.663
0.469
0.469
0.583
5.963
6.125
1.650
0.446
2.217
2.261
2.010
1.424
1.358
0.880
1.237
1.285
1.370
1.451
1.089
1.091
0.573
0.576
0.334
0.547
0.548
0.222
0.451
0.452
0.071
0.394
2.479
4.191
4.227
1.435
1.455
1.175
2.626
3.057
3.140
2.285
1.987
0.278
0.805
2.085
2.121
1.268
0.732
0.737
1.706
1.714
0.756
0.104
0.132
0.142
0.142
0.107
0.191
1.799
1.828
0.350
0.476
0.480
0.067
0.083
0.309
2.188
2.740
3.320
3.546
2.631
1.173
0.491
1.090
1.093
0.597
2.924
2.962
1.910
0.769
19.487
20.700
1.366
0.005
0.125
0.126
0.007
0.145
0.150
0.183
0.198
0.379
0.386
0.394
0.171
0.143
0.075
0.001
0.001
0.002
0.041
0.057
0.896
1.454
1.477
0.613
0.613
0.033
2.043
10.816
10.833
8.349
9.883
9.891
0.494
0.456
0.470
0.917
2.036
2.090
0.812
0.773
1.018
2.254
2.425
3.895
3.895
2.057
0.941
1.437
26.189
26.404
0.803
0.712
1.982
3.664
4.643
4.677
3.005
2.288
3.207
3.308
2.701
0.876
0.791
1.808
2.695
2.753
1.112
2.997
3.063
1.815
1.819
4.959
5.183
4.106
1.561
0.828
2.736
3.261
4.105
4.550
4.550
6.301
6.304
3.118
3.500
3.509
2.890
4.888
5.000
6.394
6.519
4.124
1.524
1.626
1.627
0.611
0.492
0.758
1.223
3.175
3.176
1.489
6.003
6.327
6.251
6.252
1.891
4.455
4.462
0.669
0.935
1.217
1.826
2.269
2.946
5.896
7.468
7.470
3.772
3.786
4.581
4.737
2.532
2.562
0.330
0.121
0.100
0.885
3.060
7.668
7.713
4.408
4.412
4.454
6.551
6.719
5.039
8.893
8.909
10.007
10.016
8.275
11.800
12.013
5.223
5.259
4.359
3.350
4.065
5.931
8.576
8.576
8.647
9.627
9.643
9.627
12.559
12.579
8.415
36.958
38.858
34.679
26.204
27.068
8.485
9.415
9.476
7.146
10.552
10.562
8.783
17.425
34.502
35.447
10.507
18.153
41.239
42.103
24.364
15.540
20.265
20.701
23.969
25.305
25.901
11.694
25.520
41.963
42.510
32.575
17.613
14.525
15.079
39.817
40.565
13.445
13.743
17.378
33.323
33.960
16.672
18.098
15.391
13.895
13.895
10.835
11.064
10.268
14.158
18.506
18.666
16.605
20.838
20.900
8.336
7.650
5.224
3.861
6.873
6.916
14.870
15.261
7.259
6.754
14.608
16.491
17.954
12.230
81.902
82.793
8.145
10.686
12.039
10.805
10.443
9.032
7.874
11.877
12.363
8.226
18.836
23.736
24.092
8.982
13.306
13.314
11.779
7.489
6.208
5.810
8.929
12.874
12.878
11.010
11.237
10.684
8.160
8.182
5.829
5.359
6.860
6.898
7.140
7.216
11.385
12.461
12.461
3.563
3.566
3.631
4.881
4.900
4.607
4.572
4.576
0.646
0.536
0.536
0.632
8.682
52.035
52.118
2.191
2.824
2.846
1.660
3.465
3.676
2.003
1.462
1.489
1.493
0.909
0.162
1.190
11.102
32.177
33.129
15.484
0.922
0.343
5.397
5.459
3.256
1.277
0.474
0.806
1.441
3.047
3.098
2.130
1.867
1.869
2.467
2.469
0.371
0.158
0.161
0.682
1.079
1.256
1.334
0.985
0.872
0.883
0.893
0.672
1.463
1.966
1.973
0.750
0.607
0.582
0.700
0.714
0.516
0.995
1.282
2.288
2.290
0.919
1.725
1.736
1.138
0.102
0.002
0.004
0.046
1.971
1.980
0.175
0.528
0.552
0.481
0.279
0.284
0.214
0.214
0.098
11.693
13.151
10.987
0.032
0.110
0.170
0.187
0.295
0.298
0.200
0.250
0.250
0.788
0.788
0.002
0.239
1.092
1.953
2.011
0.294
0.634
0.635
2.150
2.177
0.493
0.494
0.344
7.993
8.197
7.197
0.498
0.520
0.417
0.290
0.681
0.699
0.697
0.490
1.176
1.201
1.423
1.457
1.358
0.269
0.269
0.456
0.502
0.502
1.292
1.292
2.232
2.334
1.612
3.155
3.277
2.451
2.242
4.975
5.180
1.962
1.321
3.200
3.261
1.315
0.663
0.682
0.711
1.723
1.735
1.665
1.464
1.831
1.860
1.812
7.215
7.215
3.314
3.595
3.598
2.457
3.336
3.339
1.848
8.252
18.288
18.417
8.485
8.588
3.334
0.613
0.169
0.436
0.436
0.111
0.556
3.030
3.031
9.671
10.148
4.238
2.544
4.725
5.637
5.637
8.559
8.562
6.044
4.932
3.432
6.807
9.186
9.195
9.975
9.991
5.577
2.916
8.298
9.334
8.056
5.838
5.838
3.735
4.508
5.058
5.078
4.003
1.760
1.783
0.239
1.517
2.371
2.371
0.611
1.564
3.900
11.891
12.749
6.341
6.079
7.172
7.501
6.451
9.618
12.428
12.553
12.522
31.361
31.408
17.425
17.887
10.480
5.812
7.842
7.850
5.220
7.928
7.976
8.895
9.121
7.699
10.782
10.846
7.546
8.770
8.796
8.315
9.245
9.615
11.487
13.482
14.544
9.800
8.334
14.063
18.663
20.162
18.568
20.837
22.658
19.907
11.324
11.372
6.736
2.637
6.399
7.030
9.800
10.109
23.407
24.646
12.537
26.345
33.006
77.912
83.260
39.305
68.932
69.956
27.516
10.544
16.782
17.070
10.225
33.938
33.951
17.622
14.893
13.494
10.967
10.053
23.542
25.020
16.334
16.248
16.905
17.181
11.685
11.703
9.293
9.299
20.890
21.236
12.884
12.925
12.522
13.231
11.943
11.915
6.711
8.427
8.430
7.857
11.273
11.861
11.852
8.946
11.776
13.454
13.457
2.163
11.484
11.490
6.856
6.696
10.036
10.108
4.826
6.186
7.930
7.943
7.306
8.079
7.016
4.147
4.196
7.509
7.645
21.741
21.756
9.119
9.881
9.888
9.063
5.511
6.375
6.420
8.365
8.373
7.302
7.313
3.958
4.610
4.916
10.390
10.876
4.852
7.547
22.585
22.679
6.083
7.248
7.251
4.032
4.035
10.738
28.499
28.579
8.341
2.638
2.101
2.150
0.825
6.633
6.688
0.241
0.343
0.754
0.763
0.621
0.531
0.723
1.013
2.061
2.061
2.913
2.916
0.300
0.117
0.550
0.553
0.726
1.252
1.268
0.688
0.640
1.047
1.214
1.477
1.934
1.975
2.000
1.909
3.117
3.345
3.193
3.253
1.816
4.496
4.612
2.127
0.957
1.637
2.883
2.885
1.532
1.681
1.951
1.951
1.379
0.281
0.344
0.347
0.392
0.395
0.924
0.990
0.575
0.512
0.626
0.632
0.231
1.175
1.190
2.242
2.253
2.067
0.305
0.012
0.346
2.618
2.665
0.816
0.827
0.458
0.587
0.616
0.386
0.012
0.004
0.004
0.024
0.199
0.391
0.395
0.194
0.071
0.237
0.695
1.907
1.976
2.202
2.231
0.373
0.213
0.228
0.228
0.405
4.642
4.691
1.366
0.459
2.982
4.483
17.468
17.469
0.319
0.788
0.801
2.817
2.842
1.825
17.040
17.606
2.258
0.444
0.634
2.432
2.462
1.226
1.239
0.486
0.376
0.183
1.888
1.923
1.825
4.216
4.294
4.684
4.685
0.261
0.251
3.176
4.024
4.055
0.309
0.657
1.059
1.173
1.764
1.765
1.395
1.089
1.095
1.021
0.389
0.429
0.430
0.320
0.844
4.302
4.302
4.446
4.446
1.757
1.192
3.214
4.055
9.156
9.157
2.090
1.862
1.073
5.029
5.042
3.455
4.750
4.769
1.405
0.656
0.665
0.924
0.925
0.249
1.050
1.306
4.665
5.608
4.513
0.751
0.765
0.161
0.096
0.039
0.169
0.804
0.804
0.639
0.387
0.074
0.665
0.665
2.718
2.804
3.373
3.860
5.868
5.898
5.848
3.785
3.132
4.813
4.815
4.393
5.499
8.258
8.420
5.418
4.261
12.289
13.830
3.054
1.044
1.975
2.653
2.658
4.875
8.104
8.862
4.956
5.020
4.853
5.209
10.146
10.723
4.784
3.961
4.143
3.358
1.965
1.585
4.544
4.580
0.944
1.621
5.991
6.018
6.951
10.504
10.793
4.014
4.031
1.988
7.051
7.073
4.658
5.741
12.053
19.732
20.803
4.886
13.319
13.436
16.939
42.445
43.283
9.883
5.996
4.009
10.460
10.549
11.148
12.305
12.331
9.251
12.278
12.283
8.291
9.898
10.099
19.562
40.402
41.388
23.189
23.613
16.731
25.002
26.889
16.466
8.758
8.281
52.336
55.358
11.531
11.207
11.393
9.293
10.428
10.428
8.588
8.588
6.632
6.436
8.017
9.681
13.699
13.713
16.392
19.702
37.127
37.160
10.925
10.925
10.748
10.178
10.494
11.680
14.431
15.253
12.996
13.173
21.318
21.845
12.766
11.628
18.965
28.469
28.522
9.538
7.184
5.228
1.038
1.459
5.429
8.334
11.062
11.064
7.904
13.771
14.997
8.134
5.194
7.867
7.867
3.856
2.240
2.240
3.797
3.807
5.469
9.705
9.738
6.818
9.972
15.160
15.587
7.437
3.854
2.934
2.940
7.315
7.315
0.971
0.892
1.143
8.620
17.312
17.577
11.244
4.948
6.992
6.996
1.687
0.992
0.302
0.219
0.050
0.133
0.178
0.178
0.032
0.736
4.097
25.191
25.438
11.811
2.661
2.661
2.277
2.433
2.456
1.953
1.966
1.957
0.768
0.460
0.190
0.061
0.083
0.083
0.020
0.295
0.295
0.032
0.020
0.045
0.501
1.333
1.367
1.268
1.592
2.875
3.122
3.132
1.995
1.539
2.559
2.570
2.250
2.314
1.079
0.307
0.203
0.236
0.431
0.446
0.219
0.292
0.422
0.425
0.258
0.335
0.345
0.175
0.166
0.181
0.194
0.203
0.534
0.538
0.075
0.080
0.084
0.028
0.028
0.110
2.709
2.712
0.610
0.702
0.702
0.085
0.433
0.433
0.025
0.025
0.019
0.017
0.006
0.008
0.063
0.072
0.081
0.090
0.094
0.069
0.057
0.944
1.523
1.592
0.726
0.264
0.481
0.482
0.162
0.172
0.244
0.246
0.118
0.078
0.216
0.216
0.046
0.017
0.017
0.004
0.002
0.050
0.050
1.212
4.251
4.555
0.046
0.526
0.777
1.216
1.407
1.407
0.028
1.042
9.318
9.647
5.198
3.857
3.908
2.691
5.639
5.773
3.146
2.376
4.340
4.622
4.634
3.501
0.767
0.344
0.352
0.305
0.988
2.272
2.300
1.015
0.350
0.178
29.390
31.549
14.765
1.759
1.809
14.165
14.204
2.926
2.935
1.177
1.178
4.408
4.431
3.613
1.670
2.601
2.657
2.063
0.179
0.223
0.223
0.270
4.272
7.050
7.050
1.157
5.550
5.607
4.896
4.514
5.056
5.080
1.767
0.394
0.109
0.045
0.018
0.028
0.349
20.301
22.017
9.234
2.176
4.067
4.073
3.786
4.003
5.078
5.082
4.710
3.095
0.309
0.858
4.619
7.041
7.043
1.744
1.756
4.839
4.909
4.074
10.223
10.426
10.970
5.770
5.781
2.498
2.958
2.962
1.960
3.706
6.355
8.811
8.839
4.785
5.875
8.272
8.272
9.406
9.908
10.174
11.041
11.120
7.955
10.491
10.576
10.474
10.483
11.177
11.190
15.580
15.855
43.725
43.911
14.936
4.975
1.977
1.638
3.095
3.103
2.409
2.430
12.519
12.527
8.641
8.679
14.369
23.814
24.890
44.623
44.745
19.077
15.258
15.260
7.327
6.747
9.846
19.976
20.156
57.581
59.311
14.671
8.255
11.525
11.588
22.612
22.963
16.802
17.090
19.684
24.145
27.178
23.134
15.034
9.825
10.143
9.508
16.668
18.915
16.802
10.389
7.950
6.809
6.930
6.927
9.511
9.525
10.405
10.503
10.054
6.799
6.341
9.857
9.857
2.033
4.591
6.768
8.557
10.683
10.688
2.700
7.587
8.379
8.396
6.991
7.314
8.379
19.026
19.401
51.096
52.033
17.454
17.454
9.511
9.518
7.337
6.362
6.365
6.188
6.188
4.204
7.190
29.146
41.183
41.228
23.837
24.497
7.485
4.799
4.886
7.368
7.368
7.632
20.434
20.434
10.221
17.037
26.511
27.906
21.919
21.310
5.090
1.041
6.545
6.551
4.452
3.727
3.781
2.989
2.172
0.405
3.290
5.507
5.508
1.657
2.430
4.773
4.791
2.671
1.120
1.046
1.046
0.843
0.843
4.332
6.748
6.768
1.771
1.657
2.246
2.246
0.745
0.110
0.047
0.219
1.169
1.172
1.013
0.490
0.714
0.715
2.919
2.927
0.661
0.506
6.087
6.285
3.742
0.620
0.471
0.407
0.434
1.765
3.099
5.743
5.901
4.697
3.159
3.264
3.184
1.430
1.006
0.541
0.791
0.792
0.387
0.341
0.298
0.047
0.013
0.284
0.291
0.464
2.561
2.595
0.344
8.569
8.612
0.399
0.178
0.160
0.506
0.506
0.476
0.489
0.331
0.198
0.622
0.652
0.608
0.632
0.583
2.840
2.892
1.261
0.363
0.420
0.565
0.611
0.504
0.060
0.033
0.103
0.135
0.162
0.486
0.488
0.217
0.359
0.582
1.007
1.071
1.100
1.098
0.540
1.199
1.221
0.953
0.961
0.266
0.020
0.005
0.038
0.038
0.018
0.025
1.845
5.785
5.791
1.873
1.901
7.340
7.615
11.000
11.250
1.791
0.747
0.609
11.461
11.525
3.006
15.079
15.098
2.080
2.110
1.010
0.940
0.943
0.711
0.617
0.933
3.349
14.242
14.270
1.573
1.391
7.817
7.865
0.701
2.231
3.160
3.218
2.874
2.791
2.801
1.107
1.111
0.732
1.689
4.788
4.829
3.360
3.376
0.875
0.101
1.175
7.512
7.574
2.486
2.244
2.255
2.275
2.392
1.902
1.533
1.050
1.061
0.980
1.969
1.969
1.471
4.089
4.103
4.021
4.026
5.307
5.388
3.427
5.037
9.681
9.681
0.818
1.503
3.750
5.132
5.132
3.978
4.154
4.193
6.558
19.164
19.352
10.327
3.918
2.351
0.686
0.187
0.234
0.639
1.869
4.351
13.369
13.369
3.404
7.529
8.890
8.908
9.139
9.272
8.774
6.133
18.082
18.272
12.201
8.651
10.201
10.204
6.546
16.809
17.438
2.287
1.538
1.561
1.473
1.242
0.703
0.634
1.142
1.766
2.695
4.948
9.520
10.444
10.526
8.081
11.671
22.120
22.404
10.969
8.139
10.637
11.277
14.241
27.833
28.146
11.488
8.490
11.132
11.132
3.537
10.771
10.853
8.557
7.648
8.038
11.176
11.253
14.660
16.187
17.689
9.719
6.531
12.857
12.857
11.153
11.286
8.678
14.086
20.909
21.119
14.268
14.255
14.478
14.524
15.346
15.351
29.870
40.334
41.266
35.040
37.059
28.413
40.379
41.645
23.955
24.905
34.109
35.209
14.282
16.357
17.696
11.898
9.486
9.505
9.198
9.202
4.828
9.732
9.732
13.127
22.060
22.122
20.552
28.723
29.040
25.867
12.853
13.236
10.002
4.871
3.320
8.692
9.051
5.925
5.599
9.004
9.051
8.507
9.297
9.349
7.874
10.744
16.228
16.677
36.201
40.239
42.085
11.489
19.587
22.291
13.021
4.429
7.114
7.114
9.463
9.531
7.847
7.927
7.806
7.959
7.959
2.542
1.235
8.933
21.020
21.833
6.122
7.582
7.600
6.620
4.015
3.814
1.705
2.964
2.966
2.630
1.588
10.658
13.720
21.874
22.918
4.582
4.691
2.918
1.495
4.108
4.108
0.556
0.180
1.643
3.325
3.708
4.705
4.780
2.633
2.690
1.886
1.522
2.169
2.205
2.224
6.077
6.246
4.399
1.297
3.723
3.916
3.096
1.640
1.572
0.631
0.455
0.458
0.372
0.372
0.298
0.079
0.081
0.033
0.071
0.215
0.259
0.277
0.729
0.729
0.074
0.017
0.001
0.010
0.300
0.757
0.761
0.496
1.584
1.584
0.151
0.090
0.252
0.488
0.496
0.962
0.976
0.634
0.468
0.409
0.431
0.121
0.068
0.031
0.192
0.198
0.167
0.169
0.249
0.274
0.294
0.295
0.226
0.240
0.241
0.204
0.204
0.085
0.085
0.314
0.321
0.107
0.216
0.303
0.303
0.059
0.167
0.594
0.595
0.618
0.618
0.070
0.070
0.331
1.565
1.618
0.693
0.362
1.462
4.417
4.429
1.894
1.906
0.768
1.144
1.563
1.626
1.505
0.607
0.786
0.804
0.833
0.747
0.425
0.644
1.294
1.300
0.452
0.923
1.121
1.145
1.097
1.624
1.653
1.596
6.559
6.612
1.760
1.469
0.149
2.585
2.899
3.103
3.124
0.613
0.618
0.445
0.937
3.588
8.130
8.349
3.648
2.387
3.737
3.972
3.462
4.351
4.500
3.256
1.514
1.785
1.785
2.271
3.817
7.016
7.020
0.627
1.741
1.741
1.886
2.314
2.330
1.889
1.348
2.506
2.515
0.817
1.128
2.255
3.657
3.657
3.735
3.741
9.843
9.850
0.464
0.472
0.877
4.266
9.578
10.093
10.099
3.838
3.843
1.917
1.399
0.072
0.771
1.209
1.209
3.542
3.581
2.512
3.007
3.026
1.706
2.118
7.117
7.160
6.542
7.221
9.838
9.886
8.493
9.388
7.317
3.001
6.813
9.806
9.863
4.948
4.948
6.426
6.455
5.693
7.993
9.344
10.054
8.035
8.053
8.065
7.623
7.036
8.751
8.751
5.631
7.419
8.080
8.209
6.356
9.678
13.461
13.610
12.623
9.894
9.592
8.854
8.854
9.689
12.529
13.197
23.165
26.341
14.274
14.393
16.168
16.362
14.822
15.102
15.109
12.231
10.706
10.919
10.923
11.206
10.349
10.352
16.749
16.939
29.365
32.454
10.300
17.258
29.029
29.184
16.097
18.521
18.526
8.381
10.059
10.568
14.928
20.902
21.019
30.504
31.992
28.619
16.783
25.858
25.884
46.295
48.046
27.817
11.176
26.855
27.109
14.752
15.869
16.503
16.304
13.267
13.540
10.344
10.523
9.298
13.146
18.106
18.109
11.400
12.370
12.656
20.028
21.005
17.909
62.670
65.356
25.174
6.057
43.325
44.088
11.020
11.051
6.675
4.114
17.267
18.696
24.919
29.040
29.289
12.573
4.670
3.364
3.086
6.954
6.967
6.095
2.957
3.319
3.325
3.177
6.502
6.515
6.399
11.003
11.138
9.156
7.606
7.471
7.032
7.038
4.791
2.757
6.941
8.627
8.652
7.277
6.948
3.726
17.344
19.558
19.565
0.580
2.270
2.878
4.563
5.979
6.357
6.362
4.179
1.811
1.841
1.511
1.794
4.819
4.823
2.156
0.229
0.356
0.591
0.609
0.728
0.729
0.330
0.331
0.113
0.378
1.376
2.092
2.168
1.657
1.737
2.115
2.130
0.496
1.042
2.336
2.341
1.455
0.380
0.011
0.155
0.155
1.540
2.411
2.422
0.428
0.431
0.371
0.511
0.756
1.393
1.398
1.405
0.849
1.931
2.461
2.474
0.652
0.101
0.048
0.009
0.009
0.023
0.614
0.641
0.465
0.568
1.192
1.272
1.487
1.490
0.646
0.746
0.753
0.605
0.471
0.364
0.071
0.011
0.048
0.099
0.246
0.247
0.610
1.692
1.705
1.191
4.097
4.103
2.179
2.733
2.838
2.941
1.437
1.296
0.279
1.632
1.654
1.480
0.642
0.561
0.602
1.056
1.084
1.108
1.112
0.628
0.225
0.192
0.014
0.020
0.107
0.174
0.174
0.033
0.004
0.051
0.223
0.223
0.861
0.863
0.416
0.429
0.732
0.749
1.448
1.842
1.861
0.859
0.759
1.409
1.481
1.497
0.373
2.780
2.784
0.253
0.253
0.148
0.211
0.295
0.337
0.341
0.493
2.378
2.378
3.034
6.783
6.983
2.293
2.340
1.412
1.413
0.723
0.727
0.945
2.347
2.410
1.234
0.971
0.304
0.211
0.275
0.279
0.119
0.119
0.267
1.285
1.285
2.521
2.527
3.348
3.363
3.807
3.808
1.959
5.117
7.877
7.905
3.427
4.740
4.744
2.447
2.448
5.614
5.887
4.851
4.967
7.698
7.717
2.188
3.502
3.531
1.473
0.714
4.357
4.398
5.113
5.147
6.894
6.896
0.977
4.051
11.566
11.626
0.652
0.652
0.097
0.091
0.984
1.703
1.703
2.986
4.046
9.800
9.815
4.451
4.451
3.267
1.849
0.928
2.309
3.285
8.371
22.555
22.570
5.572
4.213
4.213
2.164
2.198
1.967
2.049
5.342
15.290
15.320
10.709
37.767
64.532
64.546
3.493
9.403
9.429
5.472
5.472
6.473
6.477
4.919
7.587
9.768
9.791
5.951
2.267
2.294
8.268
8.331
7.961
6.161
7.045
7.201
3.591
4.716
4.775
3.283
5.079
5.083
6.329
6.866
6.870
7.828
17.230
17.269
12.120
16.470
16.783
25.505
25.604
14.573
14.608
5.979
5.890
5.752
7.148
9.738
10.424
11.036
11.036
8.880
15.742
15.792
6.749
9.141
14.218
14.218
4.889
18.855
18.875
3.587
9.393
63.280
68.090
58.401
19.778
19.975
16.354
6.959
19.326
31.108
31.112
51.695
56.613
20.173
15.865
12.641
7.657
9.474
14.765
20.646
28.294
28.315
16.039
15.189
17.355
23.140
51.060
51.459
7.329
18.089
20.227
9.806
7.935
11.225
11.470
11.595
11.732
9.798
9.813
7.997
7.345
7.347
12.720
13.334
13.519
6.383
14.683
14.721
6.589
4.677
1.160
4.915
5.025
1.669
2.923
6.200
6.319
3.112
6.308
6.312
2.156
4.371
6.784
6.945
4.233
6.372
7.064
7.232
6.242
1.124
5.904
10.793
10.797
16.040
65.985
69.110
6.327
1.482
1.405
1.410
2.348
2.469
2.126
1.128
0.354
0.322
0.636
1.712
2.602
2.650
1.293
1.313
1.188
0.938
0.358
0.689
0.697
0.165
0.133
0.046
0.168
0.169
0.072
0.259
0.259
0.203
0.517
0.539
0.417
0.613
0.790
0.794
0.932
0.963
5.728
6.475
5.329
0.979
0.995
1.123
1.133
0.288
0.280
1.208
1.216
1.038
0.136
0.641
0.641
1.486
1.490
1.260
0.780
0.489
0.799
1.568
1.615
1.118
0.107
0.160
0.161
0.352
0.387
0.990
1.021
1.235
1.239
0.417
0.417
0.411
0.557
0.649
0.891
0.896
0.374
0.377
0.797
0.805
3.824
4.138
0.624
0.001
0.010
0.382
0.403
0.101
0.025
0.086
0.092
0.160
0.232
0.236
0.279
0.297
0.293
0.052
0.217
0.342
0.596
0.595
0.135
0.472
0.618
0.618
0.187
0.346
0.346
0.243
0.748
0.811
1.055
1.084
0.677
0.680
0.828
0.838
0.395
0.076
0.238
13.480
13.498
0.318
5.574
5.575
0.453
0.463
0.658
0.827
0.832
0.985
1.809
1.811
1.011
2.351
2.352
0.932
1.393
3.771
6.432
9.405
9.475
3.822
3.854
1.327
0.714
0.727
0.782
0.802
0.586
0.830
2.644
4.615
4.616
3.274
2.462
2.062
2.584
2.585
0.128
0.904
6.405
6.545
3.795
2.687
3.195
3.240
2.656
2.951
16.314
16.320
2.768
1.575
0.458
0.461
0.304
0.304
0.058
0.032
0.542
3.372
3.372
1.842
1.848
1.123
4.412
4.418
5.132
11.088
11.185
4.773
2.403
1.788
1.613
1.889
1.889
1.477
1.614
1.811
6.266
6.311
5.874
4.503
4.518
2.271
7.100
8.975
8.975
9.073
9.326
6.303
5.340
3.987
1.555
1.902
1.934
1.508
4.673
4.733
18.854
20.587
3.875
2.275
11.389
18.440
18.445
9.573
9.813
7.862
7.821
9.461
9.584
6.776
11.442
11.528
41.924
44.647
13.195
5.190
6.565
7.843
7.924
1.223
1.348
1.364
1.212
8.676
8.725
13.785
13.850
28.339
30.575
10.343
8.357
15.712
15.718
9.569
12.871
42.725
42.731
9.948
9.953
12.538
20.846
21.418
14.420
12.584
11.351
12.826
13.074
30.073
75.287
78.706
46.818
21.486
11.955
7.174
10.593
15.271
20.109
20.454
13.311
10.273
16.926
17.380
20.495
21.841
25.276
26.653
12.326
32.414
34.688
24.941
9.380
12.404
12.512
23.625
25.181
14.478
11.767
9.132
7.279
5.994
6.000
8.494
8.500
10.800
21.087
22.605
21.044
21.417
12.312
31.315
35.030
21.093
26.207
27.389
16.735
14.494
15.023
11.945
14.532
22.950
23.247
11.486
11.653
12.694
12.795
6.940
16.724
18.673
14.383
4.308
4.312
12.610
12.787
8.020
8.020
10.869
11.504
11.953
10.057
12.191
12.213
12.765
13.311
12.760
6.601
3.139
3.153
1.195
2.800
3.867
3.968
3.290
3.290
1.529
1.555
0.670
0.418
2.542
4.947
5.512
5.538
1.562
1.097
1.023
5.224
5.237
7.964
8.293
5.427
4.328
9.178
9.252
4.056
1.151
1.462
1.484
0.716
0.125
0.190
0.193
0.948
17.856
18.238
2.964
3.531
3.688
2.614
0.298
0.358
0.141
1.569
1.576
0.246
1.026
4.274
6.283
6.497
5.357
5.402
8.291
8.444
3.297
1.461
0.805
0.673
0.674
0.469
0.731
1.351
1.443
1.484
0.315
0.351
1.500
1.505
0.139
0.056
0.028
0.029
0.231
0.232
0.465
0.565
0.611
0.482
0.722
0.722
0.642
1.315
1.326
0.544
0.233
0.233
0.523
0.540
0.397
0.356
0.362
0.187
0.192
0.033
0.193
6.691
7.177
2.063
0.469
0.469
0.220
0.221
0.366
0.386
0.488
0.511
0.170
0.141
0.723
0.726
1.147
1.715
1.715
1.581
1.598
1.141
0.571
0.573
0.551
0.804
0.834
0.811
0.838
0.887
0.896
1.521
1.644
0.587
0.686
0.686
0.017
0.448
0.449
0.523
0.898
0.942
0.662
0.965
1.705
1.711
1.236
4.419
25.335
25.347
0.946
0.508
0.755
1.476
1.477
1.476
0.338
0.818
0.837
0.422
0.251
0.070
0.246
1.211
1.239
0.964
0.194
0.097
1.259
1.957
1.964
0.384
0.409
2.185
2.205
1.688
1.376
1.319
4.075
10.580
10.608
1.304
0.478
0.485
0.809
1.950
1.957
2.991
5.267
5.285
5.312
5.609
3.179
3.232
2.104
3.876
3.881
0.417
1.099
1.107
0.966
1.783
1.784
2.474
4.861
4.870
2.228
1.696
1.447
1.406
1.411
1.192
1.662
1.662
0.986
4.181
6.792
7.191
7.191
5.577
1.950
6.170
7.451
7.540
9.859
9.947
5.608
1.188
2.206
2.431
7.079
9.885
9.903
11.549
11.568
7.888
6.911
10.485
14.852
15.063
13.930
9.216
6.273
6.778
6.826
5.330
8.075
8.075
4.420
7.158
9.444
9.449
7.081
5.072
24.816
24.891
5.387
5.632
2.654
2.680
5.849
5.849
5.259
9.381
9.381
7.735
15.745
15.763
14.219
26.107
27.239
23.325
18.532
15.900
15.905
8.387
14.929
19.970
21.825
24.652
29.169
51.203
52.037
45.220
16.801
20.083
36.938
37.797
32.813
15.077
15.331
10.817
8.498
7.633
6.871
13.990
30.813
36.419
43.036
44.722
21.948
19.520
20.250
17.520
24.894
25.715
21.164
12.163
14.488
16.942
17.812
23.223
26.213
28.478
25.751
14.536
15.323
18.830
18.868
27.602
30.256
27.249
15.063
16.648
17.017
10.606
16.621
18.130
17.809
72.171
78.967
34.734
34.734
16.702
6.318
41.606
46.790
17.565
20.415
13.798
7.388
6.340
5.151
5.151
5.803
5.809
5.318
5.318
5.733
5.763
7.740
8.785
22.728
24.478
13.662
10.883
11.215
8.856
8.634
8.697
8.697
23.253
24.319
21.330
16.323
8.982
8.386
12.932
14.468
35.970
36.667
26.594
5.129
3.463
3.467
2.485
1.542
2.352
3.695
3.705
0.648
0.421
1.085
1.087
0.412
0.586
0.930
0.930
4.114
12.296
13.442
3.694
0.442
0.399
1.052
12.733
12.734
0.519
0.373
1.012
1.026
0.625
1.029
1.029
2.542
3.098
3.280
3.385
4.737
5.169
7.550
7.619
6.341
2.891
0.047
0.001
0.945
1.711
3.775
3.959
3.974
3.836
3.855
2.445
1.621
1.621
0.552
0.051
0.973
0.985
0.033
0.079
0.082
1.241
1.459
1.475
0.167
0.477
2.407
3.185
3.285
1.894
1.119
0.571
0.719
1.579
1.697
1.718
1.435
1.481
1.094
0.673
0.577
0.626
0.629
0.167
0.174
0.236
0.237
0.171
0.206
0.210
0.139
0.123
0.126
0.046
0.088
13.030
13.055
1.549
1.658
1.694
1.230
0.689
0.540
0.883
0.925
0.302
0.235
1.161
1.185
0.638
1.662
1.720
1.109
0.569
1.210
1.224
0.655
1.744
1.771
1.377
1.121
1.317
1.369
1.119
0.472
0.639
0.666
0.610
0.354
0.227
0.632
0.646
0.133
37.254
37.264
0.491
0.461
0.939
0.961
0.715
0.656
1.333
1.412
0.798
1.358
1.430
1.451
0.916
0.571
0.716
0.717
0.420
0.412
8.484
8.830
2.304
2.333
3.012
3.039
1.408
2.989
3.046
1.195
0.183
0.172
0.175
1.358
9.336
9.336
5.429
5.477
2.387
2.388
0.375
0.897
1.446
1.450
0.742
1.518
2.296
3.359
3.364
1.281
1.305
3.270
3.377
3.377
1.103
4.026
5.702
5.993
5.841
5.845
9.013
9.198
10.054
10.058
4.446
4.453
1.106
1.318
1.364
1.533
1.534
1.211
4.997
5.218
5.081
1.381
0.422
0.427
0.508
2.546
2.550
1.365
1.121
0.333
0.187
0.921
0.966
2.943
2.943
2.153
0.797
1.654
1.894
1.895
1.549
1.693
2.147
2.149
1.137
2.162
4.531
5.831
5.833
2.123
2.997
3.018
1.287
2.126
5.685
5.699
4.496
4.531
4.534
1.584
9.979
10.337
9.463
10.272
5.911
6.573
6.746
13.184
13.281
2.435
5.716
5.721
5.814
10.765
11.036
19.382
39.226
42.540
12.875
9.019
15.283
24.236
24.328
20.429
23.152
23.249
12.934
8.579
8.672
12.658
12.683
10.542
25.174
26.932
55.591
61.440
61.510
8.592
8.605
8.994
11.047
14.671
14.741
13.310
37.877
42.134
23.231
22.918
28.198
28.396
21.192
28.984
29.106
28.511
28.895
11.245
22.930
23.870
31.305
32.257
13.591
17.825
31.236
33.820
15.034
7.419
10.735
10.838
21.305
21.437
16.785
9.556
9.556
6.840
6.843
6.243
8.987
11.296
11.324
7.844
11.171
17.589
50.026
50.104
10.381
8.877
8.877
8.530
6.343
6.432
6.933
7.233
28.759
31.026
30.143
9.889
7.674
5.270
4.515
5.421
5.516
8.628
9.034
13.449
17.926
49.325
51.686
45.141
49.858
31.196
18.979
22.294
12.694
5.313
3.754
4.085
4.090
2.593
4.146
4.146
1.077
3.721
5.243
7.398
8.509
8.552
2.757
0.561
0.797
0.807
6.953
7.549
7.552
0.713
0.288
0.288
0.386
1.140
1.153
0.975
0.348
0.580
0.846
0.857
0.704
1.740
1.786
0.632
0.236
0.508
0.508
0.003
0.006
0.062
0.066
0.370
0.373
0.196
0.215
0.339
0.351
0.607
0.633
0.429
1.031
1.031
0.240
0.059
0.179
0.179
0.001
0.003
0.007
0.050
0.310
0.335
0.603
0.658
0.699
0.737
0.635
0.639
0.588
0.541
0.261
0.207
0.006
0.031
0.032
0.148
1.103
1.453
1.500
1.360
1.390
0.584
0.590
0.360
0.132
0.132
0.212
0.642
0.657
0.315
0.322
0.153
0.153
0.088
0.088
0.015
0.120
0.127
0.118
0.603
0.613
0.836
0.864
0.415
0.097
0.297
0.717
0.729
0.693
0.705
0.398
0.004
0.202
0.211
0.104
0.105
0.104
7.351
8.304
4.785
0.287
0.235
0.163
0.240
0.252
0.371
0.384
0.299
1.470
1.470
0.628
3.113
3.121
2.200
1.141
2.537
2.542
0.795
0.800
0.154
0.470
0.479
0.244
0.222
0.514
3.860
30.096
32.376
6.581
0.803
1.219
1.221
0.651
0.651
10.080
10.080
0.049
0.707
0.729
0.490
0.314
1.246
2.979
2.988
0.626
1.361
1.372
1.660
4.964
4.999
2.030
2.458
2.458
0.344
0.289
0.678
0.907
3.234
3.699
3.758
3.737
3.549
0.511
0.518
0.672
1.064
1.375
2.374
2.390
0.863
0.811
0.817
0.653
0.657
0.805
0.807
0.536
0.549
0.504
0.721
0.734
0.298
0.060
0.305
3.027
4.154
5.550
5.555
3.308
8.002
11.946
12.521
7.699
3.402
3.404
3.030
8.228
8.794
6.437
6.892
6.825
4.201
4.214
2.639
3.162
5.339
6.985
11.916
26.035
26.936
8.749
6.426
3.065
3.073
3.629
9.027
9.183
7.994
7.994
7.054
7.243
6.934
9.624
9.624
5.684
7.897
9.382
10.635
25.925
39.534
43.002
43.088
5.355
2.473
7.028
7.155
9.458
10.113
10.282
11.088
11.521
11.936
12.049
8.539
9.920
10.749
12.826
13.203
7.616
7.159
8.464
26.598
29.156
18.158
18.544
18.567
16.740
17.267
18.092
19.354
16.203
13.121
11.317
13.451
26.372
37.025
44.828
43.720
41.386
41.542
20.560
21.046
17.124
17.362
13.498
13.961
14.025
26.341
30.592
33.987
34.140
30.538
34.065
23.860
11.891
11.962
11.724
8.241
11.157
14.073
18.399
29.535
35.655
36.112
7.933
10.770
20.137
20.383
17.635
13.676
40.057
40.230
19.318
15.799
9.555
9.555
8.569
8.112
11.562
11.617
8.207
9.766
13.239
13.286
10.321
10.353
7.609
13.306
17.297
17.696
14.159
14.165
6.383
7.165
9.765
25.771
26.256
12.648
2.595
2.673
3.800
4.958
5.741
5.741
4.217
7.750
7.752
2.772
2.534
3.758
9.920
10.326
9.143
3.839
3.839
1.855
1.857
2.127
6.271
6.286
5.997
5.997
6.623
6.669
6.748
6.841
6.855
12.439
12.513
7.032
4.570
2.106
2.732
2.732
2.013
18.439
42.540
44.129
11.507
0.876
4.221
4.572
4.614
0.820
0.394
1.288
1.288
2.462
2.485
9.042
9.161
4.833
4.917
3.398
2.857
1.912
1.262
0.750
0.400
0.400
0.147
0.045
0.031
0.068
0.068
0.000
0.004
0.026
0.026
0.017
0.089
0.114
0.116
0.297
0.297
0.063
0.068
0.113
0.142
0.166
0.167
0.070
0.071
1.680
1.718
1.348
0.062
0.077
0.277
0.284
0.336
0.339
0.253
1.034
1.048
3.402
5.730
6.029
3.676
0.100
0.190
1.028
1.905
2.010
1.357
0.701
0.090
0.010
0.065
0.068
0.173
0.746
0.754
0.095
0.096
0.251
0.256
0.049
0.327
1.553
1.613
0.809
0.193
0.396
0.406
2.075
2.075
0.023
0.089
0.737
0.756
0.417
7.450
7.457
0.109
0.014
0.230
0.236
0.318
0.321
0.082
0.272
0.272
0.371
0.372
0.144
0.143
0.055
0.120
0.127
2.210
2.244
1.781
1.824
1.071
0.877
1.618
1.627
0.502
4.955
4.993
14.859
14.866
0.121
0.052
0.308
0.878
4.631
4.684
0.755
0.218
1.111
1.672
1.743
4.221
4.234
0.805
3.959
4.371
0.838
0.761
0.854
1.510
1.525
0.726
0.782
0.796
1.411
1.414
0.638
2.009
6.057
6.082
3.234
3.996
9.692
9.709
4.255
4.282
3.808
1.356
0.931
0.931
0.935
0.953
0.467
1.633
3.342
3.349
3.950
5.746
9.784
9.789
1.025
0.704
0.775
3.474
3.479
2.200
1.660
1.685
1.708
1.480
1.194
1.200
0.374
0.258
0.258
0.715
0.715
1.146
2.966
2.969
2.766
2.767
4.026
12.620
13.083
11.621
12.620
7.933
7.980
8.482
8.550
3.804
1.912
1.925
0.991
1.081
1.085
1.355
1.359
0.746
5.051
9.803
9.931
2.303
2.993
6.917
8.662
15.137
38.370
70.526
70.526
1.942
4.228
9.780
9.790
5.210
4.651
4.397
8.089
8.272
7.591
15.213
15.269
20.722
22.043
6.550
9.429
9.429
6.368
13.735
13.735
13.131
13.857
14.441
24.053
41.313
44.811
19.473
9.135
4.590
28.994
34.600
32.665
20.641
14.868
8.226
9.390
14.874
16.936
15.848
11.272
11.381
11.251
11.332
10.473
12.295
24.356
30.243
32.044
33.502
24.101
17.137
14.591
10.364
9.232
34.486
36.527
14.259
12.290
16.658
16.664
11.914
19.738
20.080
9.426
9.235
13.725
13.776
9.184
10.668
11.171
10.872
8.312
7.522
10.152
16.133
34.463
52.844
53.354
17.712
11.305
8.770
21.871
24.177
20.801
10.681
8.019
12.643
24.629
25.228
23.769
7.350
9.254
9.254
10.528
10.776
6.417
2.667
2.667
5.073
6.250
6.250
9.758
10.233
13.365
13.563
8.541
7.190
7.205
7.289
7.384
5.739
7.455
15.196
26.412
49.106
51.092
20.281
5.723
8.105
9.679
10.261
4.094
2.925
4.237
4.749
4.751
2.347
1.121
2.786
2.786
1.915
1.915
0.447
0.981
0.985
0.578
6.679
11.299
11.390
0.443
0.229
1.258
1.258
0.278
0.498
1.894
1.894
1.716
2.237
3.133
3.135
3.256
3.304
2.428
2.459
1.605
2.174
2.186
3.322
3.372
2.609
0.198
0.198
0.104
0.218
1.916
1.939
1.689
1.691
1.477
1.552
3.623
3.717
2.024
2.043
1.604
1.443
1.462
0.755
0.615
1.722
2.902
3.132
2.057
1.190
0.320
0.342
0.342
0.448
0.448
0.398
0.357
0.772
0.785
0.292
0.238
0.112
10.306
23.743
24.466
8.696
2.266
2.292
0.028
0.001
0.086
0.157
0.570
0.606
0.164
0.134
0.278
0.289
0.179
0.023
0.083
2.348
8.823
13.577
13.802
1.273
1.192
1.701
3.918
4.732
3.320
0.001
0.002
0.003
0.003
0.013
0.038
0.085
0.085
0.084
0.002
0.002
0.392
0.595
0.595
0.226
0.426
0.798
0.809
0.851
0.873
1.113
1.117
0.384
0.546
0.559
0.428
0.431
0.785
0.818
0.755
0.739
1.147
1.160
1.315
2.783
3.772
4.011
1.146
3.478
3.518
1.883
2.972
2.972
2.074
2.155
1.771
5.496
5.518
0.582
21.018
21.621
8.871
3.010
0.547
0.945
0.973
0.779
0.519
0.524
0.097
0.473
1.237
1.298
3.217
3.272
1.140
1.339
1.348
1.192
1.195
1.217
5.215
9.360
9.361
2.939
4.294
5.015
5.493
16.551
16.565
2.859
3.245
11.679
11.730
1.414
2.020
2.043
1.104
1.094
0.729
2.898
11.267
13.456
10.415
5.396
5.421
2.666
5.468
5.469
3.230
7.017
7.037
4.287
3.751
8.253
8.282
4.609
4.721
6.028
6.050
10.888
11.867
1.858
0.685
1.792
1.803
2.413
2.413
5.885
5.885
5.794
5.796
4.401
4.453
4.341
3.833
5.945
5.948
8.762
13.301
14.826
6.980
6.947
7.620
5.042
17.182
18.001
9.199
9.114
28.621
30.912
16.396
4.254
1.199
2.269
2.972
7.273
7.362
5.708
10.618
26.257
42.866
44.579
17.554
8.721
6.021
5.838
7.155
7.356
7.303
8.225
8.230
13.495
21.660
22.151
14.990
15.238
18.872
34.056
35.380
13.554
7.958
7.212
7.553
18.462
47.885
48.263
21.410
10.937
12.996
26.936
27.701
9.008
4.108
14.157
30.929
32.112
15.248
9.505
7.723
8.363
11.458
11.753
11.789
15.432
15.584
9.952
5.890
5.522
9.984
9.998
7.566
14.924
15.929
12.221
10.688
26.778
28.384
17.609
7.377
6.617
15.204
15.390
8.062
11.692
12.216
14.337
15.586
31.847
31.847
25.754
30.260
32.606
18.402
8.939
8.954
7.734
17.736
41.727
43.882
17.511
15.419
15.468
16.961
17.305
24.438
27.418
12.473
5.092
5.106
2.152
1.931
7.541
7.565
7.958
7.996
7.092
7.104
8.571
8.574
7.124
10.985
22.201
22.534
13.324
10.373
7.378
12.665
13.286
7.944
4.920
2.496
1.137
0.595
2.904
3.084
3.073
0.485
0.485
0.067
0.095
0.260
3.909
3.916
3.354
5.001
5.130
4.825
4.349
1.862
0.777
0.675
0.437
0.620
1.102
1.123
0.581
1.184
1.246
0.660
0.600
3.754
5.718
5.720
2.870
1.923
2.379
2.745
2.820
2.029
1.253
0.702
0.722
1.187
1.190
1.084
0.154
1.996
2.197
2.206
1.972
1.973
1.534
0.004
0.004
0.027
0.182
0.343
0.360
1.347
1.891
1.909
0.753
0.633
2.907
4.977
4.992
1.167
0.104
2.630
2.695
1.105
0.169
1.211
1.281
1.337
0.894
0.870
0.651
0.494
0.944
0.978
0.527
1.316
1.347
0.495
0.417
0.377
0.396
0.068
0.001
0.002
0.010
0.757
0.792
