20150101
16307564.0
11402024.0
11594044.0
13880206.0
17886992.0
17886992.0
12946112.0
15837674.0
19086888.0
19086888.0
18999228.0
18919892.0
18709868.0
17979916.0
17953888.0
17953888.0
18804220.0
19484480.0
19484480.0
19722524.0
19722524.0
16560856.0
16560856.0
15049148.0
14739332.0
13895884.0
12944416.0
14617900.0
14617900.0
15498892.0
20254890.0
20254888.0
17980464.0
15496800.0
15345178.0
15345176.0
17726922.0
17726922.0
14526636.0
13969564.0
14670480.0
20062378.0
20062376.0
21675096.0
22002296.0
22002296.0
23258552.0
23258552.0
21129500.0
18022802.0
22627410.0
22627410.0
24482638.0
25082242.0
25082242.0
24952486.0
20011586.0
18505600.0
18976482.0
18976482.0
13645636.0
18201766.0
19937316.0
20778214.0
20778212.0
18774488.0
19123432.0
19375200.0
21606186.0
25469256.0
25469256.0
24974580.0
22051092.0
21476828.0
21476828.0
23756060.0
23756060.0
22456748.0
26463876.0
26463876.0
27828418.0
27828418.0
28032248.0
29769042.0
29769042.0
26870496.0
29489918.0
29489918.0
24842316.0
22753726.0
22753726.0
23921998.0
25512058.0
25512090.0
25917336.0
25917590.0
24708744.0
23284854.0
24903640.0
26502814.0
26505230.0
24427894.0
22972698.0
24467786.0
27159774.0
29079526.0
29086480.0
25441906.0
32681306.0
32698212.0
31312414.0
31330656.0
27556782.0
27582372.0
26648426.0
26760048.0
28705518.0
28743766.0
26566286.0
30197688.0
30239044.0
26002634.0
26045918.0
26446272.0
30991380.0
31042500.0
29804296.0
31430856.0
31507320.0
31067716.0
28003752.0
28034084.0
28081652.0
25375850.0
25424752.0
24621656.0
26893896.0
28646056.0
28720208.0
26850436.0
23366832.0
23401296.0
23288084.0
22290278.0
28336836.0
28422132.0
23456336.0
27701164.0
27792816.0
26614856.0
24165406.0
24694492.0
25243312.0
28672304.0
28763456.0
27405472.0
24095740.0
23603092.0
23671312.0
23581744.0
19720412.0
19156428.0
17276184.0
20180424.0
20230944.0
28371292.0
28454052.0
24535900.0
24573896.0
24576864.0
24948496.0
25255808.0
25328804.0
19608488.0
21975884.0
22024596.0
23214620.0
23258432.0
16907416.0
19453888.0
26551208.0
26617664.0
27948692.0
28012876.0
22366980.0
20774112.0
20496560.0
20537224.0
18507028.0
22360824.0
22394256.0
18221690.0
27059392.0
27109272.0
22289104.0
24957678.0
24994630.0
24211904.0
24268704.0
23299554.0
23356846.0
22485366.0
21325546.0
19689940.0
22942464.0
23709236.0
25195256.0
25238932.0
24442828.0
24479520.0
22256758.0
19731306.0
21633376.0
21651660.0
24387738.0
24406714.0
20984610.0
16262888.0
17457610.0
22486312.0
24298536.0
24406078.0
24416748.0
20763168.0
21164740.0
21170470.0
16332822.0
16338886.0
14814622.0
20225100.0
20230696.0
12143666.0
13148638.0
20339960.0
21269148.0
23349064.0
23354532.0
20546014.0
16276038.0
17597856.0
18905430.0
18909276.0
21443994.0
21447474.0
21369822.0
18646084.0
16285614.0
17572316.0
18593254.0
25353254.0
25354872.0
24999350.0
22948250.0
20805032.0
17407700.0
20368202.0
20878806.0
20879174.0
20640148.0
20845580.0
21633626.0
21633656.0
22491638.0
22491638.0
18848710.0
18848710.0
17453392.0
15810901.0
15314450.0
18660070.0
20977936.0
22343604.0
23852526.0
23852526.0
22346836.0
19794656.0
18462768.0
22493946.0
23616628.0
23616628.0
23513342.0
21560464.0
20853864.0
17682072.0
18945574.0
18945574.0
18490740.0
18490740.0
18227724.0
20502792.0
22643514.0
22643514.0
18646402.0
17828074.0
17624234.0
17624232.0
20895862.0
20895862.0
18526048.0
18526048.0
19569476.0
19569476.0
18075260.0
19789076.0
20674120.0
20674120.0
20265096.0
16023848.0
14039820.0
14039820.0
17574054.0
17574052.0
15942500.0
15942500.0
15988050.0
19798748.0
19798748.0
17972696.0
15007200.0
15007200.0
13621800.0
18072792.0
19459648.0
19459648.0
19018604.0
19018604.0
17755108.0
16474928.0
17246672.0
17246672.0
12739668.0
13700580.0
13700580.0
13039856.0
13039856.0
11300568.0
14052498.0
18214992.0
18214992.0
17089588.0
16030788.0
14978996.0
14978996.0
14613516.0
12588892.0
12406204.0
12041548.0
12609078.0
12609076.0
12421432.0
12019020.0
12019016.0
16252572.0
16252572.0
13097816.0
13097812.0
12236456.0
13283830.0
16679676.0
17133888.0
17133888.0
17132704.0
16591184.0
16154532.0
13739088.0
