20150101
0.81
1.06
1.92
1.30
0.64
1.01
0.91
1.17
1.45
1.06
0.65
0.79
0.59
0.86
0.69
0.51
0.72
0.56
0.79
0.88
0.68
0.98
0.97
0.66
0.84
1.15
1.15
1.21
1.48
1.03
0.54
0.47
0.68
0.67
0.80
0.56
0.61
0.86
1.01
0.71
0.51
0.43
0.59
0.92
0.37
0.59
0.28
0.40
0.66
1.00
0.43
1.19
0.99
0.76
0.85
0.76
1.33
0.83
0.78
1.34
1.03
1.33
1.29
0.85
0.93
0.59
0.94
0.95
0.61
0.53
0.43
0.65
0.60
0.90
0.92
1.01
1.06
1.25
0.40
0.84
0.32
0.41
0.89
0.36
0.35
0.72
0.62
0.57
1.37
0.80
0.65
1.08
0.87
1.19
1.02
0.54
0.71
0.92
1.19
0.61
0.50
0.67
0.85
0.33
0.55
0.65
0.89
1.40
0.48
0.55
0.50
0.34
0.37
0.30
0.47
0.32
0.37
0.57
0.66
0.32
0.37
0.70
0.66
0.78
0.59
0.28
0.55
0.50
0.27
0.28
0.43
0.30
0.44
0.55
0.94
0.91
0.37
0.36
0.43
0.67
0.93
0.77
0.94
0.61
0.34
0.72
0.80
0.58
0.44
0.65
0.78
1.04
0.62
0.43
0.51
0.53
0.64
0.73
0.83
0.63
0.57
0.40
0.84
0.98
0.97
0.88
1.08
0.64
0.63
0.55
0.69
0.95
0.87
0.46
0.49
0.52
0.45
0.87
0.66
0.54
0.93
0.75
0.90
0.63
0.51
0.32
0.49
0.99
0.75
0.57
0.73
0.48
0.50
0.35
0.87
0.69
0.45
0.81
0.50
0.46
0.58
0.31
0.47
0.28
0.52
0.46
0.46
0.45
0.40
0.46
0.57
0.47
0.52
0.49
0.50
0.51
0.62
0.59
0.62
0.47
0.33
0.57
0.59
0.57
0.63
0.57
0.66
0.66
0.50
0.72
0.46
0.47
0.40
0.63
0.81
0.45
0.52
0.27
0.45
0.40
0.50
0.36
0.45
0.56
0.50
0.49
0.23
0.45
0.37
0.53
0.30
0.28
0.50
0.74
0.77
0.57
0.64
0.71
0.79
0.66
0.53
0.47
0.51
0.30
0.44
0.54
0.50
0.51
0.45
0.48
0.50
0.34
0.30
0.35
0.40
0.63
0.73
0.53
0.47
0.54
0.62
0.56
0.70
0.29
0.31
0.49
0.24
0.70
0.74
0.75
0.33
0.39
0.73
0.85
0.90
0.64
0.60
0.45
0.75
0.59
0.66
0.61
0.37
0.45
0.26
0.37
0.64
0.68
1.30
1.08
0.37
0.77
0.75
0.88
1.11
0.90
0.49
0.54
0.69
0.98
0.91
1.20
0.37
0.32
0.37
0.43
0.36
0.46
0.38
0.87
1.03
0.56
0.66
0.89
0.68
1.32
0.96
0.58
0.65
0.65
0.66
0.84
0.79
0.96
1.13
1.13
1.32
1.34
0.88
0.84
1.34
1.48
0.92
1.03
0.92
1.20
1.57
1.38
1.35
1.66
1.70
1.42
0.88
0.93
1.46
