20150101
16917672.0
11055752.0
10704548.0
14389384.0
17458946.0
17458944.0
13253580.0
16592182.0
18909088.0
18978564.0
18978564.0
18873160.0
18762628.0
18154704.0
18326832.0
18326832.0
18980252.0
19402496.0
19402496.0
19357228.0
19357228.0
17376360.0
17376360.0
15905340.0
15593488.0
14494848.0
14494848.0
16162508.0
16162508.0
15912992.0
19904208.0
19904208.0
18251388.0
16594556.0
16250218.0
16250216.0
17262400.0
17262400.0
14727580.0
14728928.0
15269192.0
19733312.0
19733312.0
21688398.0
21688396.0
20617956.0
23094380.0
23094380.0
21325612.0
17259218.0
21145970.0
21145970.0
24079234.0
24375636.0
24375636.0
23715274.0
17739012.0
19250152.0
19561260.0
19561260.0
12333512.0
19476410.0
21548540.0
21548540.0
21376564.0
19327680.0
19578536.0
20436704.0
22225248.0
25600028.0
25600028.0
24660216.0
21571476.0
21264470.0
21264468.0
24036146.0
24036144.0
22240190.0
26543178.0
26543176.0
27026226.0
27026226.0
27959288.0
29405536.0
29405536.0
26197460.0
28770406.0
28770406.0
23326626.0
20835336.0
21328008.0
22522370.0
23243520.0
23649554.0
25542226.0
25542450.0
24415424.0
22654584.0
24972084.0
25788432.0
25790292.0
23698140.0
22230062.0
23536484.0
26629006.0
28302320.0
28309392.0
25581620.0
32201314.0
32215080.0
29836120.0
29486894.0
26482848.0
26582900.0
26606640.0
25837100.0
28618538.0
28652272.0
24839132.0
29575298.0
29611578.0
24670170.0
24708964.0
25891252.0
30875004.0
30919148.0
28859292.0
31137056.0
31201196.0
29199672.0
26791364.0
26923290.0
26950588.0
23548776.0
23603696.0
23083000.0
26257352.0
27506264.0
27572724.0
25693684.0
22205760.0
22402452.0
22431972.0
20809278.0
27068324.0
27154632.0
23028868.0
27173240.0
27255344.0
24513052.0
21556254.0
24055044.0
24943588.0
28307800.0
28386596.0
26779224.0
22786108.0
22516864.0
22583620.0
21151600.0
15340184.0
14007372.0
13764200.0
16704760.0
16754352.0
27522712.0
27604884.0
21593864.0
21379752.0
19661664.0
21357340.0
21444344.0
20969364.0
13791184.0
16170276.0
16197116.0
18469600.0
18491948.0
10778832.0
12783236.0
22547032.0
22601168.0
24241024.0
24287224.0
17442952.0
17498780.0
15293864.0
15316224.0
13155648.0
18343336.0
18358840.0
12986060.0
22746286.0
22776356.0
17119458.0
19653496.0
19674998.0
20045808.0
20892896.0
20928768.0
20914836.0
18922842.0
17364278.0
14969256.0
17549494.0
19356748.0
22004360.0
22041646.0
21106426.0
21137596.0
19233180.0
14430204.0
18107766.0
18120434.0
20283856.0
20296486.0
17734834.0
11667830.0
12914986.0
17746348.0
20265416.0
20276076.0
19715008.0
17080694.0
17747832.0
17750428.0
10617334.0
10619326.0
10254990.0
16216478.0
16219334.0
8289638.0
11113928.0
16823534.0
16946184.0
19459574.0
19463596.0
15890652.0
11182158.0
13109250.0
15606696.0
15609550.0
16864300.0
16920872.0
16923390.0
14150352.0
11302094.0
13577294.0
14793108.0
22935002.0
22936212.0
22838474.0
20842186.0
17688616.0
12723318.0
17707440.0
18126944.0
18127192.0
17141258.0
18055620.0
19578158.0
19578158.0
19326748.0
19326748.0
15330198.0
15330198.0
14321753.0
11596345.0
11736444.0
15702333.0
19086516.0
20575016.0
22459144.0
22459144.0
20265160.0
17600036.0
16792428.0
21784368.0
23249108.0
23249106.0
23166924.0
20912564.0
19735000.0
16252548.0
16969962.0
16969962.0
16281468.0
17745246.0
17745246.0
20305106.0
21654124.0
21654124.0
18150600.0
16234474.0
16200784.0
16151240.0
19366352.0
19366352.0
17307036.0
17307036.0
18654736.0
18654736.0
17147040.0
19001004.0
19542982.0
19542980.0
19464856.0
13569540.0
11653226.0
11653224.0
16331504.0
16331504.0
14828548.0
14828548.0
15133812.0
18885088.0
18885088.0
16200132.0
12242574.0
12242572.0
11891996.0
17391394.0
18837240.0
18837240.0
18247248.0
18247248.0
16751000.0
15473040.0
16366856.0
16366856.0
11407872.0
13073772.0
13073772.0
11768000.0
11756684.0
9607814.0
13890870.0
17556400.0
17556400.0
16326140.0
15591736.0
14885328.0
14885328.0
14353128.0
11780820.0
11155602.0
11155600.0
12154420.0
12154420.0
11831080.0
11632672.0
12134776.0
15299116.0
15299116.0
12872422.0
12872420.0
12026790.0
13448672.0
16844620.0
16973300.0
16973300.0
16967308.0
16297736.0
15620456.0
13574400.0
