20150101
1.58
1.98
2.82
1.75
0.69
1.43
1.14
1.32
1.00
0.44
0.43
0.24
0.72
1.38
1.22
1.02
0.44
0.29
0.44
0.56
1.01
1.69
1.38
0.82
1.37
1.79
1.90
1.88
2.21
0.98
0.63
0.41
0.74
0.75
0.73
0.34
0.71
1.09
1.34
0.79
0.33
0.61
0.85
0.52
0.55
0.78
0.61
0.79
1.03
0.97
0.74
1.18
0.68
0.37
0.54
1.24
1.82
1.26
1.32
1.93
1.58
1.94
1.87
1.21
1.33
0.78
1.43
1.44
0.34
0.27
0.46
1.05
1.07
1.33
1.38
1.39
1.61
1.12
0.44
0.39
0.50
0.77
1.05
0.58
0.54
0.60
0.95
1.04
1.90
1.10
0.99
0.98
1.46
1.68
1.43
0.75
1.15
1.36
0.85
0.73
0.70
1.28
1.35
0.67
1.48
1.14
1.47
1.25
0.91
0.53
0.60
0.61
0.88
0.79
0.92
0.90
0.56
1.20
1.13
0.72
0.97
1.40
1.26
1.19
0.85
0.68
0.52
0.57
0.82
0.88
1.01
0.79
0.96
1.17
1.55
1.41
0.57
0.86
1.14
1.39
1.48
1.14
1.28
1.21
0.92
1.20
1.35
1.15
1.20
1.30
1.36
1.56
1.35
1.10
1.27
1.30
1.38
1.37
1.55
1.20
1.24
1.16
1.38
1.63
1.70
1.53
1.57
1.28
1.29
1.25
1.35
1.51
1.33
1.23
1.19
1.17
1.20
1.28
1.21
1.13
1.30
1.30
1.30
1.16
0.69
0.89
1.14
1.44
0.84
0.92
1.31
1.17
0.95
0.75
0.85
0.87
0.84
1.00
0.80
0.68
0.53
0.62
0.70
0.67
0.89
0.66
0.63
0.84
0.63
0.70
0.75
0.91
0.89
0.89
1.01
0.83
1.06
1.08
0.87
0.66
0.83
1.09
1.14
1.20
1.25
1.13
1.17
1.31
1.15
1.40
0.84
0.52
0.91
1.18
1.33
1.10
1.12
0.91
0.88
0.92
1.05
0.95
1.10
1.21
1.22
1.24
0.77
1.01
1.16
1.22
1.02
0.96
1.13
1.24
1.30
1.24
1.23
1.37
1.46
1.28
1.05
1.19
1.14
0.85
1.12
1.26
1.21
1.16
1.16
1.14
1.12
0.77
0.86
0.98
1.05
1.28
1.35
1.13
1.09
1.16
1.31
1.11
0.88
0.75
0.71
0.66
0.74
1.23
0.86
0.79
0.71
0.66
1.32
1.32
1.43
0.99
1.28
0.95
1.37
1.15
1.33
1.15
0.82
0.39
0.46
0.77
1.24
1.20
1.70
1.47
0.68
1.23
1.13
1.19
1.02
0.53
0.93
1.00
1.18
1.52
1.45
1.54
0.64
0.59
0.54
0.86
0.67
0.60
0.60
1.41
1.51
0.96
1.05
1.30
0.96
1.56
1.52
1.13
0.47
1.22
0.73
0.39
1.19
1.42
1.70
1.75
1.90
1.99
1.29
1.20
1.91
1.51
1.45
1.54
1.41
1.98
2.41
2.13
1.32
1.47
1.39
1.22
0.91
1.50
1.74
