20150101
2.348
8.823
13.577
13.802
1.273
1.192
1.701
3.918
4.732
3.320
0.001
0.002
0.003
0.003
0.013
0.038
0.085
0.085
0.084
0.002
0.002
0.392
0.595
0.595
0.226
0.426
0.798
0.809
0.851
0.873
1.113
1.117
0.384
0.546
0.559
0.428
0.431
0.785
0.818
0.755
0.739
1.147
1.160
1.315
2.783
3.772
4.011
1.146
3.478
3.518
1.883
2.972
2.972
2.074
2.155
1.771
5.496
5.518
0.582
21.018
21.621
8.871
3.010
0.547
0.945
0.973
0.779
0.519
0.524
0.097
0.473
1.237
1.298
3.217
3.272
1.140
1.339
1.348
1.192
1.195
1.217
5.215
9.360
9.361
2.939
4.294
5.015
5.493
16.551
16.565
2.859
3.245
11.679
11.730
1.414
2.020
2.043
1.104
1.094
0.729
2.898
11.267
13.456
10.415
5.396
5.421
2.666
5.468
5.469
3.230
7.017
7.037
4.287
3.751
8.253
8.282
4.609
4.721
6.028
6.050
10.888
11.867
1.858
0.685
1.792
1.803
2.413
2.413
5.885
5.885
5.794
5.796
4.401
4.453
4.341
3.833
5.945
5.948
8.762
13.301
14.826
6.980
6.947
7.620
5.042
17.182
18.001
9.199
9.114
28.621
30.912
16.396
4.254
1.199
2.269
2.972
7.273
7.362
5.708
10.618
26.257
42.866
44.579
17.554
8.721
6.021
5.838
7.155
7.356
7.303
8.225
8.230
13.495
21.660
22.151
14.990
15.238
18.872
34.056
35.380
13.554
7.958
7.212
7.553
18.462
47.885
48.263
21.410
10.937
12.996
26.936
27.701
9.008
4.108
14.157
30.929
32.112
15.248
9.505
7.723
8.363
11.458
11.753
11.789
15.432
15.584
9.952
5.890
5.522
9.984
9.998
7.566
14.924
15.929
12.221
10.688
26.778
28.384
17.609
7.377
6.617
15.204
15.390
8.062
11.692
12.216
14.337
15.586
31.847
31.847
25.754
30.260
32.606
18.402
8.939
8.954
7.734
17.736
41.727
43.882
17.511
15.419
15.468
16.961
17.305
24.438
27.418
12.473
5.092
5.106
2.152
1.931
7.541
7.565
7.958
7.996
7.092
7.104
8.571
8.574
7.124
10.985
22.201
22.534
13.324
10.373
7.378
12.665
13.286
7.944
4.920
2.496
1.137
0.595
2.904
3.084
3.073
0.485
0.485
0.067
0.095
0.260
3.909
3.916
3.354
5.001
5.130
4.825
4.349
1.862
0.777
0.675
0.437
0.620
1.102
1.123
0.581
1.184
1.246
0.660
0.600
3.754
5.718
5.720
2.870
1.923
2.379
2.745
2.820
2.029
1.253
0.702
0.722
1.187
1.190
1.084
0.154
1.996
2.197
2.206
1.972
1.973
1.534
0.004
0.004
0.027
0.182
0.343
0.360
1.347
1.891
1.909
0.753
0.633
2.907
4.977
4.992
1.167
0.104
2.630
2.695
1.105
0.169
1.211
1.281
1.337
0.894
0.870
0.651
0.494
0.944
0.978
0.527
1.316
1.347
0.495
0.417
0.377
0.396
0.068
0.001
0.002
0.010
0.757
0.792
