20150101
1.51
1.98
2.95
1.75
0.71
1.29
1.05
1.59
1.62
1.15
0.72
0.69
0.67
1.24
1.05
0.92
1.05
0.94
1.01
1.09
0.98
1.67
1.40
0.99
1.29
1.76
1.85
1.86
2.26
1.13
0.66
0.83
0.71
0.75
0.77
0.72
0.54
0.90
1.25
0.83
0.77
0.75
0.77
0.98
0.54
1.09
0.78
0.71
0.85
0.84
0.58
1.28
0.93
0.91
0.59
1.02
1.74
1.18
1.19
1.82
1.58
1.99
1.84
1.11
1.21
0.81
1.28
1.34
0.86
0.76
0.68
0.93
0.92
1.24
1.27
1.25
1.49
0.94
0.59
0.89
0.69
0.85
1.24
0.76
0.74
0.84
0.98
0.96
1.88
0.95
0.87
0.89
1.39
1.71
1.31
0.72
1.10
1.32
0.61
0.61
0.66
1.20
1.24
0.78
1.48
1.04
1.42
1.33
0.87
0.66
0.61
0.76
0.81
0.81
0.85
0.91
0.85
1.13
1.04
0.82
0.89
1.37
1.14
1.09
0.89
0.72
0.88
0.86
0.76
0.79
0.90
0.72
0.82
1.08
1.54
1.36
0.68
0.81
0.99
1.36
1.48
1.04
1.33
1.14
0.86
1.07
1.33
1.07
1.08
1.25
1.36
1.58
1.32
1.07
1.26
1.25
1.38
1.41
1.49
1.15
1.22
1.07
1.43
1.59
1.76
1.58
1.55
1.29
1.28
1.24
1.35
1.42
1.30
1.14
1.15
1.21
1.09
1.07
1.18
1.13
1.28
1.22
1.34
1.05
0.86
0.84
1.01
1.36
1.05
0.94
1.30
1.16
0.85
0.72
0.98
0.87
0.89
0.91
0.78
0.79
0.70
0.72
0.81
0.70
0.94
0.86
0.73
0.92
0.88
0.87
0.85
0.89
0.86
0.86
0.94
0.86
1.10
1.09
0.91
0.76
0.86
1.09
1.16
1.28
1.24
1.16
1.28
1.40
1.23
1.45
0.96
0.70
0.88
1.15
1.40
1.11
1.21
0.97
0.86
0.95
1.06
0.99
1.11
1.28
1.29
1.27
0.78
1.03
1.22
1.24
0.95
0.92
1.15
1.33
1.35
1.24
1.29
1.44
1.59
1.31
1.08
1.20
1.12
0.83
1.15
1.28
1.25
1.19
1.20
1.11
1.12
0.99
0.93
0.98
1.04
1.31
1.27
1.06
1.03
1.07
1.32
1.08
1.02
0.74
0.74
0.62
0.71
1.28
1.07
1.13
0.82
0.76
1.27
1.19
1.35
0.83
1.23
0.84
1.27
1.01
1.18
1.11
0.64
0.86
0.70
0.74
1.15
1.06
1.61
1.33
0.66
1.14
0.99
1.06
1.08
0.92
0.73
0.78
0.97
1.51
1.37
1.67
0.77
0.75
0.71
0.77
0.69
0.64
0.76
1.32
1.34
0.80
0.89
1.19
0.80
1.34
1.49
0.88
0.79
1.03
0.70
0.66
0.96
1.28
1.64
1.64
1.81
1.88
1.04
1.03
1.92
1.46
1.33
1.52
1.33
1.92
2.39
2.09
1.48
1.19
1.11
0.92
0.74
1.32
1.59
