19950101
0.114
0.053
0.065
0.190
0.229
0.237
0.096
19.946
19.967
0.885
0.377
0.566
0.566
0.121
1.238
10.631
12.621
12.630
1.359
1.428
1.380
0.356
0.212
0.135
0.136
0.056
0.075
0.169
0.309
0.316
0.206
0.102
0.132
0.346
0.688
1.404
1.406
0.410
0.077
0.077
0.061
0.063
0.068
0.072
3.594
4.717
4.747
1.875
1.918
1.509
1.153
2.112
4.403
6.986
7.013
0.246
0.266
1.148
1.198
0.984
0.141
0.146
0.130
0.261
0.277
5.429
5.444
0.942
0.983
0.808
0.821
0.488
0.502
0.077
0.124
0.831
0.836
0.221
0.206
0.206
0.006
0.063
0.273
0.273
20.669
21.620
1.399
0.519
0.851
0.872
0.196
0.250
0.260
0.123
0.891
0.915
0.108
0.108
0.026
0.124
0.632
1.025
1.062
0.771
0.418
0.365
0.366
0.165
0.163
2.185
2.195
0.714
0.960
0.965
0.785
0.786
0.196
0.211
0.211
1.152
1.151
0.326
0.246
0.351
0.351
0.295
0.277
0.123
3.380
3.386
1.914
2.013
2.013
1.785
3.453
3.453
1.447
2.296
2.358
1.921
0.917
0.536
0.997
1.127
1.336
1.336
0.492
0.825
1.157
1.268
1.268
0.921
1.037
1.044
0.648
1.188
2.102
3.406
3.413
1.631
2.614
4.013
6.573
7.194
7.228
6.211
10.436
17.630
27.220
27.302
3.331
3.358
3.877
5.720
5.884
4.307
2.123
2.102
2.082
3.147
24.299
30.559
30.754
3.321
4.560
4.567
5.180
3.168
5.055
5.055
18.938
19.022
2.033
2.681
4.310
4.310
7.408
7.673
7.116
8.529
8.536
5.577
4.435
4.449
2.555
2.444
3.084
8.724
8.724
2.437
3.217
4.470
7.206
10.739
11.204
2.738
1.854
3.828
3.828
3.027
5.362
7.702
7.795
47.308
50.428
52.029
34.615
5.197
0.010
0.083
2.469
2.500
0.212
0.114
0.744
0.744
2.154
4.520
5.316
5.331
9.417
9.489
2.593
1.067
5.415
5.423
6.802
6.806
4.823
4.884
3.951
1.639
0.759
0.827
0.827
0.868
1.821
2.259
2.531
3.375
3.480
3.436
2.689
2.929
3.172
3.172
2.486
1.375
1.448
8.924
25.919
26.422
9.228
0.079
0.117
0.120
0.185
0.202
0.108
0.135
0.135
0.467
0.469
0.474
0.476
0.498
0.655
0.300
0.977
2.347
2.374
0.198
0.149
0.351
0.357
0.208
0.246
0.252
0.121
0.045
0.046
0.059
0.122
0.134
0.137
0.130
0.002
0.078
0.078
0.010
0.002
0.000
30.409
46.222
46.226
0.090
0.003
0.000
0.148
0.170
0.231
0.520
0.537
0.190
0.064
0.261
0.264
0.123
0.089
0.068
0.087
0.254
0.257
0.157
0.133
0.136
0.099
0.097
0.104
0.177
0.177
0.038
0.067
0.255
0.268
0.220
0.104
0.388
0.397
0.180
0.061
0.079
0.079
0.239
0.250
0.696
0.724
0.337
9.374
9.376
0.093
0.097
0.084
0.228
0.319
0.356
0.397
0.854
0.855
0.207
0.224
0.203
0.095
0.100
0.894
0.950
0.405
0.248
0.249
19.567
20.367
16.387
0.236
0.317
0.321
0.143
0.080
0.286
0.304
0.114
0.118
0.056
0.046
0.223
0.228
0.185
0.284
0.380
0.384
0.019
0.039
0.039
0.061
0.702
1.254
12.047
12.524
4.154
0.025
0.226
0.462
0.470
0.187
0.142
8.509
8.588
0.637
0.262
0.110
0.126
1.468
4.550
4.570
0.437
0.040
0.101
0.101
2.300
6.442
6.443
0.038
0.678
1.035
1.035
0.042
0.610
0.661
0.139
0.233
0.233
0.263
0.443
0.452
0.060
0.060
0.161
6.541
6.549
3.756
3.756
2.107
0.135
0.144
1.368
1.379
0.829
0.240
0.211
0.647
0.647
0.086
0.070
0.116
0.116
0.046
0.046
0.008
0.032
0.048
0.049
0.022
0.134
0.540
0.542
0.007
0.027
0.925
0.927
1.450
1.496
1.498
2.125
2.125
0.005
0.091
5.928
6.245
1.854
0.356
3.256
3.324
0.616
0.616
0.942
1.417
1.418
2.066
2.069
3.519
3.528
0.957
3.476
3.609
1.237
1.121
1.046
1.049
0.822
0.823
0.225
0.371
1.844
3.740
3.749
10.348
10.610
2.191
4.068
4.232
4.277
4.085
4.198
2.768
3.164
3.226
2.152
4.384
4.825
2.667
1.768
1.751
1.763
2.339
2.525
2.525
2.164
1.910
4.616
4.655
8.282
8.344
19.011
23.898
22.768
2.650
2.418
3.243
3.245
2.294
2.380
2.421
10.681
12.364
10.432
9.826
10.493
5.915
9.801
18.335
18.981
6.276
6.281
6.251
19.230
20.390
4.944
5.040
3.301
3.331
3.876
3.876
3.250
3.606
3.611
3.041
12.939
13.132
6.826
4.963
7.010
7.010
3.714
7.300
8.083
4.607
4.635
4.407
3.287
5.248
11.907
11.940
10.007
6.815
2.175
6.283
6.393
6.754
6.787
4.783
4.027
3.158
3.158
0.874
3.082
4.407
4.911
5.438
4.844
4.844
4.992
5.116
3.286
4.502
5.606
5.627
3.793
1.873
1.791
2.161
2.345
4.029
4.047
4.841
4.846
3.643
2.517
0.249
0.288
0.507
0.662
1.735
1.783
2.650
2.779
3.462
4.472
4.511
3.626
3.626
1.751
2.250
2.252
5.205
5.229
3.116
0.246
0.464
0.989
0.989
0.634
0.395
0.194
0.229
0.364
0.364
0.270
0.270
0.215
0.054
0.059
0.073
1.181
1.971
2.009
1.902
1.509
3.476
11.591
11.591
0.121
0.132
0.136
0.846
0.846
0.150
0.161
0.101
0.013
0.013
0.014
0.014
0.082
0.083
0.068
0.039
0.117
0.121
0.105
0.105
0.171
0.176
0.288
0.290
0.280
0.284
0.369
0.385
0.183
0.151
0.109
0.140
0.149
0.059
0.082
0.101
0.116
0.120
0.040
0.029
0.072
0.075
0.067
0.106
0.180
0.190
0.097
0.002
0.002
0.003
0.035
0.038
0.013
0.004
0.004
0.004
0.079
0.087
0.091
0.201
0.202
0.003
0.003
0.003
0.002
0.043
0.259
0.273
0.175
0.180
0.378
0.378
0.229
0.245
0.081
0.086
0.231
0.487
0.489
0.007
2.162
5.546
5.559
0.124
0.096
0.130
0.131
0.039
0.189
0.249
0.249
0.347
0.662
0.675
0.246
1.227
1.257
0.784
0.330
0.269
0.122
0.157
0.214
0.222
0.042
0.016
0.617
0.640
0.546
0.294
0.146
2.221
2.237
0.685
0.988
0.989
0.103
0.500
2.070
2.134
1.000
0.124
0.219
1.109
1.110
0.406
0.406
0.406
0.148
2.035
2.053
0.729
0.735
1.044
1.081
1.084
0.745
0.748
1.531
1.541
0.759
0.780
0.448
0.912
0.929
1.130
1.130
0.052
0.056
5.037
5.118
5.138
1.924
1.938
2.300
2.360
2.297
0.480
1.048
1.050
1.987
2.710
2.821
2.821
0.041
0.242
0.243
0.064
0.114
0.121
0.227
1.387
1.389
1.021
0.869
0.869
1.213
1.213
0.890
0.890
1.473
1.543
1.160
0.932
0.933
0.778
0.540
0.540
3.747
3.750
2.593
1.175
1.175
0.071
0.132
0.132
0.431
0.583
0.634
0.634
0.855
2.112
2.117
2.357
2.357
3.726
3.750
2.080
2.124
3.088
3.347
3.371
3.187
1.474
2.121
2.126
1.278
1.433
1.795
1.795
1.407
4.738
4.841
6.062
7.096
2.064
2.069
10.236
10.267
18.310
19.711
1.976
1.272
5.239
7.070
7.060
2.441
3.807
4.003
4.707
13.179
51.334
56.118
27.847
11.531
11.548
8.324
13.779
16.583
27.948
28.527
8.626
1.532
2.650
3.609
13.110
13.832
4.686
6.531
6.851
0.870
1.023
2.301
3.692
3.692
3.047
2.988
2.994
5.005
7.419
7.419
3.668
3.674
4.697
4.696
3.081
2.994
3.287
4.170
6.349
6.593
6.398
13.631
13.985
12.374
12.404
6.002
9.502
9.518
3.169
7.191
13.136
13.223
1.908
1.371
4.220
4.227
4.208
5.705
5.709
2.799
2.799
4.966
6.398
12.873
12.875
0.734
2.930
3.383
3.386
3.541
3.598
4.246
8.904
9.860
3.044
5.278
5.727
2.829
2.835
3.417
3.433
3.164
2.911
4.522
4.525
1.956
1.813
1.832
1.013
1.019
1.873
4.569
4.623
0.649
1.142
1.145
0.809
0.410
0.698
0.831
0.831
0.366
0.040
0.040
0.202
0.389
0.391
0.377
0.607
1.018
1.018
0.504
0.776
0.788
0.757
0.152
0.758
7.754
7.754
0.094
0.197
1.193
1.194
0.957
0.958
0.106
0.199
0.413
0.422
0.401
0.006
0.046
0.046
0.841
0.869
0.671
0.677
0.554
0.426
0.077
0.073
0.089
1.239
1.567
1.587
0.137
0.093
0.460
0.479
0.441
1.152
1.161
0.145
0.113
0.577
3.055
3.055
0.073
0.081
0.086
0.050
0.062
0.735
20.069
21.803
14.052
0.415
6.085
6.396
2.296
0.127
0.202
0.202
0.050
0.050
0.011
0.064
0.075
0.081
0.077
0.081
0.579
0.595
0.202
0.571
0.586
0.136
0.142
0.078
0.029
0.873
0.877
0.005
0.030
0.073
0.073
0.199
0.590
0.636
0.357
0.243
0.261
0.479
0.488
0.328
0.330
0.433
0.433
0.078
0.105
0.138
0.231
0.236
0.148
1.106
1.108
0.144
0.119
2.241
2.265
0.525
0.502
0.725
0.740
0.518
0.054
0.018
0.002
0.002
0.019
0.034
0.713
0.727
0.961
1.019
1.042
1.008
0.779
0.785
1.276
3.402
3.495
2.481
0.132
0.341
0.816
0.861
0.087
0.271
3.548
3.641
3.263
0.652
0.185
0.414
0.427
0.672
1.057
1.074
0.443
0.445
0.850
1.759
1.815
0.447
0.512
5.941
5.948
3.630
1.673
0.385
0.049
0.841
22.532
23.028
7.298
0.017
0.039
0.039
1.146
1.162
0.802
0.068
1.192
1.201
0.311
0.543
0.546
0.356
0.109
0.074
0.157
0.481
0.481
0.208
0.565
0.568
0.068
0.416
1.334
2.183
2.183
0.544
0.510
0.506
0.506
1.277
1.320
1.320
0.597
0.597
0.512
0.965
5.711
5.713
0.446
1.502
1.502
0.293
0.293
4.653
4.653
1.097
3.244
3.244
0.202
1.159
4.806
4.816
4.626
3.285
3.351
1.312
0.341
14.698
15.140
0.560
0.591
5.005
5.005
3.539
3.762
2.695
1.674
1.566
1.374
3.171
4.184
6.088
6.226
2.203
2.848
2.848
2.249
3.217
6.948
7.109
9.804
9.804
5.128
5.128
3.823
9.496
9.612
8.168
6.487
6.495
8.158
8.219
6.755
6.272
10.299
10.317
8.996
9.203
10.753
11.607
4.368
10.083
19.817
20.845
13.576
10.330
11.724
10.178
8.922
16.589
16.619
9.237
10.023
6.393
6.471
6.622
6.574
6.635
3.483
3.721
3.751
9.255
11.005
11.171
4.756
9.135
9.152
7.704
8.491
7.122
5.919
7.105
7.230
13.691
13.754
27.964
28.003
5.657
10.298
11.387
8.559
5.936
5.942
3.176
7.955
8.565
7.692
5.383
3.262
3.205
21.891
22.421
31.639
86.735
89.612
32.554
0.056
1.357
1.357
0.237
0.168
0.598
0.598
0.100
0.031
0.025
0.006
0.006
1.376
3.412
3.412
2.105
2.111
2.030
2.030
1.482
1.538
1.744
5.075
16.707
16.750
1.968
2.142
2.203
2.342
2.369
0.611
0.192
0.211
0.577
1.377
1.384
1.324
0.302
0.106
0.106
0.121
0.121
0.053
0.215
3.670
3.681
0.528
0.026
0.558
0.558
0.200
0.434
0.437
0.064
0.121
0.121
1.554
1.554
0.002
0.012
0.013
0.072
0.074
0.166
0.318
0.428
1.436
1.438
0.007
0.001
0.001
0.568
1.253
4.045
4.058
0.801
0.298
0.066
0.062
0.048
0.127
0.132
0.052
0.053
0.023
0.041
0.076
0.143
0.151
0.059
0.067
0.067
0.003
0.001
0.043
0.492
0.514
0.442
0.442
0.072
0.001
0.012
0.214
0.214
0.014
0.014
0.001
0.133
0.280
0.284
0.048
0.051
0.038
0.001
0.007
0.015
0.171
0.188
0.149
0.003
0.001
0.021
0.043
0.045
2.455
2.495
0.855
0.857
0.265
0.065
0.082
0.072
0.012
0.093
0.094
0.030
0.031
0.026
0.048
0.060
0.071
0.048
0.064
0.066
0.112
0.120
2.390
2.399
0.236
0.104
0.235
0.238
0.629
1.009
1.011
0.240
0.240
0.229
0.097
0.180
0.181
0.025
0.031
0.034
0.032
0.166
0.167
0.280
0.282
0.588
0.588
0.253
1.235
1.321
1.371
0.931
0.299
0.412
0.412
0.194
0.049
0.052
0.031
0.021
0.136
0.221
0.221
0.483
0.492
0.240
0.146
0.018
0.132
0.252
0.253
0.011
0.124
0.126
0.197
0.547
1.996
2.037
3.486
3.515
0.274
0.006
0.007
0.007
0.024
0.405
0.759
0.759
0.260
0.260
0.559
3.341
3.797
3.689
0.024
0.041
0.049
0.576
0.576
0.274
0.096
0.202
0.202
0.213
0.213
0.780
0.780
1.032
1.032
0.572
0.583
1.017
1.737
2.663
3.626
3.642
1.082
1.082
0.866
0.927
1.560
7.925
8.036
5.243
1.548
1.392
2.511
3.850
3.863
0.698
3.177
3.177
2.454
2.454
1.801
2.483
2.768
4.982
4.990
3.303
4.014
4.014
5.418
5.467
1.850
1.855
0.950
2.280
2.308
0.066
0.578
1.584
1.605
1.605
2.085
8.092
9.008
9.071
2.092
2.503
4.309
4.337
3.773
7.142
7.149
3.992
4.629
15.645
18.719
14.452
4.445
17.299
18.315
12.770
1.862
2.164
6.389
35.741
35.798
4.116
1.249
1.825
4.225
5.238
9.653
51.588
51.899
4.277
0.328
0.501
2.372
4.196
7.863
7.875
3.753
3.287
5.302
8.939
9.302
14.206
14.368
7.443
7.495
4.783
5.710
5.762
4.930
4.936
4.936
7.167
7.167
3.274
2.819
3.596
6.813
6.895
6.030
6.137
14.467
14.474
10.037
6.636
9.379
9.405
3.122
2.933
5.511
5.796
5.259
5.562
5.650
5.669
4.393
1.586
5.492
5.505
4.816
4.661
3.240
5.800
5.800
3.940
2.223
2.409
3.734
6.496
6.503
3.426
3.798
3.798
2.874
2.008
2.011
6.288
6.288
0.869
3.356
3.356
2.335
2.310
1.960
6.528
6.544
2.753
2.756
1.793
0.664
2.005
2.013
2.682
2.692
1.998
2.408
2.423
2.016
0.354
0.510
0.648
0.686
1.322
1.322
0.108
2.425
2.430
24.913
70.999
76.369
7.756
0.083
0.010
0.005
0.010
0.010
0.003
0.005
0.075
0.078
0.040
0.015
0.010
0.015
0.069
0.071
0.356
0.359
0.153
0.142
0.085
0.086
0.036
0.036
0.033
0.037
0.078
0.078
0.120
0.176
0.480
0.481
0.009
0.010
0.071
0.537
1.085
1.096
0.020
0.001
0.001
0.001
0.016
0.078
0.078
0.078
0.078
0.058
0.213
0.229
0.187
0.061
0.033
0.034
0.279
0.303
0.175
0.002
0.002
0.013
0.088
0.088
0.010
0.002
0.012
0.041
0.194
0.207
0.111
0.093
0.097
0.089
0.089
0.015
0.015
0.064
0.125
0.133
0.064
0.098
0.102
0.101
0.090
1.116
1.213
1.145
0.387
0.396
0.143
0.003
0.538
0.566
0.262
0.266
0.131
0.125
0.132
0.219
0.794
0.823
0.476
0.392
0.162
5.874
6.434
2.826
0.439
0.963
1.059
0.641
0.479
0.499
0.254
0.620
0.740
0.747
0.163
0.153
0.469
0.836
0.851
0.445
0.454
0.265
0.175
0.180
0.200
0.484
0.504
0.257
0.104
0.032
0.254
1.087
1.098
0.300
0.557
0.564
0.666
0.683
0.292
0.452
1.041
1.740
5.241
5.294
1.006
0.717
0.432
0.756
0.772
0.431
0.136
0.193
9.726
9.737
0.195
0.036
1.317
1.321
0.122
0.005
0.000
0.081
0.085
0.169
0.170
0.080
0.072
0.027
0.016
1.538
1.538
0.935
0.935
0.345
0.380
2.377
2.392
0.770
0.516
0.231
0.287
0.287
1.437
3.411
5.238
5.251
2.342
2.288
2.304
2.260
2.448
0.484
2.989
2.989
0.150
1.008
1.008
0.866
0.815
6.298
6.304
0.521
0.521
0.730
1.220
1.265
2.913
2.924
2.406
22.699
24.273
6.304
8.622
8.690
0.688
1.339
15.438
18.326
18.326
1.359
1.947
1.953
1.193
1.205
0.720
1.326
2.842
8.064
9.049
9.095
2.623
5.568
6.928
6.934
2.980
4.628
4.674
3.533
3.856
7.683
7.723
6.721
16.842
25.084
25.090
3.556
4.721
4.634
3.568
5.355
5.360
5.089
3.757
3.766
7.269
7.278
11.099
13.113
13.950
12.830
5.238
5.294
7.918
7.922
7.329
8.802
9.480
6.071
4.152
4.358
4.362
6.475
8.102
8.106
3.590
4.422
4.435
4.332
4.418
4.418
3.328
3.332
16.977
18.323
12.279
7.893
5.473
1.309
9.007
9.094
7.902
6.946
7.979
8.042
6.162
4.753
2.487
4.218
4.236
4.721
4.721
7.630
8.337
6.144
6.189
3.054
3.539
3.579
2.904
3.566
5.120
5.800
6.126
32.065
32.378
10.886
3.198
0.650
3.716
4.722
13.135
13.953
7.283
7.401
7.507
1.218
0.650
2.717
5.290
6.115
6.140
4.397
1.780
3.710
12.173
12.498
6.052
0.481
0.525
0.269
0.237
0.312
0.325
0.331
0.334
0.175
0.176
0.683
0.683
0.752
0.752
0.485
1.170
1.177
0.723
0.821
0.756
0.190
0.190
0.088
0.088
0.075
0.035
0.041
0.200
1.418
1.464
1.396
0.614
0.621
0.382
0.530
0.530
0.002
0.053
0.054
0.253
0.253
0.009
0.055
0.340
0.340
0.169
0.241
0.241
0.004
0.128
0.816
0.822
0.281
0.020
0.020
0.602
1.110
1.147
0.317
0.182
0.131
0.237
0.245
0.163
0.198
0.324
0.429
0.440
0.230
0.129
0.026
0.023
0.106
0.110
0.015
0.068
0.068
0.205
0.223
0.159
0.006
0.010
0.010
0.002
0.002
0.003
0.013
0.015
0.016
0.001
0.001
0.003
0.212
0.216
0.103
0.108
0.072
0.304
12.923
13.322
3.062
0.370
0.501
0.501
0.058
0.171
0.512
0.520
0.078
0.006
0.183
0.191
0.163
0.036
0.108
0.108
0.101
0.101
0.103
0.449
1.090
1.170
0.710
0.003
0.001
0.001
0.001
0.001
0.002
0.032
0.185
0.249
0.252
0.256
0.264
0.270
0.038
0.004
0.005
0.042
0.180
0.189
0.071
0.062
2.973
3.259
1.318
1.354
1.354
3.536
3.726
2.141
0.346
0.423
3.813
3.904
0.661
0.238
0.370
0.381
0.098
0.099
2.067
2.072
0.905
0.922
0.426
0.216
0.090
0.046
0.273
1.037
1.047
0.963
0.533
0.540
0.163
0.521
0.541
2.617
2.640
0.574
2.564
2.565
0.057
0.444
0.813
0.814
0.399
0.521
0.630
0.630
0.085
0.122
0.327
0.327
0.353
0.890
0.893
0.371
0.197
4.230
4.398
3.178
1.036
1.639
2.611
2.611
0.616
0.617
1.670
1.670
0.288
6.472
6.473
1.946
0.829
0.764
0.579
1.782
1.782
1.736
4.054
4.135
1.995
1.561
1.837
4.654
10.022
10.274
1.333
0.488
0.531
5.669
5.742
3.176
1.132
1.236
3.897
3.911
1.288
0.949
3.205
4.648
4.655
4.072
4.072
4.694
4.714
4.366
4.369
3.126
6.446
6.711
3.872
3.632
3.657
2.136
2.696
2.701
3.497
4.740
4.744
2.620
5.094
5.161
5.848
6.223
8.152
8.325
5.018
6.555
6.560
2.035
3.366
3.758
3.758
6.522
6.530
2.275
2.274
3.418
3.418
2.384
2.773
3.904
3.904
3.794
5.157
6.804
6.949
5.126
2.686
13.569
13.986
5.937
4.105
3.742
6.708
16.373
16.606
1.472
1.753
9.148
10.792
11.125
13.122
9.942
7.843
7.847
7.593
7.598
7.287
7.397
3.115
3.585
3.756
3.371
3.659
3.659
2.333
2.932
4.025
4.324
3.860
4.239
4.239
19.496
22.104
16.772
2.535
3.891
12.948
13.736
10.487
1.826
3.573
3.610
8.233
10.188
9.516
2.883
2.888
2.665
2.860
3.464
15.200
15.466
5.426
5.535
3.009
5.547
5.566
5.349
5.380
3.592
2.814
0.995
1.491
1.497
0.400
0.570
1.444
1.859
1.859
1.484
1.447
0.930
1.385
1.388
0.908
2.098
2.733
3.012
4.459
4.464
21.496
21.667
2.517
1.965
8.929
8.934
1.116
0.205
0.102
0.165
0.171
0.028
0.108
0.108
0.023
0.222
0.256
0.256
0.114
0.541
0.541
0.342
2.363
2.363
0.894
0.040
0.399
0.402
0.207
0.588
0.613
0.473
0.195
0.173
0.186
0.092
0.051
0.051
0.007
0.002
0.002
0.002
0.034
0.038
0.038
0.034
0.034
0.010
0.026
0.033
0.033
0.002
0.052
0.133
0.147
0.071
0.042
0.110
0.111
0.030
0.043
0.151
0.435
0.435
0.354
0.294
0.089
0.090
0.056
0.062
0.114
0.557
0.561
0.069
0.030
0.106
0.108
0.087
0.014
0.001
0.001
0.013
0.111
0.132
0.151
0.159
0.122
0.134
0.087
0.087
0.007
0.004
0.007
0.030
0.187
0.538
0.745
0.745
0.006
0.006
0.005
0.057
2.074
5.688
5.725
2.558
2.578
6.556
6.557
0.232
0.283
0.287
0.210
0.147
1.978
9.398
9.407
0.249
0.021
0.016
0.023
0.082
0.087
0.156
0.282
1.153
5.737
5.745
0.243
4.914
5.338
4.748
0.038
0.042
0.042
0.013
0.651
0.695
0.584
0.645
0.355
0.034
0.110
2.368
2.393
0.392
0.401
0.289
2.128
2.187
0.894
0.837
1.171
1.172
0.210
0.216
0.162
0.065
0.062
0.177
0.364
1.092
1.093
0.164
0.164
0.044
0.017
0.527
0.837
2.108
3.190
3.192
0.667
0.668
0.257
0.342
0.624
0.628
1.781
3.629
3.655
1.030
0.082
0.103
0.226
0.622
1.941
1.941
1.200
2.472
2.472
0.615
0.118
0.019
0.151
2.475
2.475
0.062
0.288
1.860
1.860
0.391
2.635
4.937
4.958
0.550
5.469
5.578
0.199
1.074
2.313
2.313
0.357
0.620
0.626
0.359
0.328
1.884
1.995
0.819
0.349
1.035
1.035
2.098
2.122
16.000
16.053
5.571
4.955
1.566
0.205
2.697
2.707
2.966
5.692
5.712
1.459
1.507
1.509
2.315
2.315
1.810
2.778
5.935
5.939
2.037
1.770
5.444
5.444
5.483
5.805
5.827
2.482
2.969
6.069
6.083
1.803
5.534
6.238
3.204
3.601
7.127
7.167
3.045
3.049
3.775
3.775
3.363
7.954
29.245
31.127
4.119
6.487
11.211
11.257
6.145
7.297
9.053
9.553
4.007
3.678
3.546
8.678
9.481
4.678
2.698
3.277
13.007
14.363
26.824
29.074
22.699
17.508
1.546
10.172
14.560
15.468
7.099
3.750
4.053
4.050
6.106
6.333
5.358
3.176
3.176
2.959
2.959
5.435
16.364
17.098
7.834
7.859
4.084
3.196
3.196
2.008
3.085
16.890
19.178
19.868
9.273
4.118
1.839
1.178
2.703
3.200
3.200
2.105
2.109
2.056
2.552
2.558
3.390
5.158
5.180
2.847
1.552
1.093
2.108
2.108
2.086
3.172
3.175
2.327
1.257
1.273
1.723
3.262
3.268
0.733
4.261
4.322
3.638
15.127
23.315
23.669
7.077
0.707
0.514
0.151
0.335
0.494
0.770
0.777
0.864
2.283
2.290
2.530
2.555
1.816
1.780
0.980
0.225
0.009
0.014
0.014
4.817
4.881
0.622
0.168
0.494
0.556
0.563
0.387
0.312
0.107
0.315
0.401
0.401
0.346
0.299
0.302
0.106
0.108
0.061
0.042
0.070
0.071
0.028
0.030
0.013
0.023
0.273
2.417
2.430
0.097
0.112
0.090
0.028
0.433
0.451
0.074
0.007
-0.000
0.069
0.382
0.393
0.096
0.004
0.009
0.128
0.270
0.270
0.126
0.140
0.157
0.167
0.106
0.066
0.165
0.165
0.035
0.035
0.003
0.001
0.001
0.009
0.011
0.113
0.858
0.869
0.336
0.155
0.122
0.299
0.302
0.302
0.086
0.090
0.094
0.047
17.536
18.389
0.878
0.024
0.025
0.013
0.006
0.116
0.119
0.120
0.142
0.179
0.192
0.202
0.162
0.022
0.001
0.001
0.001
0.002
0.034
0.040
0.250
0.255
0.160
0.048
0.049
0.017
1.355
6.809
6.819
4.741
7.771
7.775
0.431
0.584
0.602
0.219
0.698
0.725
0.605
0.679
1.210
1.536
1.842
1.975
1.661
0.212
0.075
0.881
21.951
22.232
0.646
0.020
0.128
1.048
1.305
1.306
0.680
0.014
0.068
0.388
0.407
0.655
0.664
0.318
0.681
0.694
0.200
0.843
0.881
1.521
1.524
0.228
0.386
0.811
0.813
0.390
0.511
0.520
0.166
0.187
0.187
0.996
0.999
1.170
1.171
0.936
0.599
0.817
0.824
0.429
0.429
0.321
0.393
0.917
0.918
0.273
0.273
0.296
0.628
0.634
0.314
0.021
1.421
1.428
1.751
1.752
0.704
0.904
0.912
0.400
0.400
0.301
0.301
0.242
0.242
0.470
4.531
4.536
1.589
1.591
1.547
0.708
2.165
2.185
0.215
0.113
0.059
0.844
0.984
2.218
2.228
0.825
0.841
2.195
2.788
3.245
3.252
2.390
2.390
1.740
1.740
2.662
4.243
4.407
1.604
1.253
1.254
1.055
0.891
0.891
2.320
2.325
2.390
4.902
4.917
3.376
5.443
5.448
3.391
10.239
12.255
14.519
13.307
14.125
3.341
3.507
3.568
3.063
3.694
5.089
5.104
10.684
20.508
20.938
4.569
7.934
20.877
21.079
8.212
8.258
9.478
9.610
10.669
11.161
11.410
3.607
7.581
15.356
15.502
13.819
7.526
4.590
7.457
17.447
17.911
2.839
4.036
5.456
15.114
16.076
4.002
4.369
4.369
3.995
3.995
4.500
6.030
6.037
14.276
15.107
7.415
8.493
10.352
10.376
2.769
1.315
1.315
1.611
4.852
4.857
4.719
4.733
2.817
2.817
4.356
6.606
9.451
9.652
48.429
48.839
3.332
2.278
0.996
2.807
5.824
5.858
3.646
3.251
2.812
2.002
6.730
7.554
7.387
4.813
7.565
7.614
5.999
4.226
3.290
1.978
5.025
5.052
3.509
5.010
5.927
5.939
3.612
3.619
3.058
2.255
3.316
3.335
3.191
1.107
6.541
6.947
5.332
0.766
0.557
2.126
2.426
2.380
2.038
0.422
0.422
0.048
0.180
0.325
0.325
3.944
39.827
39.936
0.325
0.206
0.079
0.066
0.162
0.162
0.040
0.184
0.676
0.681
0.430
0.114
2.117
10.171
25.963
26.529
9.947
0.975
0.114
0.176
0.180
0.006
0.046
0.047
0.012
0.108
0.147
0.458
0.482
0.108
0.105
0.395
0.401
0.092
0.052
0.060
0.446
0.524
0.546
0.440
0.029
0.029
0.002
0.002
0.010
0.023
0.234
0.276
0.282
0.097
0.045
0.021
0.098
0.152
0.173
0.112
0.012
0.005
0.068
0.070
0.023
0.023
0.002
0.002
0.005
0.100
2.637
2.646
0.077
0.099
0.099
0.019
0.050
0.109
0.138
0.138
0.103
10.822
11.910
8.188
0.019
0.081
0.104
0.110
0.145
0.152
0.275
0.331
0.295
0.017
0.017
0.002
0.087
0.313
0.326
0.310
0.018
0.009
0.014
1.544
1.554
0.083
0.404
0.421
6.974
7.169
4.910
0.479
0.494
0.137
0.185
0.512
0.752
0.776
0.391
0.336
0.248
0.380
0.391
0.172
0.009
0.011
0.112
0.124
0.124
0.209
0.209
0.089
0.089
0.051
2.311
2.358
0.838
0.065
0.202
0.204
0.004
0.001
0.007
0.012
0.012
0.185
0.192
0.218
0.226
0.065
0.296
1.183
2.674
2.674
0.066
3.589
3.589
0.327
0.327
0.233
0.777
0.777
0.015
0.020
0.063
1.877
1.878
0.020
0.573
0.576
0.121
0.066
0.141
0.141
0.065
0.124
2.689
2.719
3.286
3.385
0.344
1.142
1.944
4.053
4.053
2.171
2.171
0.770
0.299
0.579
2.588
2.595
1.950
1.395
2.122
2.122
0.546
2.817
3.547
3.551
2.614
1.901
1.497
1.780
2.211
2.218
0.854
0.713
0.733
0.169
0.388
0.623
0.627
0.212
0.298
0.298
3.943
4.393
3.476
1.270
1.450
1.450
1.380
3.457
4.319
6.937
6.937
14.909
14.916
5.083
5.518
5.244
1.666
1.532
1.536
1.105
1.078
2.395
2.407
3.309
3.322
3.395
3.411
2.560
3.644
3.660
2.911
4.275
4.951
6.510
6.950
7.451
6.163
3.488
5.484
7.980
8.589
8.608
8.621
9.501
9.717
3.628
3.641
1.855
0.937
1.422
2.971
9.281
9.379
8.538
9.090
5.594
12.482
16.298
39.815
41.992
19.070
29.283
30.142
14.715
2.515
5.214
5.576
2.368
15.960
15.960
4.925
4.772
3.300
3.429
1.533
7.140
7.637
6.330
6.943
12.347
12.629
5.925
5.974
5.588
5.606
5.298
5.515
5.361
5.361
5.166
8.827
9.050
6.378
2.695
3.834
3.837
4.376
4.376
6.954
6.957
4.445
5.418
6.356
6.359
1.675
1.310
1.967
1.967
2.676
4.221
4.221
2.673
4.917
5.081
5.089
3.084
4.610
4.682
3.525
2.122
1.904
2.367
2.367
3.781
8.633
8.633
0.219
0.671
2.952
2.956
3.694
3.698
2.077
2.631
2.635
1.327
1.504
1.546
2.711
2.793
1.274
4.656
8.113
8.128
1.498
3.018
3.021
1.267
1.270
1.162
19.599
19.633
2.255
0.154
0.609
0.612
0.102
6.129
6.222
0.133
0.003
0.022
0.093
0.124
0.130
0.392
0.516
0.516
0.315
0.769
0.772
0.080
0.080
0.102
0.102
0.076
0.241
0.250
0.162
0.050
0.073
0.085
0.089
0.098
0.281
0.295
0.410
0.525
0.525
0.027
0.005
0.001
2.591
2.644
0.185
0.212
0.212
1.223
1.223
0.028
0.279
0.347
0.348
0.137
0.137
0.207
0.209
0.003
0.002
0.002
0.001
0.003
0.003
0.001
0.002
0.002
0.032
0.032
0.157
0.157
0.066
0.001
0.002
0.085
1.193
1.232
0.569
0.395
0.250
0.480
0.495
0.159
0.002
0.002
0.007
1.286
1.296
0.648
0.642
0.274
0.093
0.302
0.313
0.288
0.358
1.240
1.257
0.106
0.002
0.002
0.062
0.740
3.664
3.746
1.172
0.248
1.673
2.635
13.475
13.477
0.074
0.353
0.362
3.492
3.507
1.890
17.959
18.555
2.840
0.320
0.775
1.142
1.168
0.454
0.319
0.198
0.086
0.039
0.477
0.500
0.329
2.151
2.219
3.430
3.431
0.263
0.252
3.416
4.272
4.392
0.322
0.225
0.244
0.469
0.469
0.237
0.247
0.003
0.281
0.282
0.094
0.056
0.310
0.310
0.866
2.629
2.629
0.627
0.022
0.019
0.117
0.117
0.592
3.488
3.488
0.602
0.639
0.469
3.767
3.769
0.455
0.455
0.523
0.543
0.623
0.631
0.208
0.152
0.218
0.661
0.661
0.319
0.711
0.717
0.476
0.489
0.173
0.079
0.008
0.036
0.073
0.119
0.122
0.074
0.048
0.293
0.293
0.199
0.343
0.431
1.142
2.577
2.625
2.625
2.188
3.037
3.048
1.971
1.337
2.581
2.586
2.605
2.135
0.131
1.815
2.413
2.109
0.433
0.433
0.831
0.831
0.868
1.452
1.604
0.988
1.309
1.309
0.987
1.551
1.640
0.740
0.364
1.214
1.214
0.502
1.063
2.076
2.088
0.922
1.038
2.671
2.671
2.199
1.932
2.093
1.122
0.633
0.294
1.066
1.066
1.077
1.077
2.998
6.857
7.423
3.287
3.059
3.131
4.936
27.421
28.176
4.286
0.294
1.183
3.370
3.398
4.175
5.222
5.254
2.555
5.020
5.020
4.517
2.603
3.292
7.226
14.229
14.685
8.408
8.466
5.381
10.794
11.780
7.676
3.865
3.663
35.117
38.101
5.524
0.732
1.977
4.883
4.893
3.669
3.669
3.064
1.903
1.198
2.344
4.802
6.467
6.467
5.505
7.720
17.702
17.731
4.826
7.519
7.639
3.750
3.807
3.913
5.276
5.711
6.075
6.122
7.940
8.289
7.988
7.122
12.919
14.579
14.584
3.736
3.143
1.095
0.196
0.584
3.611
3.617
3.569
3.571
4.278
7.764
7.851
0.782
0.427
2.794
2.796
2.052
2.847
2.849
3.611
3.623
2.447
2.586
4.278
4.280
1.961
7.817
7.881
2.056
1.510
1.510
0.789
1.603
1.605
0.170
0.475
0.558
1.756
10.897
10.924
5.295
1.797
1.171
1.171
0.242
0.155
0.096
0.096
0.064
0.023
0.540
0.540
0.027
0.069
0.412
18.881
19.146
9.438
0.151
0.009
0.082
0.677
0.681
0.064
0.471
0.512
0.338
0.295
0.203
0.040
0.025
0.006
0.020
0.034
0.034
0.010
0.001
0.001
0.005
0.008
0.008
0.001
0.103
0.262
0.263
0.027
0.013
0.014
0.134
0.217
0.223
0.062
0.063
0.086
0.105
0.117
0.235
0.249
0.171
0.209
0.240
0.242
0.046
0.147
0.153
0.059
0.150
0.160
0.106
0.112
0.035
0.061
0.064
0.126
0.132
0.069
0.049
0.051
0.223
0.226
0.196
0.202
0.203
0.017
0.136
0.136
0.022
0.022
0.024
0.028
0.024
0.017
0.053
0.071
0.075
0.109
0.119
0.053
0.030
0.469
0.470
0.385
0.065
0.005
0.088
0.089
0.006
0.013
0.103
0.104
0.103
0.101
0.019
0.011
0.011
0.005
0.005
0.001
0.028
0.027
0.053
0.760
1.403
1.403
0.001
0.170
0.175
0.490
1.167
1.167
0.007
0.039
1.893
2.929
3.003
0.546
0.249
0.002
0.002
0.008
0.068
0.072
0.072
0.208
0.838
0.856
0.355
0.177
0.174
0.158
0.250
1.533
1.547
0.566
0.052
0.182
23.070
24.859
11.904
0.186
0.675
11.242
11.291
2.522
2.537
0.056
0.118
0.499
0.822
0.873
0.359
0.370
1.232
1.232
0.114
0.160
0.165
0.094
1.413
2.627
2.629
0.273
0.355
1.000
1.000
0.026
0.263
1.242
1.250
0.194
0.091
0.091
0.016
0.016
0.583
15.808
17.088
5.608
0.206
0.191
0.192
0.157
0.157
1.882
1.899
0.327
0.004
0.009
0.136
1.649
2.877
2.880
0.855
1.274
1.276
0.559
0.579
3.834
3.890
3.720
4.917
4.920
0.251
0.251
0.125
1.185
1.959
1.959
2.162
2.171
1.200
2.578
2.633
3.009
3.013
4.204
4.341
3.221
3.244
2.934
4.416
4.420
4.382
4.382
5.631
5.631
4.339
3.387
19.255
19.255
3.298
1.537
0.491
0.538
0.991
0.995
0.720
0.732
2.333
2.354
2.942
4.179
6.947
8.328
10.580
19.111
19.132
7.002
3.040
4.060
4.060
2.887
2.991
8.175
8.956
7.478
4.503
3.601
3.601
5.752
5.782
8.100
8.225
5.974
6.809
6.830
3.998
7.340
8.543
6.442
3.647
5.376
9.487
10.414
8.777
7.122
4.395
2.941
3.187
3.187
3.049
5.274
5.286
5.222
5.224
3.549
1.893
6.313
6.332
5.257
2.640
0.970
2.949
3.279
3.279
2.942
1.511
1.575
4.652
4.655
2.631
1.784
4.771
8.251
8.571
26.255
26.694
4.024
3.566
5.703
5.715
3.139
3.139
2.368
2.149
0.795
0.843
6.773
7.479
20.446
20.554
12.328
12.649
2.941
0.447
1.570
2.974
2.974
1.996
5.708
5.711
6.104
9.564
13.865
14.453
12.319
10.789
0.411
0.060
0.039
0.258
0.259
0.053
0.643
1.134
1.140
0.071
1.444
1.467
0.844
0.367
0.477
1.518
1.522
0.495
0.483
0.647
0.649
0.372
0.374
1.798
3.819
3.836
0.918
0.508
0.508
0.199
0.199
0.003
0.003
0.052
0.092
0.480
0.480
0.743
1.123
1.124
0.856
0.858
0.230
0.094
1.682
2.309
2.309
0.215
0.226
0.486
0.514
0.337
0.340
0.471
0.477
0.076
0.423
0.719
1.151
1.164
0.388
0.118
0.124
0.018
0.059
0.081
0.081
0.004
0.004
0.067
0.070
0.216
0.653
0.666
0.272
6.888
6.950
0.275
0.005
0.001
0.001
0.003
0.003
0.001
0.005
0.044
0.050
0.040
0.020
0.020
0.180
0.403
0.403
0.002
0.001
0.011
0.035
0.035
0.004
0.001
0.029
0.162
0.166
0.089
0.015
0.112
0.148
0.260
0.307
0.459
0.473
0.215
0.175
0.024
0.021
0.062
0.182
0.184
0.017
0.002
0.002
0.002
0.002
0.004
0.004
0.824
1.100
1.102
0.061
0.073
2.346
2.370
4.193
4.212
0.892
0.721
0.475
8.562
8.598
2.793
11.025
11.037
1.204
1.218
0.476
0.158
0.117
0.043
0.047
0.268
1.338
10.097
10.112
0.545
0.341
6.211
6.260
0.532
0.124
0.396
0.738
0.750
0.271
0.280
0.409
0.410
0.440
1.875
3.062
3.096
0.993
0.465
0.001
0.001
0.200
1.259
1.259
0.009
0.033
0.292
0.797
0.797
0.019
0.010
0.001
0.004
0.048
0.191
0.191
0.270
1.013
1.013
0.645
0.648
2.352
2.718
2.735
1.012
1.013
0.694
0.577
0.467
1.129
1.527
1.527
0.807
0.903
1.299
1.841
9.622
10.078
4.687
2.628
1.250
0.037
0.107
0.108
1.312
1.835
1.876
6.156
6.158
1.312
1.946
3.507
3.522
3.599
4.410
4.415
1.625
11.107
11.146
0.696
3.607
3.609
3.376
2.321
3.599
3.771
1.052
0.904
1.358
1.358
0.590
0.305
0.308
1.042
1.044
1.516
2.498
2.498
2.652
2.671
2.137
3.249
7.460
7.499
5.463
1.670
3.749
4.611
5.877
10.035
10.150
4.269
3.210
3.167
3.167
2.089
4.293
5.121
5.131
1.891
7.157
7.166
2.228
2.878
7.020
8.153
7.180
1.475
5.093
5.093
3.069
4.522
4.522
7.043
11.537
14.593
14.684
5.896
6.668
6.714
9.322
9.326
14.318
28.349
29.646
15.894
17.095
21.713
23.074
11.852
10.925
11.062
17.443
18.004
5.120
5.637
5.098
5.107
0.709
0.780
1.674
1.674
1.201
4.445
4.450
4.563
7.079
7.122
11.685
14.428
14.504
12.740
9.463
10.063
7.126
1.958
2.615
2.615
4.946
4.946
2.563
5.765
5.793
4.081
5.027
5.036
4.047
4.694
4.936
4.914
18.967
23.342
24.667
5.322
12.765
14.665
9.414
0.355
1.168
1.797
3.211
3.243
1.648
3.005
3.005
4.509
4.509
1.815
0.871
7.591
12.940
13.349
2.708
2.309
2.340
1.810
0.852
0.840
0.201
1.268
1.280
1.280
0.815
2.032
8.202
8.885
9.621
1.212
0.713
0.178
0.056
0.505
0.508
0.172
0.033
0.294
0.564
0.566
0.318
0.198
0.025
0.025
0.043
0.045
0.062
0.110
0.205
0.409
0.441
0.364
0.033
0.327
0.343
0.274
0.643
0.664
0.213
0.114
0.111
0.111
0.046
0.046
0.022
0.023
0.038
0.041
0.160
0.163
0.092
0.092
0.092
0.032
0.001
0.001
0.001
0.015
0.096
0.099
0.244
1.242
1.243
0.045
0.045
0.137
0.318
0.319
0.970
0.979
0.440
0.289
0.309
0.326
0.105
0.041
0.020
0.104
0.108
0.052
0.003
0.003
0.001
0.002
0.002
0.002
0.010
0.028
0.029
0.049
0.137
0.142
0.299
0.304
0.121
0.303
0.319
0.103
0.076
0.161
0.333
0.333
0.035
0.035
0.000
0.002
0.166
2.128
2.227
1.055
0.287
1.506
5.004
5.031
2.761
2.774
0.265
0.655
0.751
1.508
1.535
0.341
0.053
0.265
0.274
0.145
0.203
0.395
1.023
1.033
0.260
0.299
0.441
0.453
0.125
0.038
0.019
0.169
2.570
2.587
0.689
0.372
0.008
0.115
0.575
0.936
0.949
0.211
0.002
0.003
0.053
0.109
3.720
3.802
1.747
0.002
0.131
0.145
0.013
0.001
0.602
0.603
0.567
0.446
0.446
0.170
0.424
0.989
0.989
0.161
0.271
0.271
0.645
0.653
0.480
0.351
0.359
1.097
1.111
0.399
0.532
1.416
1.443
0.760
2.049
2.053
6.452
6.455
0.015
0.041
0.041
1.291
4.908
4.923
2.388
0.233
0.316
0.317
0.175
0.021
0.165
0.165
0.139
0.058
0.122
0.122
1.053
1.523
1.525
0.113
1.229
2.573
2.582
3.637
4.547
4.607
1.549
2.048
2.050
0.576
1.367
1.863
1.886
1.919
1.920
1.678
1.680
0.842
2.104
2.124
3.248
3.249
3.683
3.685
3.537
1.426
1.624
1.624
1.178
2.071
3.764
3.828
1.286
2.960
2.960
4.268
5.025
5.036
3.146
2.911
3.046
4.376
4.626
4.582
11.292
11.549
7.847
7.858
6.897
7.705
7.832
7.143
6.740
4.850
4.872
3.366
6.486
6.542
1.234
3.579
9.320
9.450
12.746
14.187
5.836
8.213
8.536
5.655
3.382
3.951
3.951
3.571
3.826
5.758
10.322
11.025
11.120
16.274
16.464
10.322
7.911
12.642
12.673
18.677
19.475
11.698
3.481
11.344
11.439
2.032
2.933
4.210
6.539
9.288
9.705
5.985
5.260
5.270
5.457
12.791
12.801
4.045
4.048
8.049
10.064
10.340
9.540
32.012
33.910
12.601
2.633
20.311
20.860
1.253
1.491
1.760
1.760
8.459
8.898
6.237
11.928
12.059
3.966
1.643
1.098
1.337
2.531
2.699
2.712
1.595
0.781
0.768
1.111
1.582
1.860
3.003
5.243
5.346
3.513
3.519
2.680
3.823
3.829
2.880
0.917
2.499
3.719
3.777
3.777
1.537
0.626
10.415
12.488
12.494
0.030
0.082
0.244
1.028
1.028
2.112
2.117
1.102
0.463
0.476
0.416
0.241
1.459
1.459
0.633
0.024
0.130
0.683
0.685
0.328
0.330
0.150
0.151
0.062
0.010
0.249
2.761
2.884
0.261
0.261
0.048
0.031
0.012
0.055
0.735
0.735
0.033
0.029
0.008
0.186
0.186
0.183
0.330
0.332
0.223
0.064
0.064
0.018
0.032
0.288
0.563
0.591
0.578
0.045
0.056
0.056
0.014
0.003
0.003
0.001
0.003
0.011
0.013
0.003
0.002
0.003
0.002
0.001
0.102
0.102
0.035
0.233
0.239
0.095
0.066
0.068
0.008
0.004
0.001
0.002
0.084
0.084
0.076
0.358
0.406
0.414
1.038
1.038
0.039
0.040
0.215
0.581
0.607
0.594
0.019
0.267
0.437
0.447
0.188
0.264
0.284
0.218
0.229
0.081
0.012
0.002
0.001
0.002
0.031
0.035
0.007
0.003
0.002
0.001
0.001
0.010
0.030
0.030
0.161
0.162
0.006
0.032
0.632
0.631
0.425
0.112
0.078
0.038
0.038
0.029
0.049
0.049
0.022
1.508
1.511
0.003
0.062
0.089
0.133
0.138
0.159
0.161
0.271
1.453
1.453
1.183
2.648
2.755
1.100
1.123
0.576
0.575
0.005
0.002
0.005
0.159
0.159
0.167
0.176
0.148
0.155
0.353
0.353
0.081
0.081
0.191
0.272
0.370
1.520
1.523
1.385
1.389
1.825
1.825
0.440
2.485
4.431
4.487
0.720
0.984
0.985
0.959
0.959
0.082
0.085
0.054
0.051
0.383
0.615
0.615
1.916
1.934
0.686
0.115
0.562
0.568
0.401
1.010
2.960
2.960
0.460
0.335
1.165
1.205
0.259
0.151
0.012
0.042
0.252
0.608
0.608
0.431
0.676
3.927
3.987
1.618
0.650
0.282
0.304
0.304
1.103
1.103
4.310
16.222
16.237
1.693
0.806
0.267
0.037
0.226
0.345
0.843
1.099
5.873
5.884
3.991
29.938
49.494
49.501
0.750
1.771
1.778
4.551
4.549
1.538
1.554
0.584
1.612
2.567
2.570
1.020
0.666
1.281
2.707
2.726
2.384
2.391
2.243
2.251
0.732
0.740
0.872
0.872
1.445
1.445
5.562
5.986
7.228
7.283
5.569
5.612
4.946
8.455
8.826
13.157
13.192
5.742
5.767
2.694
2.225
2.773
2.773
2.827
6.029
7.119
7.124
3.197
8.574
8.574
1.885
4.549
4.785
4.785
1.450
10.118
10.123
0.868
2.481
29.191
35.491
35.905
6.216
11.381
11.914
1.490
8.586
12.499
12.690
16.097
18.214
14.404
14.404
3.357
3.457
5.362
6.104
5.399
4.225
5.191
10.288
10.574
5.191
9.731
28.070
28.273
1.784
6.515
7.719
4.623
3.942
4.233
4.312
7.391
7.424
2.913
2.169
2.553
2.553
2.128
7.001
9.227
9.645
2.895
5.839
5.854
3.114
3.116
0.805
0.363
0.363
0.601
1.053
2.041
2.130
1.542
3.462
3.464
1.525
2.266
2.562
2.570
1.754
1.710
2.808
3.203
3.202
1.381
3.101
4.837
4.845
9.021
43.091
45.153
3.858
0.342
0.298
0.189
0.052
0.036
0.040
0.040
0.008
0.133
0.137
0.077
0.242
0.250
0.072
0.113
0.278
0.298
0.213
0.226
0.221
0.117
0.077
0.014
0.308
0.308
0.018
0.096
0.097
0.065
0.181
0.197
0.180
0.125
0.509
0.511
0.516
0.528
6.532
7.377
5.206
0.742
0.497
0.022
0.022
0.001
0.005
0.037
0.094
0.094
0.021
0.023
0.032
0.031
0.038
0.038
0.008
0.129
0.302
0.309
0.307
0.307
0.019
0.077
0.078
0.551
0.578
0.674
0.692
0.420
0.474
0.494
0.082
0.101
0.240
0.496
0.515
0.395
0.078
0.078
0.049
0.037
2.892
3.087
0.175
0.001
0.009
0.115
0.118
0.034
0.002
0.059
0.062
0.076
0.078
0.038
0.266
0.350
0.350
0.045
0.005
0.011
0.470
0.470
0.115
0.123
0.414
0.415
0.168
0.156
0.025
0.164
0.651
0.670
0.490
0.509
0.535
0.544
0.330
0.335
0.031
0.032
0.278
10.637
10.651
0.166
4.241
4.242
0.298
0.304
0.385
0.751
0.752
0.140
0.168
0.126
0.148
1.205
1.205
0.193
0.173
0.175
0.374
2.419
2.419
1.024
1.034
0.410
0.435
0.448
0.255
0.273
0.147
0.154
0.156
2.801
2.801
1.032
1.033
1.164
1.165
0.374
0.001
0.006
0.158
0.160
0.088
0.496
2.451
2.460
0.980
0.299
5.572
5.576
0.763
0.517
0.145
0.117
0.060
0.060
0.034
0.015
0.037
2.104
2.104
0.774
0.415
0.305
1.225
1.225
0.168
1.505
1.506
0.638
0.430
0.455
0.961
0.963
0.905
1.180
1.474
1.474
1.761
1.761
1.743
2.335
2.355
1.568
3.446
3.453
3.305
1.941
1.945
0.875
1.152
1.175
0.639
0.742
0.755
0.322
0.991
0.991
8.765
9.142
1.737
0.740
5.022
9.035
9.035
5.891
6.236
3.202
1.297
3.260
3.356
1.802
4.725
4.741
21.254
23.262
5.142
2.771
0.920
3.523
3.599
0.498
0.482
0.260
0.731
1.694
3.123
6.511
6.549
7.209
8.330
3.729
4.665
6.581
6.592
4.324
6.105
29.102
29.102
5.310
5.310
4.838
8.045
8.149
4.647
3.878
3.033
5.756
6.658
10.340
41.228
42.058
26.829
13.569
2.388
1.279
4.745
9.216
9.464
5.513
5.720
4.373
5.281
5.369
7.566
7.978
13.043
13.775
4.471
14.348
15.183
14.869
6.961
5.303
5.357
9.315
10.109
5.838
5.843
3.094
3.094
3.424
3.424
3.796
3.796
4.655
11.599
11.772
14.526
14.920
5.087
13.965
16.049
9.250
14.991
15.725
7.020
9.655
9.661
2.533
8.251
11.961
12.134
3.792
2.998
5.379
5.423
3.430
5.556
5.904
5.238
1.455
1.455
6.111
6.301
2.147
2.884
5.370
5.481
4.369
4.198
4.149
4.092
5.035
8.201
8.457
3.721
0.573
0.317
0.238
0.741
0.798
0.833
0.857
0.857
1.025
1.043
0.478
0.214
0.206
0.420
0.802
0.815
0.430
0.430
0.071
4.039
4.058
3.839
3.924
3.074
0.768
2.111
2.142
1.185
0.396
0.156
0.184
0.193
0.069
0.069
0.011
0.151
15.010
15.389
2.022
0.105
0.001
0.002
0.024
0.025
0.018
0.031
0.034
0.022
0.022
0.287
0.301
0.079
0.341
0.355
2.804
2.870
1.521
0.249
0.026
0.035
0.032
0.001
0.005
0.060
0.468
0.498
0.162
0.171
0.198
0.201
0.017
0.017
0.022
0.022
0.179
0.180
0.211
0.292
0.311
0.313
0.328
0.111
0.079
0.175
0.425
0.439
0.157
0.003
0.058
0.160
0.168
0.058
0.023
0.060
0.062
0.039
0.276
5.510
5.870
1.784
0.010
0.036
0.127
0.133
0.273
0.416
0.469
0.487
0.045
0.017
0.022
0.108
1.328
1.368
1.211
0.196
0.200
0.035
0.040
0.055
0.094
0.119
0.259
0.554
0.570
0.310
0.315
1.220
1.347
0.163
0.007
0.007
0.002
0.022
0.022
0.160
0.885
0.928
0.350
0.150
0.150
0.006
0.189
2.046
21.264
21.280
1.432
0.315
0.788
0.858
0.337
0.029
0.384
1.129
1.141
0.345
0.178
0.059
0.273
0.285
0.257
0.185
0.045
0.002
0.195
1.907
1.912
0.322
0.356
0.625
0.625
0.075
0.003
0.092
0.408
2.153
2.173
1.278
0.185
0.189
0.540
0.566
0.522
0.522
2.312
2.312
0.655
0.730
0.454
0.463
0.442
2.833
2.842
0.156
0.500
0.507
0.460
1.277
1.277
0.333
2.285
2.296
0.610
0.366
0.073
0.198
0.705
0.719
0.509
0.509
0.970
5.086
5.102
4.147
4.151
1.183
0.277
1.784
1.788
1.291
6.129
6.135
0.494
0.774
0.774
1.461
1.462
3.046
3.046
1.956
1.903
2.050
2.052
1.185
3.832
5.787
6.564
6.575
1.497
2.419
2.440
1.876
1.950
1.950
1.841
2.334
3.128
3.129
2.702
0.927
10.260
10.344
3.883
4.646
1.025
1.038
0.932
1.713
1.713
3.493
3.493
2.374
4.362
4.389
6.093
17.161
18.794
11.405
9.115
2.095
2.281
2.601
7.127
11.929
12.168
9.736
12.723
31.295
31.588
19.801
8.044
8.460
9.087
9.168
6.092
4.898
4.963
2.065
3.768
3.773
2.324
9.801
12.763
17.888
20.018
20.429
5.525
7.184
7.271
5.909
8.541
10.741
10.822
2.730
3.644
8.709
9.266
5.595
7.438
14.520
14.558
10.498
10.796
10.042
8.538
5.743
5.781
5.265
5.265
11.638
12.094
4.907
7.464
8.245
7.523
43.658
47.653
23.873
11.090
6.438
0.223
10.031
11.817
2.985
1.227
0.906
1.156
1.156
1.210
1.210
1.276
1.272
1.301
1.301
1.557
1.897
3.349
5.028
8.134
8.797
6.120
4.781
4.999
4.789
3.396
3.135
5.032
13.414
14.363
13.389
7.286
2.871
2.816
6.418
6.883
18.371
18.686
18.439
1.969
0.055
0.046
0.077
0.404
0.670
0.696
0.442
0.381
0.381
0.140
0.143
0.076
0.364
0.364
0.368
0.372
6.275
6.637
2.750
0.157
0.035
0.801
13.020
13.020
0.006
0.147
0.485
0.501
0.373
0.045
0.222
0.224
0.528
0.562
0.149
0.305
0.691
2.747
2.749
1.347
0.523
0.002
0.001
0.023
0.024
0.453
0.771
0.774
0.549
0.549
0.002
0.002
0.002
0.002
0.002
0.002
0.001
0.001
0.001
0.001
0.001
0.002
0.002
0.007
0.007
0.004
0.004
0.002
0.026
0.026
0.006
0.327
0.472
0.474
0.081
0.015
0.025
0.039
0.073
0.073
0.063
0.064
0.080
0.085
0.048
0.050
0.141
0.335
0.341
0.110
0.113
0.054
0.047
0.084
11.536
11.584
1.215
0.856
0.875
0.650
0.428
0.631
0.926
0.955
0.205
0.185
0.186
0.003
0.027
0.386
0.529
0.542
0.662
1.095
1.100
0.246
0.255
0.130
0.095
0.438
0.453
0.620
0.633
0.118
0.300
0.324
0.170
0.158
0.236
0.329
0.333
0.194
27.859
27.873
0.479
0.451
0.350
0.410
0.421
1.010
1.468
1.575
0.430
0.123
0.033
0.006
0.010
0.033
0.068
0.142
0.181
0.214
5.370
5.574
1.024
1.038
0.781
0.273
0.010
0.917
0.955
0.864
0.196
0.170
0.175
1.365
10.106
10.106
2.581
2.583
0.020
0.004
0.000
0.000
0.052
0.058
0.058
0.002
0.333
0.333
0.257
0.452
0.581
0.596
1.024
1.024
0.089
1.056
2.003
2.231
2.267
2.268
1.306
1.326
2.671
2.671
1.321
1.325
0.562
1.169
1.201
0.522
0.624
0.626
0.099
0.403
0.592
0.603
0.097
0.128
0.128
0.842
0.846
0.695
0.395
0.127
0.049
0.183
0.449
0.772
0.772
0.571
0.571
0.739
0.739
0.439
0.373
0.235
1.106
1.106
0.420
0.869
2.784
2.788
0.796
0.169
0.530
0.652
0.653
0.491
0.866
0.980
0.980
0.545
0.414
0.391
2.473
2.929
5.331
5.879
4.176
1.942
1.963
5.217
5.260
0.559
1.345
1.345
0.900
1.757
1.768
6.616
22.739
25.245
8.211
2.034
4.621
11.763
11.790
10.027
11.915
10.890
3.601
3.162
3.183
3.487
3.484
3.222
9.289
13.795
34.578
38.190
38.260
1.432
1.464
1.342
4.475
8.413
8.426
5.287
14.268
16.237
8.937
8.579
11.686
11.833
4.520
5.996
6.079
11.468
11.705
6.233
12.152
12.932
5.331
5.389
2.787
8.484
8.484
5.500
5.357
3.177
3.895
3.899
5.760
5.971
5.971
4.485
4.488
3.245
3.248
2.598
2.598
3.548
3.566
3.009
7.490
9.809
34.213
34.241
4.342
0.983
1.097
1.844
1.848
2.684
2.880
2.987
9.582
11.617
11.617
1.544
1.544
0.878
0.779
0.699
0.699
3.074
5.686
5.700
6.498
26.761
28.400
33.108
37.014
21.132
9.775
11.296
5.459
3.825
1.384
0.482
0.354
0.014
0.019
0.047
0.071
0.326
0.608
2.218
4.207
4.231
1.099
0.221
0.038
0.038
4.567
4.649
3.533
0.098
0.104
0.074
0.055
0.421
0.429
0.171
0.187
0.136
0.168
0.182
0.123
0.988
1.014
0.555
0.196
0.008
0.004
0.001
0.001
0.016
0.027
0.069
0.099
0.114
0.146
0.174
0.185
0.139
0.114
0.114
0.059
0.059
0.040
0.086
0.086
0.001
0.001
0.002
0.004
0.028
0.095
0.346
0.414
0.439
0.115
0.116
0.022
0.213
0.230
0.138
0.071
0.063
0.006
0.001
0.001
0.015
0.070
0.072
0.140
0.893
0.930
0.449
0.452
0.149
0.067
0.067
0.111
0.115
0.140
0.150
0.148
0.098
0.003
0.032
0.032
0.005
0.078
0.084
0.093
0.108
0.044
0.409
0.426
0.141
0.077
0.187
0.365
0.371
0.041
0.037
0.015
0.001
0.004
0.004
0.066
0.066
0.076
7.080
7.740
3.491
0.237
0.129
0.101
0.145
0.150
0.117
0.110
0.076
0.451
0.451
0.209
1.459
1.459
0.397
0.025
2.393
2.403
1.812
1.822
0.052
0.079
0.136
0.137
0.238
0.252
4.407
29.960
31.976
6.858
0.365
0.681
0.683
0.045
0.462
9.332
9.332
0.016
0.307
0.325
0.114
0.282
0.282
0.004
0.069
0.088
0.093
0.093
0.181
1.805
1.807
0.018
0.020
0.049
0.071
0.077
0.711
0.711
0.029
0.223
1.072
1.073
0.250
0.084
0.166
0.182
0.110
0.626
0.628
0.540
0.326
0.329
0.046
0.272
0.273
0.439
0.439
0.039
0.040
0.054
0.317
0.328
0.201
0.019
0.211
1.697
1.905
1.905
1.053
0.501
4.712
7.108
7.397
3.955
0.865
0.865
0.141
0.678
0.710
0.710
0.275
0.587
2.881
2.902
1.623
1.623
0.309
0.046
0.082
3.481
3.481
3.134
3.155
1.766
1.776
0.850
1.473
1.496
1.350
1.787
2.695
2.700
1.450
1.559
1.559
0.817
1.154
3.642
4.990
15.466
25.356
26.842
26.000
1.333
0.297
0.546
0.848
2.421
4.639
4.644
4.121
4.121
2.204
2.562
2.567
5.162
5.624
5.930
6.062
2.991
3.014
2.299
15.091
16.679
9.500
7.390
7.447
7.776
8.370
8.464
6.966
5.972
5.964
3.446
5.166
10.474
14.232
20.655
21.039
17.199
15.935
6.501
6.600
6.158
6.562
3.524
3.847
3.850
15.463
16.819
20.098
20.271
14.229
15.840
8.951
4.700
6.039
6.039
8.544
8.564
8.278
8.696
7.470
12.305
12.476
3.375
4.699
6.735
8.332
8.794
6.096
12.456
12.655
6.894
3.054
5.486
5.489
3.230
3.230
6.571
6.573
2.140
2.953
4.665
4.763
7.409
7.441
3.201
7.427
7.510
7.259
4.954
4.694
2.386
2.391
4.821
10.889
11.078
6.620
0.690
1.303
2.748
2.750
2.443
1.930
5.081
5.089
3.535
1.804
1.061
0.908
2.316
4.266
4.270
1.435
0.797
0.797
0.740
0.813
2.835
2.835
3.425
3.430
2.365
2.756
4.277
4.314
3.636
7.652
8.015
1.479
0.049
0.002
0.373
0.771
0.771
17.987
31.595
32.755
7.279
0.149
0.708
0.978
1.002
0.335
0.147
0.002
0.075
0.268
0.273
3.056
3.121
0.394
0.566
0.627
0.633
0.497
0.497
0.187
0.026
0.031
0.062
0.069
0.054
0.026
0.026
0.000
0.009
0.036
0.037
0.014
0.056
0.060
0.032
0.027
0.027
0.016
0.003
0.017
0.017
0.002
0.004
0.014
0.030
0.405
0.453
0.212
0.043
0.049
0.045
0.059
0.073
0.154
0.165
0.174
0.239
0.979
0.995
0.052
0.008
0.001
0.000
0.109
0.310
0.348
0.177
0.093
0.057
0.004
0.018
0.026
0.166
0.373
0.378
0.054
0.064
0.109
0.112
0.025
0.242
0.764
0.812
0.364
0.058
0.588
0.594
2.354
2.354
0.005
0.061
0.395
0.401
0.088
9.267
9.277
0.016
0.019
0.229
0.233
0.565
0.573
0.143
0.233
0.233
0.017
0.018
0.006
0.009
0.011
0.066
0.070
0.851
0.860
0.626
0.648
0.410
0.419
1.551
1.556
0.236
4.577
4.611
12.272
12.280
0.020
0.033
0.156
0.525
3.786
3.859
0.656
0.109
0.828
1.769
1.890
3.537
3.554
0.319
2.739
3.071
0.442
0.461
0.370
0.237
0.279
0.412
0.415
0.366
0.910
0.910
0.111
0.065
1.507
1.524
0.815
0.484
4.399
4.401
0.141
0.147
0.050
0.050
0.085
0.085
0.252
0.266
0.088
0.481
1.889
1.943
0.736
0.043
0.732
0.733
0.999
1.000
0.374
2.157
2.159
1.273
0.754
1.047
1.059
0.319
0.665
0.670
0.169
0.029
0.317
0.319
0.309
0.433
1.256
1.256
1.272
1.272
0.922
4.884
5.030
3.383
3.829
3.628
2.937
1.239
0.755
0.763
0.896
0.900
0.506
0.523
0.420
0.352
0.352
0.086
0.240
1.994
2.071
1.209
1.012
1.128
2.834
11.539
27.229
57.289
57.293
0.159
0.094
0.665
0.670
0.117
0.117
0.127
3.778
3.788
1.503
7.297
7.307
9.353
10.562
2.706
3.722
5.225
5.225
2.356
3.382
3.824
5.540
9.673
9.709
17.757
20.123
11.410
2.453
2.397
10.404
13.959
14.390
13.302
5.272
4.521
4.885
6.316
8.090
8.090
4.401
4.510
3.085
2.410
3.999
5.930
16.033
18.497
17.028
12.426
11.599
6.148
5.636
4.298
3.819
19.313
20.913
6.909
3.351
8.204
8.209
3.324
8.188
8.618
5.579
5.598
5.573
5.624
3.516
3.528
3.700
3.732
3.235
3.235
3.019
6.038
11.076
24.604
24.820
8.496
4.490
4.497
10.560
14.598
15.076
4.108
2.630
5.133
8.280
8.503
6.038
1.216
3.446
3.758
5.414
5.580
3.191
1.256
1.256
1.934
2.596
2.596
2.679
6.112
6.472
4.883
3.888
3.864
3.888
3.036
3.064
1.474
3.599
3.599
14.855
24.747
25.857
13.797
1.042
1.597
3.642
3.892
1.312
0.226
0.357
1.205
1.205
0.530
0.532
1.703
1.703
0.434
0.369
0.241
0.292
0.299
0.055
7.126
10.418
10.489
0.224
0.027
0.246
0.246
0.040
0.059
0.059
0.044
0.045
0.349
0.354
0.335
0.500
0.530
0.123
0.051
0.152
0.344
0.466
0.595
0.674
0.683
0.008
0.002
0.028
0.097
0.441
0.451
0.086
0.086
0.035
0.093
0.739
0.739
0.157
0.155
0.119
0.395
0.407
0.127
0.023
0.023
0.303
0.310
0.027
0.007
0.001
0.002
0.001
0.014
0.022
0.023
0.019
0.083
0.223
0.232
0.161
0.068
9.352
22.129
22.691
9.429
0.270
0.008
0.002
0.002
0.069
0.072
0.490
0.514
0.083
0.123
0.140
0.150
0.055
0.056
0.014
3.597
8.816
13.768
13.968
0.754
0.244
0.389
0.432
0.433
0.001
0.001
0.002
0.002
0.003
0.028
0.030
0.035
0.035
0.001
0.002
0.002
0.328
0.495
0.323
0.125
0.359
0.678
0.690
1.218
1.237
0.218
0.055
0.054
0.249
0.258
0.113
0.113
0.347
0.520
0.543
0.551
0.209
0.569
0.574
0.324
0.436
0.436
0.029
1.554
1.569
0.484
0.180
0.180
0.002
0.007
0.058
4.681
4.701
0.571
21.380
21.891
8.407
1.238
0.571
0.449
0.463
0.371
0.305
0.209
0.038
0.010
0.215
0.282
2.857
2.916
0.971
1.148
1.155
0.185
0.045
0.022
0.559
0.559
0.100
0.006
0.313
0.314
0.372
11.446
11.460
0.935
1.011
5.136
5.161
0.620
0.539
0.546
0.594
0.438
0.072
0.163
6.594
8.059
6.137
2.206
2.237
0.864
2.208
2.209
0.050
0.003
0.777
0.779
0.404
3.062
3.069
1.175
0.604
1.693
1.693
2.327
2.819
0.858
0.204
0.157
0.053
1.428
1.428
0.007
0.009
0.688
0.692
0.110
1.377
1.378
1.627
1.641
0.507
0.031
3.265
4.061
3.397
5.365
5.857
2.253
9.358
10.470
4.901
0.136
10.805
12.473
8.987
2.222
0.295
0.165
0.165
0.591
0.609
1.383
2.824
7.557
16.325
17.524
8.024
5.855
5.442
1.081
1.170
1.188
2.505
2.517
1.849
6.948
12.207
12.721
4.863
5.300
9.205
14.003
14.671
2.954
0.815
0.815
1.741
4.264
4.264
5.172
5.264
3.762
2.745
9.584
9.966
2.823
0.930
5.876
5.886
0.884
1.865
2.072
2.077
1.234
1.239
1.022
0.838
0.806
1.405
1.405
0.939
0.636
1.501
1.501
1.437
3.747
4.100
3.453
2.194
10.923
11.550
11.393
1.386
0.838
2.160
2.219
0.813
1.249
3.409
3.414
3.742
12.906
12.911
10.580
11.750
12.373
7.861
1.915
1.636
0.343
5.623
21.757
22.134
4.761
6.079
6.083
6.267
6.395
7.932
9.052
8.308
1.219
1.219
0.020
0.140
1.502
1.639
2.248
2.266
1.721
1.741
2.461
2.464
1.091
2.178
11.537
11.685
4.905
2.097
0.994
1.120
1.172
0.703
0.609
0.122
0.099
0.082
0.394
0.436
0.448
0.099
0.014
0.005
0.022
0.031
1.337
1.369
1.170
0.607
0.608
1.332
1.337
0.236
0.018
0.003
0.165
0.200
0.523
0.542
0.432
0.085
0.081
0.115
0.178
3.428
3.456
1.981
0.882
0.074
0.290
0.644
0.650
0.655
0.486
0.209
0.212
0.197
0.200
0.009
0.003
0.011
0.011
0.639
0.666
0.536
0.011
-0.000
0.003
0.027
0.030
0.007
0.002
0.096
0.233
0.235
0.041
0.184
0.729
2.008
2.034
0.108
0.008
0.019
0.019
0.001
0.015
0.114
0.463
0.487
0.501
0.513
0.339
0.085
0.428
0.457
0.163
0.401
0.416
0.208
0.279
0.288
0.214
0.008
0.001
0.001
0.001
0.231
0.470
