20150101
2.694
10.625
17.636
17.989
0.808
0.718
1.062
1.070
0.574
0.508
0.001
0.002
0.005
0.036
0.044
0.071
0.128
0.128
0.047
0.002
0.016
0.421
0.716
0.515
0.137
0.287
0.518
0.528
1.117
1.134
0.274
0.276
0.080
0.198
0.203
0.171
0.172
0.392
0.499
0.516
0.389
0.236
0.702
0.703
0.901
0.914
0.674
0.328
2.663
2.694
0.598
0.782
0.782
0.273
0.279
0.218
7.517
7.544
0.477
24.238
24.927
10.657
1.301
0.517
0.653
0.667
0.366
0.354
0.278
0.073
0.058
0.590
0.627
3.709
3.765
1.196
1.387
1.397
0.337
0.340
0.271
0.574
0.931
0.931
0.448
1.181
1.182
0.918
16.110
16.122
1.262
1.352
10.112
10.133
0.786
0.628
0.587
0.645
0.666
0.200
0.633
11.066
13.248
9.849
3.938
3.972
2.662
4.055
4.055
0.867
1.678
1.684
1.414
1.502
5.658
5.681
2.771
1.478
3.589
3.591
5.464
6.948
1.663
0.504
0.532
0.532
0.695
0.695
0.856
0.858
1.355
1.506
1.535
1.432
1.830
1.875
2.853
2.855
2.028
10.525
13.066
5.545
6.105
6.486
3.618
13.796
15.380
10.245
2.205
29.505
32.544
16.041
5.359
1.312
1.453
1.453
2.417
2.452
3.114
6.860
27.108
41.265
43.398
16.845
7.527
6.446
4.319
5.613
5.696
7.002
7.084
4.313
11.185
18.671
18.931
8.898
10.458
14.688
22.488
23.587
5.938
2.353
2.358
2.174
5.568
11.301
12.987
13.180
5.457
6.447
18.803
19.448
4.269
0.838
4.789
7.286
7.838
3.150
3.500
3.500
3.615
3.615
2.059
1.884
2.243
3.624
3.624
1.966
1.966
2.584
2.584
3.168
7.450
8.160
5.834
3.791
22.389
23.579
15.488
5.344
3.889
6.892
6.990
1.959
4.007
6.759
9.683
11.270
27.508
27.512
14.405
18.441
19.636
12.230
3.478
3.487
1.788
13.137
29.330
30.623
12.853
13.558
13.558
13.902
14.377
17.483
19.895
11.117
5.095
2.969
0.385
0.522
2.677
3.733
5.538
5.558
4.016
4.024
3.739
3.742
3.179
8.740
15.940
16.165
10.487
5.900
5.302
6.101
6.366
2.680
1.554
0.580
0.265
0.168
1.156
1.907
1.953
0.348
0.233
0.082
0.113
0.113
6.362
6.414
3.408
1.242
1.248
1.850
1.858
0.931
0.247
0.224
0.417
0.527
0.650
0.834
0.834
0.238
0.243
0.232
0.308
3.489
4.673
4.682
0.594
0.448
0.974
1.451
1.470
1.327
1.054
0.541
0.547
0.659
0.670
0.202
0.013
0.267
0.346
0.975
1.301
1.306
0.203
0.009
0.003
0.019
0.024
0.019
0.016
0.289
0.899
0.917
0.108
0.283
0.855
3.045
3.064
0.337
0.033
0.430
0.435
0.118
0.018
0.398
0.668
0.694
0.713
0.728
0.621
0.169
0.535
0.558
0.440
0.898
0.923
0.414
0.429
0.281
0.247
0.013
0.001
0.001
0.001
0.429
0.527
