19950101
0.243
0.246
0.213
0.218
0.188
0.196
0.080
21.158
21.171
0.715
0.372
0.698
0.698
0.217
0.991
9.480
14.033
14.044
1.848
1.915
1.504
0.886
0.899
0.857
0.397
0.403
0.158
0.872
0.972
1.353
1.357
0.525
0.705
0.725
0.745
2.002
2.004
0.927
3.741
3.871
3.038
1.257
1.799
1.812
6.074
6.171
4.583
2.616
2.647
1.465
1.505
2.714
6.799
11.961
11.982
0.380
1.294
1.315
1.315
0.849
0.718
0.707
0.311
0.423
0.699
5.656
5.665
1.194
1.254
1.262
1.179
0.705
0.725
0.403
0.424
1.917
1.922
1.028
2.005
2.009
0.742
2.636
5.499
5.698
23.104
24.098
2.722
3.255
3.275
1.819
0.338
0.638
0.653
0.410
2.518
2.745
1.140
1.903
4.440
4.526
3.453
1.510
1.541
1.789
1.800
1.378
1.921
2.041
2.042
3.656
3.661
1.650
2.760
2.841
2.842
3.225
3.227
4.303
4.455
5.092
5.097
1.120
0.850
0.966
1.010
1.404
1.902
7.184
12.410
12.410
10.139
16.744
16.750
10.902
10.927
10.200
9.431
12.398
12.601
9.055
5.651
2.665
2.592
1.280
2.401
2.407
2.210
3.891
6.076
7.332
7.781
7.897
6.259
6.293
4.921
8.225
8.552
8.614
5.645
5.925
9.979
10.293
13.637
13.712
18.968
27.930
33.158
38.967
37.683
37.984
11.924
12.026
15.678
16.470
10.361
8.955
6.928
7.979
8.088
5.583
42.543
53.925
54.322
8.522
13.814
13.828
12.108
8.661
11.133
11.140
33.079
33.399
6.677
7.958
7.972
7.109
13.159
15.164
16.090
12.978
8.334
7.714
6.440
4.992
4.519
5.180
8.654
16.223
16.258
6.635
8.265
8.522
14.712
14.743
13.916
3.967
4.133
5.465
5.698
5.698
9.965
13.204
13.271
105.778
110.091
74.691
74.944
15.161
4.391
5.879
14.882
14.986
5.594
5.011
8.193
8.193
6.772
8.673
9.185
8.782
14.800
15.399
5.347
0.884
6.786
6.815
9.090
10.270
10.274
6.831
5.297
4.393
4.644
4.648
3.038
2.332
4.409
5.906
6.750
6.750
7.212
7.232
7.322
13.653
16.854
16.971
9.573
6.178
6.178
19.795
43.649
44.416
14.866
2.826
4.635
4.990
5.009
1.931
1.576
1.579
1.029
1.634
2.250
2.527
4.288
4.556
4.531
4.473
3.912
4.508
4.528
0.750
0.753
1.155
1.486
1.493
1.168
1.178
0.660
0.665
0.260
0.260
0.627
0.630
0.614
0.362
0.110
0.454
0.454
0.221
0.023
0.024
35.106
63.432
63.437
1.996
3.584
3.584
1.336
2.436
2.452
0.541
0.555
0.402
1.116
1.120
0.237
0.139
1.496
1.503
1.356
0.993
0.277
0.205
1.039
1.045
0.614
0.683
0.847
0.975
0.977
1.959
2.003
1.032
0.576
0.269
0.829
1.305
1.315
0.407
0.309
1.275
1.284
1.043
1.063
0.964
0.770
0.370
12.475
12.478
0.309
0.752
0.755
0.300
0.666
0.689
0.616
0.980
0.984
0.720
1.827
1.842
0.573
0.954
0.970
0.969
0.659
1.164
1.170
28.151
28.974
23.027
0.285
0.709
0.714
0.371
0.372
0.502
0.533
0.934
0.949
0.738
0.128
0.314
0.370
0.480
0.503
0.429
2.847
2.850
1.055
3.849
3.952
1.677
1.681
11.438
11.819
6.136
0.891
0.448
0.280
0.380
0.628
1.077
12.734
12.802
0.812
0.806
1.459
1.460
3.111
6.193
6.211
0.513
1.161
1.162
0.622
4.008
8.352
8.352
1.711
3.774
5.790
5.792
5.654
7.786
8.062
6.293
4.919
4.942
2.389
2.227
0.382
0.171
0.171
0.433
11.286
11.293
11.501
11.532
8.383
9.096
9.281
13.572
13.613
0.605
0.736
0.738
2.649
2.650
1.214
1.215
0.512
0.346
0.202
0.298
0.436
0.436
0.313
0.542
0.796
1.226
2.153
2.153
0.807
0.523
0.893
0.893
2.394
2.521
4.607
4.613
3.284
5.075
5.121
19.816
20.674
6.795
8.221
12.954
13.175
5.004
9.662
10.931
11.749
6.170
3.088
4.114
11.148
11.172
7.133
6.192
6.583
5.095
3.217
1.860
5.146
5.390
5.838
5.968
6.234
11.490
13.858
13.878
16.635
17.218
12.170
12.254
10.870
10.988
13.559
13.864
9.322
6.791
8.446
8.452
6.237
8.593
9.825
9.830
7.265
7.339
7.056
7.056
4.768
5.028
10.463
13.841
13.926
12.661
12.717
35.609
41.050
28.717
9.938
9.938
8.316
8.316
7.431
7.436
6.261
26.254
28.802
17.191
10.538
10.940
20.512
21.951
47.662
50.245
21.061
18.600
11.662
30.206
32.703
14.775
11.698
7.324
6.424
8.524
8.529
7.502
7.868
7.944
8.941
16.586
17.038
13.463
10.339
6.868
6.877
6.217
24.051
25.309
11.175
11.199
9.133
6.944
6.986
23.163
30.448
30.562
11.859
9.242
14.120
14.543
12.652
9.561
5.652
5.652
5.718
5.718
2.132
5.096
7.134
7.143
9.000
13.446
13.460
11.440
11.843
11.379
8.961
9.330
7.625
7.556
6.740
4.596
3.935
3.935
6.087
6.091
9.575
9.579
6.182
5.473
2.479
2.487
3.346
3.346
6.310
6.315
14.494
14.949
12.677
12.965
8.682
7.621
6.530
3.246
3.476
3.994
8.210
8.245
7.507
7.249
7.727
7.730
7.990
5.113
2.141
2.752
2.797
2.238
2.238
2.212
2.229
1.760
0.821
1.495
1.500
1.039
4.278
4.316
2.217
3.563
5.863
18.317
18.317
2.657
4.547
4.607
1.760
1.044
0.225
0.227
0.087
0.031
2.011
2.058
1.584
2.321
2.325
1.612
1.405
1.405
1.301
1.209
1.210
1.075
0.745
1.165
1.168
2.113
2.144
1.741
0.673
0.131
0.553
1.056
1.073
0.372
0.031
0.045
0.047
0.051
0.099
0.192
0.192
0.341
0.747
0.756
1.882
2.743
2.792
1.691
1.150
1.152
0.063
0.562
2.838
3.313
3.358
1.813
0.289
0.509
0.520
0.346
0.894
0.897
0.061
0.021
0.453
0.746
0.747
0.614
0.372
0.205
0.267
0.441
0.442
0.124
0.105
0.403
0.409
0.399
1.193
1.369
1.372
2.417
6.897
6.910
0.348
0.825
1.307
1.310
0.325
0.266
0.845
2.039
3.396
3.555
2.802
2.812
2.860
2.895
1.124
2.737
2.763
1.952
1.198
1.653
1.828
1.829
0.322
1.577
1.635
0.994
0.440
0.157
2.773
2.788
1.055
1.684
1.686
1.639
4.621
6.944
7.088
3.435
1.577
1.990
2.296
2.299
1.012
1.161
3.605
3.833
6.939
7.008
3.408
3.222
1.335
1.342
1.275
1.747
1.790
5.758
5.810
2.890
2.042
0.794
1.683
1.700
2.567
2.568
2.150
2.966
7.046
8.476
8.478
4.695
4.708
4.940
5.613
5.620
0.901
3.776
4.639
7.763
7.888
5.842
5.644
3.451
3.765
3.765
2.786
1.576
0.545
1.049
4.405
4.422
5.482
5.743
3.565
4.919
6.333
6.551
4.847
6.671
6.831
5.290
3.752
2.893
2.896
1.534
2.902
7.321
7.333
7.023
2.872
2.872
2.111
0.640
0.544
1.292
1.292
1.426
1.426
6.137
7.679
7.700
6.964
9.410
10.132
8.673
7.219
6.416
8.392
8.404
9.559
9.562
6.108
5.762
5.777
3.248
4.117
7.950
8.058
6.931
15.853
16.142
15.149
13.836
10.210
10.696
29.213
29.595
39.800
43.090
10.169
10.174
14.079
16.029
10.039
8.969
6.848
9.310
9.310
17.192
76.156
82.724
37.916
28.510
28.557
25.658
29.841
40.058
75.927
80.441
32.799
8.040
9.726
11.288
29.924
30.776
10.075
32.651
35.343
13.601
13.063
11.359
11.412
8.667
6.117
8.040
8.046
8.833
9.330
9.407
6.531
6.531
5.218
5.222
4.982
7.891
10.451
10.504
7.362
8.748
8.779
13.475
23.937
35.732
35.839
14.655
14.671
12.816
10.630
23.297
25.597
16.693
9.746
9.788
6.345
6.231
6.577
19.370
19.374
3.344
3.344
6.478
15.543
21.701
21.704
8.613
8.528
3.335
4.522
7.471
7.531
6.082
7.126
7.319
8.825
13.151
13.420
6.822
6.860
6.768
6.778
4.617
6.392
7.496
7.521
10.986
11.107
9.179
4.234
3.977
7.914
13.540
13.609
1.560
2.423
2.485
3.014
3.014
1.275
3.176
3.178
0.758
0.562
0.298
0.711
0.719
0.363
1.614
1.865
2.233
2.233
1.304
2.463
2.478
1.684
0.548
1.195
9.497
9.497
0.711
0.755
1.873
1.873
0.713
0.714
0.216
0.944
0.956
0.898
0.899
0.391
0.213
0.159
1.416
1.439
0.806
0.596
0.612
0.392
0.532
0.833
0.842
1.693
1.916
1.931
0.218
0.064
0.439
0.462
0.447
1.372
1.382
0.173
0.088
0.363
3.896
3.896
0.033
0.051
0.062
0.081
0.099
0.997
27.170
29.126
16.660
0.107
6.168
6.467
4.034
0.035
0.092
0.092
0.068
0.176
0.531
0.535
0.241
0.404
0.410
0.184
0.951
0.977
0.435
0.406
0.421
0.144
0.146
0.119
0.017
1.288
1.329
1.203
0.037
0.081
0.081
0.194
1.233
1.567
1.575
1.146
1.179
0.610
0.488
0.332
0.314
0.538
0.539
0.066
0.086
0.136
0.329
0.335
0.194
1.390
1.396
1.179
2.070
2.944
2.976
0.623
0.650
0.665
0.655
0.730
1.633
1.643
0.088
1.733
1.741
0.622
2.138
3.418
3.458
0.897
0.699
1.741
2.437
2.444
1.428
5.872
5.990
3.989
0.134
0.507
1.157
1.181
0.832
3.190
7.356
7.420
3.775
1.766
2.144
2.760
2.780
1.944
1.957
1.174
0.879
0.883
1.466
2.654
2.698
5.207
5.970
12.656
12.661
5.656
2.006
7.104
7.600
6.077
32.595
33.358
10.390
2.618
0.405
0.438
4.190
4.832
6.950
6.953
3.817
3.828
0.585
1.882
1.885
0.735
0.337
0.496
1.240
3.239
5.705
8.321
8.636
8.840
8.840
4.706
4.865
7.312
7.313
6.418
6.554
3.314
3.074
4.328
4.355
6.820
6.824
5.919
6.068
8.849
14.619
14.640
0.475
1.657
2.221
2.351
2.333
8.465
8.465
2.752
9.109
9.109
1.165
3.461
9.353
9.370
8.512
19.283
21.138
12.989
5.886
26.084
26.770
4.145
11.247
22.647
23.039
9.435
9.673
8.882
9.320
7.861
5.666
14.901
17.511
14.771
14.840
7.892
5.435
5.435
8.353
11.001
13.373
13.857
21.004
21.012
7.255
9.082
11.961
16.651
16.744
14.602
13.450
11.078
13.235
16.161
16.248
7.519
15.855
15.863
15.225
15.501
13.174
20.776
20.776
17.107
26.387
28.610
24.281
23.888
25.878
22.757
22.791
28.217
28.312
33.712
34.753
20.866
21.061
12.596
21.540
21.743
9.112
9.311
9.125
15.698
28.711
29.543
13.246
24.018
24.018
7.145
15.567
16.200
16.223
16.314
16.559
26.584
26.874
40.166
40.212
14.067
20.397
22.478
16.211
13.617
13.617
8.627
14.837
20.961
23.082
15.265
6.700
8.821
46.176
46.376
61.927
139.315
145.468
50.015
15.810
16.053
11.377
3.817
3.817
2.933
1.744
0.548
0.548
2.759
2.759
0.286
6.887
7.111
1.762
4.216
5.860
6.289
6.295
4.608
3.886
3.886
7.746
25.001
25.107
4.838
5.951
6.532
7.739
7.792
5.620
1.490
0.626
3.217
3.779
4.733
8.893
9.082
1.448
0.720
0.536
0.456
0.381
1.773
7.192
7.204
2.240
1.237
1.954
2.116
2.157
2.391
2.440
0.751
0.867
0.871
1.720
1.719
3.761
3.761
0.340
0.341
1.214
1.979
4.182
4.465
3.432
5.499
5.543
0.113
0.001
0.224
0.970
4.749
4.765
1.120
0.727
0.158
0.235
0.235
0.104
0.115
0.225
0.226
0.030
0.067
0.068
0.096
0.103
0.080
0.197
0.197
0.185
0.209
0.761
2.398
2.434
1.653
0.925
1.096
0.488
0.016
1.105
1.105
0.245
0.245
0.015
0.296
0.519
0.526
0.438
0.138
0.138
0.001
0.046
0.060
0.200
0.738
0.740
0.117
0.117
0.012
0.015
0.014
1.772
1.804
0.848
0.848
0.400
0.040
0.135
0.135
0.043
0.140
0.141
0.056
0.058
0.037
0.139
0.148
0.162
0.540
0.941
0.947
0.433
0.086
2.755
2.766
0.290
0.035
0.072
0.151
0.734
1.083
1.085
0.480
0.480
0.299
0.125
0.128
0.112
0.106
0.106
0.129
0.134
0.202
0.203
0.690
0.694
0.539
0.539
0.802
2.379
2.381
1.728
0.835
0.507
0.519
1.066
1.066
0.112
1.211
1.212
1.152
1.152
0.587
0.308
0.410
0.419
0.252
0.124
0.076
1.378
1.602
1.603
0.006
0.059
0.193
0.936
1.334
5.197
5.282
7.431
7.457
3.367
3.419
2.875
5.995
6.266
3.008
1.767
1.090
0.714
0.622
2.522
8.841
9.528
6.807
4.094
4.193
30.363
30.382
3.815
0.748
0.443
0.658
0.658
0.704
1.630
5.905
11.582
11.863
8.020
5.339
4.835
6.765
10.389
14.480
14.504
6.594
4.855
6.288
6.296
10.771
10.825
10.702
11.094
10.796
7.856
7.881
8.056
8.297
8.187
3.667
3.254
4.822
9.669
9.681
6.807
13.560
14.798
17.750
14.201
6.313
8.395
8.395
10.616
10.678
6.562
6.571
2.670
7.024
7.048
1.194
2.102
5.221
5.221
6.404
6.404
9.272
13.272
13.331
10.414
10.421
7.821
6.077
7.744
7.863
5.882
11.239
13.418
28.844
33.484
26.470
11.650
31.743
34.208
20.529
8.468
8.893
16.860
53.044
53.148
11.795
5.676
6.418
9.055
29.564
33.588
65.368
65.996
8.341
6.792
9.590
10.045
10.252
17.470
17.637
9.619
9.619
13.303
13.781
14.465
19.658
20.118
14.811
14.229
7.788
8.473
8.571
7.155
7.155
6.573
8.476
8.476
7.667
7.667
5.606
8.874
9.000
10.542
12.698
35.059
35.065
16.275
10.264
14.884
14.979
7.028
9.430
9.746
13.096
21.868
22.816
18.759
19.113
9.146
6.453
14.151
14.202
8.950
5.149
14.513
17.061
14.109
5.434
5.162
6.371
7.770
7.866
7.638
6.285
6.288
4.851
3.834
4.244
4.677
7.478
7.497
5.178
4.896
4.796
6.233
6.233
6.237
13.920
13.958
5.370
3.776
2.711
0.786
5.557
5.612
8.163
8.180
7.733
7.781
5.378
5.393
5.991
7.260
7.793
7.364
4.019
2.134
1.995
4.752
6.705
29.808
93.793
100.201
11.950
0.910
0.286
0.199
0.008
0.319
1.241
1.392
1.392
0.379
0.143
0.335
0.521
0.521
1.210
1.218
0.894
0.903
1.142
1.144
0.366
1.265
1.275
0.875
0.250
0.847
0.896
1.362
3.082
3.140
1.725
0.830
0.003
0.002
0.029
0.168
0.526
0.537
0.715
0.715
0.099
0.215
0.686
1.287
1.297
1.383
1.385
0.571
0.166
0.236
0.237
0.870
0.871
0.363
0.362
0.663
2.380
2.451
0.470
0.006
0.255
0.956
1.091
1.095
1.125
1.174
2.697
2.743
2.544
0.388
1.624
1.627
0.379
0.154
0.159
0.163
0.138
0.145
0.140
1.204
1.254
0.926
0.314
0.674
0.827
0.850
0.522
0.228
0.151
0.007
3.864
3.984
3.636
2.202
3.121
3.205
2.697
0.852
1.327
1.358
2.522
2.652
2.052
9.300
10.193
4.090
0.515
0.526
0.527
0.492
0.633
0.970
0.982
0.706
0.897
0.681
0.167
0.257
0.317
0.554
0.561
0.456
0.556
0.567
0.694
0.704
0.207
0.765
0.961
3.587
3.691
2.076
2.724
2.791
2.327
2.087
0.947
0.955
0.666
0.679
2.424
4.228
4.311
3.850
7.712
7.739
1.795
2.748
2.768
2.524
1.783
1.203
0.996
0.548
10.434
10.437
0.846
3.119
3.121
1.988
1.376
1.376
0.479
1.526
1.530
1.203
1.206
0.294
0.265
0.268
0.112
2.266
2.266
2.077
2.077
1.114
4.155
7.376
7.408
4.563
4.565
2.384
4.222
4.354
3.513
5.169
10.532
10.551
6.811
7.837
8.315
8.421
5.791
7.515
7.538
6.343
2.058
2.502
2.842
2.850
4.753
4.755
4.518
3.000
2.723
2.723
6.836
7.968
8.928
10.137
12.050
43.193
46.287
16.016
14.034
14.037
7.648
11.450
28.329
33.738
33.767
13.004
9.372
8.509
9.268
9.360
2.282
3.683
8.853
13.695
16.156
16.208
9.568
13.447
14.675
13.337
9.695
9.695
7.850
7.124
7.124
16.087
16.110
12.219
51.632
57.765
46.370
16.000
14.657
12.824
12.686
12.686
12.859
12.311
9.648
8.364
15.376
15.440
19.206
41.288
43.632
21.228
12.319
10.631
13.152
13.156
9.979
11.048
11.142
8.454
16.921
17.024
16.359
13.967
14.036
8.480
6.024
9.785
9.837
7.583
7.445
7.905
8.072
6.797
24.822
26.465
25.237
27.947
19.012
8.124
12.909
13.280
12.936
15.876
17.893
15.151
9.923
8.509
8.310
7.168
7.209
7.068
7.073
10.380
10.566
14.766
15.238
5.949
5.985
5.491
5.573
5.614
9.578
10.045
10.204
44.376
45.157
19.062
9.094
11.373
11.623
10.193
31.991
34.345
14.959
19.924
20.923
8.032
4.110
8.475
11.605
11.729
13.310
13.634
10.799
7.963
20.180
20.748
10.818
5.646
5.696
2.654
3.298
3.323
2.217
1.736
1.313
0.868
2.126
2.126
2.037
2.037
1.366
0.941
4.188
4.223
4.867
5.521
1.627
1.896
1.896
0.458
0.475
0.475
2.463
2.475
2.015
6.446
6.765
5.354
3.782
3.851
1.735
6.674
6.712
4.233
0.366
1.664
1.745
1.558
0.054
1.466
2.351
2.381
2.363
2.161
2.837
5.218
7.328
7.527
3.207
3.244
2.864
2.899
2.579
3.471
3.693
3.830
1.712
1.767
4.248
4.454
3.206
0.702
0.391
0.542
0.553
0.375
0.204
0.057
0.031
0.674
0.702
0.514
0.594
0.778
1.146
1.579
1.591
0.281
0.333
0.348
0.037
0.002
0.002
0.006
0.033
0.035
0.021
0.002
0.065
3.157
3.203
1.513
1.230
1.255
1.154
14.966
15.481
3.314
0.275
0.495
0.495
0.376
0.380
0.506
0.517
0.470
0.519
0.520
1.207
1.215
0.413
0.478
0.478
0.133
0.135
0.649
0.804
0.853
0.793
0.796
0.422
0.422
0.073
0.029
0.114
0.114
0.374
0.657
0.667
0.401
0.383
0.393
0.326
0.286
0.844
0.858
1.110
1.583
1.593
0.339
0.340
2.158
2.484
1.953
2.854
3.095
9.452
9.833
3.947
7.787
8.270
7.959
8.111
0.744
0.294
0.653
0.661
0.193
0.284
2.502
2.506
1.442
1.453
1.303
0.843
1.289
1.650
1.657
2.420
2.930
2.945
1.656
1.668
1.025
2.314
2.347
3.042
3.061
1.542
6.273
6.333
2.562
2.574
2.601
2.177
1.256
1.504
1.513
0.575
0.731
0.731
0.885
0.900
1.313
2.477
2.478
1.693
1.304
10.365
10.758
6.784
4.148
2.864
6.716
6.716
2.970
2.970
6.053
6.057
5.700
14.763
14.773
9.546
4.203
7.316
7.514
7.527
3.906
7.403
9.056
9.060
7.473
7.521
8.361
12.420
12.463
10.676
3.520
2.909
3.117
11.662
11.819
6.889
4.779
4.025
9.576
9.603
7.364
7.368
12.154
14.003
11.353
8.200
8.226
9.937
9.989
9.475
9.311
11.341
11.868
11.409
11.042
9.597
9.635
6.130
8.729
9.458
9.458
6.345
6.357
8.527
8.569
7.626
14.434
15.487
13.284
13.873
10.170
12.833
12.833
2.844
7.765
7.769
7.461
7.478
9.892
11.438
11.440
6.936
6.261
7.339
7.339
5.674
14.108
14.108
5.573
8.307
8.355
5.722
5.363
16.663
17.088
11.677
11.690
8.846
12.588
19.449
20.203
13.547
5.757
30.289
33.531
35.954
39.687
24.234
29.803
20.036
15.764
16.247
9.620
9.699
4.410
3.860
7.702
7.757
7.134
7.952
7.952
6.602
8.557
8.856
7.598
11.696
11.709
42.229
48.160
36.219
10.921
14.323
23.387
25.280
24.529
7.305
7.836
8.191
18.647
21.224
16.564
6.505
9.334
9.337
6.102
10.071
37.143
37.415
7.459
7.558
6.827
14.437
14.754
14.862
8.726
7.072
5.562
2.733
4.689
5.720
5.720
5.011
5.287
5.293
5.197
3.719
2.597
3.536
4.146
4.152
3.099
12.333
12.425
7.824
7.858
6.651
46.107
47.058
8.798
12.659
24.605
24.713
9.157
6.235
2.107
0.792
0.666
1.367
1.367
0.695
2.580
2.950
3.041
3.058
1.589
2.671
2.705
2.050
3.240
3.240
1.549
0.626
0.780
1.698
7.031
7.373
2.906
1.466
0.234
0.279
0.291
0.219
0.217
0.539
0.541
0.020
0.161
0.769
2.353
2.380
1.729
6.163
6.172
3.017
3.019
2.917
2.987
1.375
0.233
0.679
0.692
0.478
0.061
0.245
0.458
0.511
0.347
0.810
2.370
3.914
4.038
3.490
0.627
0.623
0.104
0.103
0.080
0.455
0.459
0.188
0.188
0.210
0.212
0.047
0.781
0.781
0.083
0.101
0.247
0.294
0.298
0.114
0.126
0.132
0.045
0.431
0.431
0.037
0.024
0.384
0.473
0.748
1.126
2.874
2.874
1.022
1.018
0.451
3.991
8.963
8.989
2.296
2.305
9.104
9.105
0.223
0.360
1.006
1.723
1.739
2.261
11.039
11.045
0.129
0.376
0.377
0.189
0.602
0.607
0.364
0.801
1.299
5.158
5.162
0.232
3.269
3.442
3.444
0.225
1.443
1.782
1.783
0.651
1.158
4.437
4.534
2.099
1.432
1.003
2.360
2.385
1.148
2.905
2.914
2.793
2.856
1.820
1.237
4.500
6.025
6.026
1.607
1.126
0.918
1.230
1.230
0.644
2.485
3.134
3.257
2.995
2.995
2.428
2.904
2.950
6.140
6.812
6.820
1.137
0.786
1.775
3.511
3.844
4.915
4.989
6.259
6.286
3.557
0.422
1.610
2.196
2.625
3.322
3.322
3.000
4.200
4.200
3.926
5.949
8.788
20.001
20.196
6.873
1.620
3.854
6.177
6.917
6.976
10.354
10.495
7.574
3.926
7.466
7.579
6.051
6.051
10.924
10.934
6.905
6.704
6.431
6.345
8.531
9.190
9.372
6.864
4.058
7.742
7.742
6.911
8.615
25.990
26.076
23.408
5.895
3.305
5.230
7.164
7.178
8.227
8.251
7.266
7.092
7.092
7.933
7.936
6.553
5.274
7.300
11.787
11.798
8.449
5.772
5.816
5.339
8.919
9.894
9.937
7.690
17.400
18.310
14.182
11.678
13.705
14.211
8.720
18.068
18.224
9.576
6.632
4.118
9.536
9.580
8.478
22.176
64.518
67.209
12.428
12.514
19.554
19.738
9.928
9.810
9.356
12.757
12.804
8.540
8.955
15.567
17.074
8.764
6.685
13.159
23.877
32.772
47.464
50.490
44.845
38.733
8.349
33.404
40.069
40.832
33.713
17.824
18.139
14.143
10.721
11.310
7.033
7.149
6.647
6.647
6.188
16.576
30.136
32.887
18.430
11.300
7.521
7.197
6.464
4.649
6.937
24.005
31.034
31.936
19.246
6.864
7.038
6.203
6.348
6.353
4.716
4.716
3.929
2.052
5.756
5.762
10.641
10.830
9.471
5.566
1.408
2.298
2.298
2.789
3.635
6.559
6.594
4.846
4.859
4.062
5.094
6.546
6.546
7.607
7.607
9.464
9.673
26.841
41.845
42.424
11.213
6.145
5.855
5.904
3.380
1.301
4.288
4.476
3.482
6.303
6.337
5.911
5.620
4.514
2.358
2.363
1.577
0.533
0.533
0.697
6.287
6.460
1.600
0.424
2.865
2.963
2.812
1.937
1.356
1.021
1.262
1.292
1.882
1.966
1.140
1.142
0.577
0.550
0.279
0.420
0.421
0.210
0.399
0.400
0.230
0.529
2.239
3.592
3.608
1.573
1.587
1.078
2.535
4.992
5.109
2.659
2.012
0.186
0.713
1.967
1.992
1.563
0.738
0.567
1.720
1.727
0.846
0.064
0.107
0.114
0.098
0.066
0.104
2.064
2.093
1.065
1.574
1.584
0.052
0.082
0.348
2.707
3.246
3.296
2.723
2.521
1.215
0.541
1.250
1.258
1.260
3.742
3.779
2.417
0.960
20.476
21.810
1.729
0.003
0.274
0.274
0.076
0.088
0.091
0.111
0.113
0.200
0.211
0.220
0.111
0.125
0.125
0.001
0.001
0.002
0.021
0.032
0.646
1.322
1.347
0.530
0.530
0.017
1.859
11.055
11.065
8.046
10.434
10.439
0.332
0.405
0.417
1.839
1.854
1.601
0.569
0.577
0.712
1.662
1.787
3.644
3.644
2.514
1.224
1.321
26.621
26.796
1.432
1.434
1.987
3.730
4.254
4.276
3.204
3.213
4.027
4.196
2.946
0.801
0.597
2.247
2.637
2.683
1.555
2.953
2.988
1.763
1.793
5.130
5.326
4.558
1.288
1.144
2.694
3.951
4.360
5.097
5.097
6.264
6.272
3.713
3.722
3.611
4.130
5.167
5.187
8.347
8.566
4.961
1.512
2.192
2.193
0.525
0.745
1.711
1.711
3.176
3.177
2.068
6.567
6.902
7.924
7.925
2.510
5.100
5.107
1.735
1.812
1.923
2.827
3.518
4.389
8.705
10.478
10.484
4.790
5.949
6.346
6.663
3.189
3.211
0.321
0.217
0.260
2.356
4.402
8.072
8.124
4.657
6.363
6.387
11.444
11.522
5.244
9.677
9.695
10.826
10.844
9.414
12.890
13.129
5.771
5.867
4.866
4.561
4.884
6.788
8.622
9.258
9.258
9.188
9.536
9.536
11.912
11.927
9.622
34.679
36.200
33.714
28.069
29.029
12.917
13.054
9.946
6.883
10.436
10.446
8.667
19.366
34.138
34.922
9.658
18.325
50.517
51.412
28.296
14.019
19.116
19.358
27.645
27.819
26.122
11.832
27.652
47.197
47.647
31.073
17.419
16.533
17.004
37.061
37.747
11.133
11.396
16.506
36.535
37.172
21.304
23.152
14.546
11.140
11.140
7.775
7.907
7.401
14.089
17.288
17.343
13.498
17.902
17.959
6.982
5.943
3.699
6.244
10.433
10.462
16.801
16.996
4.971
4.852
11.105
11.639
12.745
11.510
81.416
82.331
7.435
14.022
15.500
8.684
8.646
8.732
6.797
11.267
11.534
5.796
18.092
22.492
22.781
6.871
10.733
10.760
10.339
7.299
4.764
4.324
6.231
13.174
13.177
9.497
9.679
9.892
7.621
7.280
5.556
7.409
7.489
6.860
6.579
6.966
9.914
10.953
10.953
4.552
4.567
4.457
5.173
5.257
5.257
7.448
7.457
2.077
0.580
0.584
0.773
9.090
58.192
58.403
3.237
3.667
3.693
2.165
4.023
4.264
2.732
1.642
1.559
1.568
1.366
0.193
1.194
12.094
35.325
36.414
15.915
0.874
0.777
6.188
6.267
3.402
1.427
0.797
2.049
2.060
3.935
3.984
2.684
2.145
2.145
2.253
2.254
0.348
0.162
0.164
0.615
0.907
1.214
1.268
0.984
0.985
0.878
0.887
0.559
1.629
2.257
2.266
0.834
0.835
0.553
0.535
0.545
0.626
1.119
1.309
1.998
1.999
0.905
1.763
1.775
1.097
0.080
0.002
0.002
0.034
2.902
2.924
0.240
0.383
0.469
0.469
0.360
0.364
0.237
0.139
0.063
11.926
13.446
12.330
0.023
0.070
0.115
0.129
0.171
0.172
0.195
0.256
0.257
0.617
0.617
0.007
0.465
0.962
2.305
2.412
0.775
0.651
0.652
1.670
1.687
0.516
0.517
0.192
7.917
8.103
7.210
0.335
0.348
0.225
0.203
0.437
0.525
0.541
0.340
1.096
1.114
1.682
1.715
1.659
0.212
0.212
0.311
0.552
0.552
1.040
1.040
2.520
3.364
3.364
2.849
2.946
2.584
2.621
6.105
6.330
2.312
1.859
5.007
5.091
2.206
0.439
0.448
0.736
1.848
1.894
1.897
1.351
2.188
2.210
1.302
7.318
7.318
3.664
4.435
4.440
3.058
4.374
4.377
3.793
15.361
20.796
21.077
14.231
14.572
4.836
0.688
0.184
0.327
0.327
0.240
0.668
3.595
3.595
9.590
10.162
5.983
3.411
4.043
5.521
5.521
9.350
9.351
8.415
7.705
4.794
7.132
8.975
9.162
12.564
12.585
5.696
3.595
8.371
9.280
9.058
6.435
6.435
4.278
5.380
5.918
5.933
4.478
1.599
1.450
0.643
1.877
2.508
2.508
1.168
2.250
5.992
13.443
14.074
8.219
8.144
6.776
8.532
8.563
9.433
11.883
12.028
12.165
29.652
29.696
18.577
19.271
11.319
6.627
8.450
8.458
8.175
8.383
8.450
8.241
7.996
7.071
11.783
11.844
6.749
12.194
12.233
8.136
9.137
9.488
10.071
12.539
13.559
8.936
7.508
13.017
17.608
19.855
16.865
16.999
20.114
20.174
11.888
11.923
7.693
3.000
6.705
7.811
11.544
11.844
18.530
19.487
9.832
26.713
34.877
72.170
77.096
37.938
66.098
67.134
31.209
12.562
19.512
19.947
9.385
31.982
31.994
17.414
14.230
12.648
10.305
8.569
21.842
23.358
14.966
13.451
13.973
13.819
9.274
9.280
7.756
7.760
15.346
15.598
10.404
10.413
9.655
10.196
9.482
9.497
4.779
6.475
6.475
5.540
10.775
11.339
9.809
7.007
11.965
11.968
10.048
1.605
12.069
12.091
6.809
6.538
8.141
8.150
4.486
6.762
8.909
8.938
7.151
7.894
6.039
4.848
4.886
7.347
7.521
22.638
22.649
8.207
8.245
8.094
6.808
5.809
5.813
5.576
7.920
7.928
8.294
8.305
4.109
5.376
7.268
9.014
9.474
5.112
8.429
25.586
25.740
6.009
6.438
6.438
7.288
7.291
9.296
29.704
29.824
9.858
3.006
3.488
3.547
2.366
7.244
7.316
0.297
1.038
1.162
1.208
1.091
0.890
0.547
1.171
2.264
2.264
2.453
2.453
0.436
0.179
0.352
0.355
1.243
1.287
1.267
0.795
0.546
1.254
2.058
2.765
2.772
2.633
2.517
2.759
3.712
3.997
3.525
3.537
1.737
5.742
5.914
2.924
1.745
2.284
3.665
3.666
1.934
1.612
1.612
1.606
1.496
0.212
0.526
0.547
0.901
0.904
0.796
0.843
0.403
0.357
0.411
0.415
0.153
1.716
1.737
2.677
2.689
2.423
1.349
0.063
0.337
2.205
2.235
0.650
0.541
0.250
0.378
0.398
0.305
0.002
0.002
0.002
0.017
0.132
0.333
0.335
0.185
0.052
0.163
0.839
2.302
2.330
2.399
2.234
0.299
0.159
0.147
0.147
0.307
3.943
3.985
1.146
0.357
3.006
4.459
18.885
18.886
0.229
0.446
0.455
2.789
2.798
1.810
18.928
19.580
2.459
0.265
0.566
1.783
1.799
1.010
1.017
0.311
0.278
0.198
1.303
1.322
2.665
4.125
4.188
4.567
4.568
0.214
0.181
3.393
4.784
4.805
0.271
0.655
1.385
1.415
2.172
2.173
1.686
1.959
1.984
1.112
0.447
0.533
0.534
0.372
0.931
4.770
4.770
3.583
3.583
1.884
1.665
3.803
4.354
9.448
9.451
2.589
1.915
1.114
5.553
5.562
4.584
6.128
6.195
1.550
0.623
0.629
0.806
0.806
0.710
1.502
1.958
5.082
5.765
4.389
0.658
0.670
0.183
0.120
0.269
0.388
1.426
1.426
0.638
0.504
0.355
1.155
2.054
3.671
3.776
3.398
4.482
6.876
7.078
7.109
4.724
4.909
6.252
6.252
6.239
6.566
9.458
9.693
5.746
5.913
14.202
16.007
4.690
1.912
2.597
2.798
2.817
5.835
8.558
9.601
5.791
5.732
5.737
7.170
10.611
11.238
6.609
7.718
8.170
4.334
3.610
3.061
4.727
4.741
0.938
3.065
6.718
6.757
8.983
12.337
12.709
7.301
7.306
5.752
7.801
7.817
5.796
6.457
11.648
19.843
21.003
4.308
14.063
14.258
16.706
42.412
43.056
8.939
6.329
3.398
7.917
7.945
7.462
8.339
8.360
6.600
8.949
8.949
5.916
10.767
12.034
22.531
38.202
39.130
21.773
22.155
14.367
23.936
26.693
19.424
8.906
7.183
47.967
50.661
10.147
9.558
9.712
6.722
7.199
7.199
6.134
6.134
4.883
4.416
6.319
9.380
12.953
12.967
13.479
18.085
32.291
32.310
14.034
14.038
10.193
8.877
7.447
9.308
11.743
12.412
11.518
12.230
18.721
19.204
10.284
8.571
15.014
29.531
29.588
8.136
6.730
5.080
1.574
1.990
4.955
6.246
8.280
8.280
9.333
13.957
15.387
8.409
4.962
5.918
5.918
2.368
1.571
1.571
2.752
2.758
4.626
9.327
9.386
5.457
9.289
15.427
15.836
8.142
4.377
5.000
5.002
7.861
7.861
2.430
1.203
1.367
8.395
16.732
16.974
11.162
4.339
6.457
6.461
2.044
1.614
0.905
0.508
0.110
0.535
0.535
0.261
0.119
2.172
4.504
26.673
26.942
12.680
4.948
4.948
3.100
4.888
4.916
2.154
2.698
2.798
0.887
0.574
0.191
0.102
0.150
0.150
0.074
0.275
0.275
0.105
0.105
0.079
0.468
1.009
1.031
1.001
1.470
3.478
3.658
3.626
1.950
1.204
3.379
3.398
2.444
2.494
1.260
0.259
0.113
0.136
0.246
0.256
0.118
0.174
0.304
0.541
0.541
0.430
0.442
0.176
0.107
0.116
0.117
0.125
0.383
0.385
0.056
0.059
0.061
0.022
0.019
0.124
2.278
2.279
0.468
0.823
0.823
0.179
0.331
0.331
0.013
0.013
0.013
0.012
0.004
0.006
0.035
0.040
0.042
0.057
0.060
0.049
0.041
0.620
1.093
1.143
0.786
0.210
0.270
0.271
0.122
0.130
0.358
0.358
0.065
0.081
0.204
0.204
0.064
0.012
0.012
0.001
0.001
0.049
0.049
0.958
4.027
4.260
0.038
1.011
1.039
1.102
1.827
1.827
0.140
1.220
9.098
9.431
4.635
5.673
5.731
2.547
6.589
6.850
4.610
4.161
8.968
9.247
7.163
2.149
0.533
0.266
0.272
0.183
0.835
2.305
2.323
0.826
0.395
0.178
29.446
31.638
15.756
1.847
1.884
14.709
14.748
2.130
2.134
1.656
1.659
4.211
4.261
3.461
2.579
2.715
2.737
1.483
0.666
0.759
1.042
1.042
4.498
7.037
7.037
2.180
7.325
7.473
5.574
6.726
6.862
5.968
1.602
0.409
0.409
0.154
0.079
0.218
1.167
23.131
25.279
11.408
3.263
4.591
4.597
4.837
4.914
6.151
6.156
4.211
2.426
0.787
1.041
5.757
6.375
6.377
2.665
2.681
5.494
5.599
4.440
10.871
11.041
11.292
5.762
5.768
3.072
3.100
2.670
2.043
5.604
8.178
8.328
8.351
4.282
6.106
7.716
7.718
11.606
12.861
13.276
11.430
11.504
8.387
10.821
10.927
12.091
12.515
12.570
9.047
12.396
12.642
40.135
40.338
14.894
9.263
3.836
3.844
4.538
4.572
5.783
5.842
15.330
15.339
9.725
9.822
14.178
24.708
26.422
45.829
46.117
19.013
18.217
18.226
8.029
4.862
6.951
17.683
17.888
50.517
51.654
10.606
9.249
8.284
8.388
17.821
18.080
13.205
13.451
14.425
20.854
23.155
23.314
13.815
8.597
8.894
9.917
17.779
19.655
14.801
7.611
5.535
4.378
5.096
5.098
7.046
7.053
7.573
9.195
9.314
6.548
6.811
7.459
7.459
1.008
3.343
4.942
6.111
7.544
7.544
1.469
6.811
8.059
8.061
4.975
5.362
6.633
16.312
16.618
48.489
49.319
13.632
13.632
6.685
6.688
6.086
5.309
5.309
4.844
4.847
3.541
7.175
27.909
41.615
41.762
25.050
25.914
10.504
7.452
7.521
8.769
8.772
6.257
18.768
18.768
9.981
16.410
24.146
25.494
20.572
20.725
8.052
2.569
5.975
5.978
5.738
6.395
6.485
5.439
4.037
0.628
4.734
4.988
4.888
2.062
3.681
4.935
4.949
2.918
2.010
1.486
1.487
0.756
0.756
3.376
6.548
6.568
1.656
1.293
2.161
2.161
0.760
0.167
0.167
0.156
0.962
0.965
0.806
0.528
0.825
0.825
2.869
2.875
0.609
0.402
5.381
5.587
3.848
0.555
0.425
0.317
0.336
1.966
3.676
7.215
7.486
5.998
3.697
3.810
2.889
0.883
0.698
0.635
0.922
0.923
0.400
0.238
0.238
0.020
0.003
0.189
0.191
0.437
3.002
3.036
0.234
8.800
8.832
0.265
0.173
0.100
0.427
0.428
0.334
0.341
0.250
0.170
1.036
1.067
0.641
0.501
0.398
3.171
3.237
1.611
0.258
0.341
0.476
0.511
0.417
0.021
0.021
0.113
0.118
0.148
0.440
0.441
0.131
0.236
0.470
1.038
1.128
1.300
1.314
0.832
1.043
1.061
0.966
0.972
0.203
0.021
0.021
0.026
0.026
0.019
0.020
2.503
6.232
6.239
2.521
2.663
8.057
8.320
11.745
12.009
1.591
0.552
0.510
12.467
12.507
3.404
18.277
18.288
1.177
1.194
0.563
0.743
0.749
0.718
0.638
0.708
2.436
14.400
14.419
1.990
2.043
8.196
8.233
0.633
2.690
3.878
3.946
3.235
2.675
2.681
1.136
1.129
0.619
1.726
4.788
4.817
6.551
6.715
1.987
0.076
1.944
7.740
7.882
3.927
4.369
4.377
2.280
2.703
2.706
1.597
1.554
1.563
1.371
2.579
2.579
2.846
5.018
5.066
4.306
4.319
5.313
5.378
4.564
5.371
9.706
9.706
0.868
1.771
3.126
4.685
4.685
5.258
5.261
5.246
7.415
19.885
20.207
10.345
5.358
2.383
0.957
0.277
0.146
0.457
2.274
3.430
12.414
12.414
2.485
6.441
8.179
8.212
9.190
9.295
8.176
6.733
21.797
21.951
11.110
9.847
10.425
10.427
9.739
16.650
17.227
2.978
2.855
4.621
4.621
1.699
0.732
0.732
0.757
1.848
2.397
6.935
9.539
10.550
10.665
7.855
12.109
19.589
19.767
9.361
7.585
11.681
13.596
13.967
31.895
32.102
11.464
10.199
14.285
14.285
6.088
11.118
11.219
9.385
7.085
8.769
8.769
8.731
11.214
11.669
12.711
7.321
7.321
11.546
11.546
7.573
7.609
8.742
17.228
23.394
23.695
18.406
18.530
12.583
12.642
13.889
14.734
28.230
42.512
44.234
31.861
33.606
29.582
38.827
40.142
23.978
24.778
35.451
36.863
15.565
22.278
24.165
13.614
8.592
8.607
6.417
6.417
3.107
7.122
7.122
14.664
20.594
20.798
16.840
28.756
29.059
27.229
10.527
10.867
8.271
3.249
4.549
8.923
9.358
6.233
5.296
7.160
7.188
8.966
9.165
8.786
8.475
11.188
16.906
19.691
39.466
45.925
48.422
17.508
19.875
22.376
14.939
4.550
6.984
6.984
12.028
12.176
7.222
7.496
7.501
7.200
7.200
1.999
0.746
8.233
20.436
21.240
6.113
7.420
7.438
6.373
4.202
3.961
2.437
3.590
3.592
3.020
2.244
12.747
12.874
23.803
24.992
6.814
6.965
3.200
3.276
5.169
5.169
0.539
0.329
1.220
2.975
4.666
7.432
7.543
2.493
2.538
1.951
1.973
2.424
2.468
3.665
8.444
8.785
5.416
1.395
3.696
3.899
2.778
2.291
2.307
0.625
0.464
0.448
0.449
0.285
0.220
0.120
0.121
0.023
0.075
0.328
0.330
0.426
0.696
0.696
0.384
0.131
0.001
0.001
0.291
0.804
0.808
0.563
1.174
1.174
0.123
0.089
0.279
0.401
0.406
0.926
0.935
0.389
0.308
0.282
0.296
0.074
0.040
0.020
0.121
0.125
0.102
0.102
0.181
0.201
0.201
0.195
0.145
0.193
0.194
0.130
0.128
0.056
0.064
0.318
0.322
0.078
0.160
0.220
0.220
0.042
0.123
0.356
0.411
0.774
0.774
0.086
0.086
0.228
1.449
1.498
0.662
0.224
1.433
4.682
4.693
1.974
1.984
0.525
0.885
1.448
1.508
1.133
0.369
0.698
0.707
0.723
0.732
0.271
0.529
1.431
1.438
0.424
1.092
1.110
1.039
1.381
1.987
2.022
1.373
5.765
5.788
1.931
1.644
0.251
3.491
3.618
2.938
2.705
1.169
1.225
0.715
1.140
4.712
7.451
7.595
3.646
2.811
5.851
6.322
4.362
5.832
6.110
3.675
1.002
1.487
1.487
3.396
4.272
7.210
7.223
0.545
1.206
1.206
1.534
2.087
2.105
1.703
1.077
2.621
2.627
0.937
1.282
3.262
3.955
3.956
4.533
4.537
10.307
10.311
0.477
0.503
1.509
4.519
9.605
10.699
10.703
5.452
5.487
2.932
1.238
0.116
0.797
1.429
1.432
5.092
5.242
3.799
3.267
3.273
1.354
3.832
10.838
11.000
6.234
9.451
10.521
10.603
9.755
10.376
10.402
5.051
8.096
10.863
11.087
9.334
9.335
6.987
7.008
6.382
8.579
8.708
9.112
8.653
8.631
8.651
8.071
6.733
8.569
8.569
6.971
8.095
11.667
11.727
11.758
11.806
13.610
14.166
15.157
11.411
10.043
7.422
6.691
6.885
11.396
12.574
24.604
27.594
12.708
12.801
14.151
14.378
12.723
14.375
14.453
12.958
10.732
10.781
11.154
11.888
8.458
8.142
14.882
15.023
26.980
29.689
10.417
18.245
27.472
27.575
13.190
15.282
15.282
8.100
11.202
11.422
13.846
20.441
21.010
28.852
30.444
26.889
14.424
23.210
23.249
45.782
47.693
30.064
11.913
21.920
22.076
10.844
12.707
13.794
13.803
11.538
11.821
12.732
13.070
9.633
12.818
17.050
17.050
8.494
9.395
9.726
15.345
16.128
17.077
61.949
64.931
24.412
7.893
38.310
39.008
10.354
10.382
6.240
4.435
16.187
17.730
22.551
33.530
33.913
14.223
7.058
3.887
5.120
7.845
7.871
7.807
3.900
3.435
3.706
3.790
6.547
6.896
6.896
10.932
11.080
7.290
5.928
5.844
5.282
5.288
3.803
3.803
7.897
8.433
8.465
7.096
7.096
4.539
17.460
19.584
18.570
1.398
6.305
6.329
4.034
5.844
6.239
6.243
4.553
2.140
2.427
2.444
2.095
4.391
4.394
2.210
0.596
0.314
0.842
0.844
0.535
0.537
0.390
0.391
0.265
0.590
1.823
2.565
2.638
2.173
2.183
2.172
2.170
1.475
2.253
3.440
3.454
2.461
1.139
0.008
0.124
0.124
1.451
2.529
2.536
0.542
0.543
0.432
0.510
0.697
1.154
1.443
1.461
0.626
2.467
2.727
2.735
0.664
0.136
0.038
0.006
0.006
0.020
0.447
0.470
0.510
0.562
1.150
1.220
2.060
2.062
0.769
0.773
0.750
0.754
0.336
0.285
0.038
0.011
0.021
0.070
0.163
0.166
0.576
1.468
1.477
1.747
4.183
4.188
3.176
3.250
3.158
3.203
1.452
0.954
0.493
1.837
1.853
1.430
0.410
0.296
0.317
0.723
0.735
1.112
1.121
0.582
0.141
0.120
0.011
0.016
0.101
0.211
0.211
0.002
0.001
0.025
0.306
0.306
0.581
0.582
0.456
0.456
0.824
0.825
1.736
2.622
2.639
1.099
0.648
1.172
1.690
1.707
0.623
2.867
2.870
0.302
0.302
0.105
0.137
0.220
0.276
0.279
0.385
1.454
1.454
3.154
6.582
6.739
2.421
2.452
1.828
1.828
0.606
0.606
1.420
3.406
3.490
2.939
0.780
0.298
0.274
0.499
0.548
0.297
0.297
0.323
1.499
1.719
3.711
3.716
4.073
4.078
4.392
4.392
3.291
5.493
7.587
7.602
3.844
5.294
5.297
2.543
2.816
6.461
6.883
7.045
7.129
7.908
7.922
2.050
3.060
3.078
1.165
1.426
5.393
5.431
7.160
7.259
6.145
6.146
2.990
6.799
14.272
14.370
1.104
0.701
0.319
0.141
1.047
2.015
2.015
4.384
4.781
10.038
10.052
4.919
4.919
3.853
2.019
1.073
2.227
3.111
9.737
24.040
24.055
6.181
5.082
5.082
3.423
3.463
2.350
3.018
8.597
17.633
17.699
11.136
37.841
67.048
67.060
3.126
9.763
9.781
5.750
5.752
9.686
9.702
5.316
9.382
12.253
12.323
5.803
2.333
4.237
10.356
11.867
11.949
7.840
7.552
7.914
5.986
6.527
6.703
4.452
6.582
6.594
7.030
7.049
6.917
8.662
17.783
17.841
18.881
19.080
17.365
27.952
27.992
16.961
17.060
6.389
6.063
4.549
5.032
7.291
9.063
9.798
9.798
6.408
13.636
13.690
5.086
8.732
10.696
10.696
3.305
16.907
16.916
3.083
8.175
62.890
67.913
59.220
17.208
19.630
20.419
8.238
25.613
30.149
30.149
52.571
56.895
21.364
16.309
11.130
8.989
9.383
18.562
18.762
30.929
30.937
13.910
14.981
15.761
24.696
50.085
50.317
8.005
17.052
18.774
7.561
6.059
8.715
8.893
10.395
10.487
7.387
7.398
7.330
6.004
5.713
10.206
10.877
11.465
4.573
10.526
10.539
5.098
5.098
1.283
8.564
8.653
2.672
3.730
6.729
6.803
3.437
5.697
5.699
1.769
4.664
6.183
6.312
2.937
6.419
6.419
5.588
4.829
0.950
5.223
9.258
9.263
14.905
62.526
65.824
7.338
3.947
2.690
2.589
2.195
2.295
1.937
1.381
0.399
0.652
0.874
2.295
3.093
3.141
1.510
1.933
1.957
0.922
0.258
0.560
0.564
0.149
0.149
0.098
0.165
0.166
0.143
0.242
0.242
0.219
0.397
0.411
0.340
0.614
0.638
0.597
0.854
0.871
6.143
6.922
5.573
0.824
0.813
1.321
1.329
0.217
0.206
1.169
1.173
0.930
0.105
0.499
0.499
1.609
1.610
1.490
0.829
0.474
0.618
1.601
1.646
1.329
0.109
0.104
0.105
0.265
0.288
0.661
0.679
0.651
0.653
0.329
0.423
0.426
0.335
0.430
0.805
0.821
0.322
0.322
0.817
0.824
3.834
4.164
0.574
0.001
0.008
0.357
0.372
0.072
0.028
0.058
0.062
0.077
0.149
0.150
0.179
0.208
0.208
0.047
0.192
0.299
0.380
0.380
0.250
0.621
0.910
0.910
0.249
0.296
0.296
0.163
0.575
0.702
0.852
0.869
0.483
0.493
0.829
0.837
0.480
0.249
0.249
14.177
14.186
0.188
5.704
5.704
0.268
0.273
0.438
0.683
0.687
1.070
2.319
2.319
1.211
2.164
2.164
1.176
1.867
4.867
9.116
10.553
10.757
3.230
3.259
1.125
0.588
0.597
0.599
0.613
0.522
1.558
2.783
4.921
4.928
2.844
2.723
2.243
2.145
2.161
0.270
1.727
9.548
9.755
5.256
3.970
2.861
3.129
3.133
3.773
15.297
15.301
2.016
1.248
0.587
0.591
0.250
0.250
0.227
0.163
0.755
2.594
2.594
2.271
2.275
1.819
5.210
5.217
6.952
13.509
13.637
5.518
3.362
2.483
1.665
1.650
1.650
2.161
2.594
2.594
6.655
6.981
6.339
4.714
4.724
3.781
10.752
10.858
8.507
9.775
10.274
8.147
6.646
2.889
1.044
1.518
1.538
1.932
5.543
5.631
18.762
20.100
3.834
3.320
13.695
18.211
18.213
9.777
10.058
7.883
7.774
8.945
9.030
7.004
12.795
13.044
47.007
49.902
13.401
5.932
6.527
9.840
9.883
7.355
7.366
4.065
3.745
9.504
9.558
13.834
13.888
37.589
40.728
11.155
10.527
17.152
17.173
8.373
10.170
45.708
45.713
9.807
10.419
11.816
20.511
21.104
15.029
12.538
12.295
12.976
12.966
28.082
79.661
82.796
46.715
20.093
9.283
8.056
9.696
16.400
21.052
21.692
14.430
10.640
16.055
16.349
18.855
19.918
21.460
22.507
9.479
32.832
35.204
34.183
9.137
8.554
8.581
20.639
21.854
10.276
8.538
7.015
6.475
5.767
5.767
6.545
7.090
10.698
20.488
21.703
20.472
20.574
12.026
33.977
38.589
23.096
25.051
26.239
18.117
14.116
14.564
11.351
15.072
22.092
22.432
9.819
9.960
13.073
13.166
6.887
16.631
18.554
15.564
4.608
7.623
11.036
11.213
7.293
7.302
7.513
8.369
8.607
7.055
10.485
10.507
13.554
14.246
12.138
5.657
3.898
3.907
2.588
3.779
3.924
3.818
3.907
3.907
3.013
3.028
1.598
1.598
2.620
6.504
7.796
7.839
2.156
1.903
1.278
4.969
4.979
8.155
8.484
5.732
4.664
9.526
9.611
4.646
1.283
2.613
2.676
0.971
0.283
0.240
0.229
1.121
19.199
19.634
3.991
4.511
4.962
4.112
0.893
0.298
0.256
2.996
3.004
1.205
2.495
5.319
7.259
7.494
6.622
6.796
8.648
8.755
2.790
2.033
0.821
0.623
0.623
0.332
0.528
1.088
1.154
1.178
0.179
0.214
2.054
2.059
0.159
0.048
0.024
0.025
0.276
0.277
0.424
0.447
0.476
0.450
0.681
0.681
1.049
1.252
1.259
0.391
0.450
0.451
0.559
0.571
0.274
0.393
0.397
0.083
0.086
0.021
0.128
6.718
7.279
2.210
0.330
0.330
0.149
0.207
0.259
0.305
0.371
0.392
0.388
0.099
0.641
0.642
0.613
1.548
1.548
1.710
1.719
1.296
0.484
0.486
0.458
0.591
0.607
0.521
0.536
0.910
0.915
0.972
1.046
0.587
1.327
1.327
0.166
0.557
0.557
0.303
0.549
0.572
0.497
0.795
1.803
1.809
1.547
3.532
25.685
25.694
0.683
0.372
0.616
2.056
2.061
1.876
0.323
0.683
0.694
0.362
0.260
0.086
0.232
1.161
1.177
0.981
0.104
0.169
1.402
1.618
1.622
0.532
0.548
2.563
2.603
2.603
1.037
1.485
5.760
11.817
11.834
1.173
0.436
0.445
0.903
2.425
2.749
4.187
6.144
6.218
5.340
5.637
3.107
3.161
2.201
4.010
4.014
0.698
1.633
1.637
1.685
3.550
3.557
3.422
5.432
5.439
4.160
2.541
2.171
1.710
1.713
1.666
1.672
1.472
3.192
5.221
6.978
6.983
6.532
4.291
2.392
7.037
7.821
7.927
10.238
10.305
4.639
3.990
3.993
6.285
7.961
11.962
11.983
11.544
10.804
8.815
8.148
13.487
15.040
15.210
13.257
9.528
5.845
6.673
6.694
5.120
8.651
8.651
5.915
7.909
7.973
7.976
6.441
6.679
28.468
28.615
10.393
11.010
3.839
3.856
6.191
8.272
8.272
8.960
8.960
6.901
14.809
14.822
13.850
27.377
28.570
20.245
14.698
13.686
13.713
8.716
19.464
22.992
20.161
20.897
24.079
46.383
47.258
43.684
15.807
18.034
28.959
29.645
26.110
19.369
19.720
10.785
7.898
6.844
6.590
15.017
33.440
35.435
43.938
45.755
21.948
22.380
18.309
15.607
20.829
21.266
16.855
9.001
14.017
16.088
16.915
23.045
24.213
25.959
24.850
14.916
15.513
19.606
19.850
26.044
28.454
23.873
13.125
14.753
15.009
7.572
12.349
15.188
15.915
77.290
84.922
39.614
28.481
13.342
5.206
47.219
51.719
18.151
20.724
13.342
6.226
4.451
3.816
3.892
4.223
4.222
3.668
3.668
4.004
4.512
9.007
9.184
22.493
24.441
12.185
12.965
13.330
9.062
8.096
8.113
7.836
18.447
20.655
20.969
15.291
8.718
6.913
11.160
12.625
32.428
33.037
24.823
5.343
3.929
3.929
2.722
4.016
4.016
3.342
3.361
0.538
0.486
2.053
2.059
1.519
0.473
0.941
0.941
6.736
16.340
17.473
4.634
1.128
1.129
1.433
14.212
14.212
0.511
0.329
1.488
1.500
1.437
1.584
1.584
4.653
4.843
5.001
5.212
5.641
5.970
7.868
7.988
7.251
4.343
0.065
0.001
1.025
1.680
4.328
4.565
5.062
5.243
4.247
2.484
1.345
1.345
0.583
0.068
0.829
0.842
0.110
0.179
0.182
1.337
1.353
1.277
0.104
0.606
2.430
3.091
3.170
1.494
0.923
0.525
0.926
1.881
2.069
2.088
1.184
1.214
0.858
0.619
0.620
0.499
0.501
0.081
0.084
0.165
0.166
0.154
0.157
0.148
0.129
0.090
0.093
0.032
0.047
14.282
14.307
1.212
0.998
1.018
0.852
0.452
0.455
0.813
0.843
0.253
0.210
1.338
1.592
1.592
1.569
1.617
0.784
0.404
0.798
0.806
0.422
1.803
1.829
1.136
1.227
1.244
1.010
0.830
0.317
0.481
1.058
1.058
0.273
0.144
0.373
0.379
0.075
39.041
39.049
0.377
0.311
0.774
0.786
0.438
0.560
1.234
1.302
0.601
2.051
2.073
1.816
1.148
1.148
0.471
0.471
0.308
0.445
8.764
9.114
1.839
2.259
3.609
3.629
1.529
2.670
2.704
0.872
0.132
0.153
0.156
1.413
11.026
11.026
4.506
4.550
3.779
3.781
0.569
0.774
3.167
3.169
0.717
1.804
3.501
3.802
3.824
1.618
1.152
2.997
3.099
3.099
1.236
5.162
6.167
6.434
5.849
5.850
9.035
9.314
10.858
10.869
4.173
4.177
1.395
1.410
1.294
1.582
1.582
1.631
8.361
8.867
6.886
1.704
0.369
0.644
0.644
1.877
1.888
1.890
1.254
0.449
0.445
0.599
2.459
3.788
3.788
3.052
1.865
3.031
3.031
2.800
2.406
2.679
2.686
1.684
1.823
3.548
5.196
8.004
8.004
4.435
3.436
3.443
1.855
3.654
6.853
6.874
4.830
4.833
4.874
4.874
9.870
10.131
9.111
9.805
9.322
10.434
10.955
16.313
16.449
9.436
9.442
8.596
8.596
9.556
9.794
23.987
39.850
43.044
11.801
9.496
12.820
22.707
22.767
17.956
25.711
26.194
12.213
7.804
7.885
11.888
11.910
7.729
25.673
27.572
56.089
60.590
60.622
7.684
7.690
10.273
10.369
11.993
13.265
13.284
42.089
46.136
22.988
18.833
20.936
21.025
18.667
28.134
28.268
28.281
28.793
11.002
17.222
17.931
27.009
27.687
10.797
18.164
28.970
31.229
11.871
5.164
7.901
9.345
17.864
18.010
12.457
6.372
6.372
5.214
5.214
4.885
7.390
9.613
9.645
6.600
11.210
21.105
48.639
48.721
12.329
9.949
9.852
9.888
6.797
6.297
8.902
9.241
28.820
32.764
32.764
8.212
5.988
4.198
3.155
3.957
4.208
6.928
8.609
13.591
20.056
48.069
50.359
46.680
51.568
28.853
18.507
22.483
16.830
6.205
6.337
5.365
5.374
3.877
5.818
5.818
1.780
5.818
5.880
8.304
8.716
8.752
4.377
3.533
1.491
1.499
8.275
8.412
8.227
1.009
0.358
0.463
0.464
1.232
1.250
1.160
0.316
0.474
0.839
0.846
0.776
1.385
1.417
0.678
0.227
0.392
0.392
0.021
0.043
0.081
0.081
0.407
0.410
0.128
0.183
0.198
0.353
0.739
0.753
0.390
0.749
0.749
0.161
0.075
0.471
0.471
0.001
0.002
0.004
0.038
0.222
0.263
0.406
0.438
0.802
0.839
0.733
0.734
0.520
0.455
0.203
0.098
0.004
0.012
0.012
0.074
1.073
1.710
1.760
1.058
1.078
0.411
0.415
0.174
0.071
0.071
0.118
0.700
0.710
0.229
0.170
0.714
0.714
0.314
0.314
0.009
0.093
0.100
0.073
0.532
0.540
1.027
1.048
0.499
0.055
0.187
0.583
0.592
0.514
0.523
0.292
0.001
0.188
0.195
0.058
0.058
0.063
7.323
8.334
5.333
0.212
0.131
0.086
0.223
0.230
0.233
0.240
0.205
1.289
1.289
0.781
3.290
3.305
2.482
1.440
2.091
2.094
1.029
1.033
0.118
0.391
0.397
0.148
0.216
0.258
4.118
32.154
34.550
7.398
0.502
0.852
0.853
0.542
0.542
11.452
11.452
0.072
0.471
0.484
0.373
0.246
1.648
4.105
4.110
0.507
1.464
1.666
2.511
4.861
4.892
2.411
3.461
3.461
0.445
0.276
1.057
2.467
4.504
4.680
4.228
3.967
3.971
0.740
1.361
1.383
1.961
1.976
2.482
2.489
1.469
1.474
1.455
0.981
0.620
1.408
1.413
1.605
1.635
0.984
1.033
0.739
0.401
0.127
1.000
4.271
5.233
5.980
5.985
3.994
8.397
11.264
11.758
7.487
4.079
4.129
4.195
10.859
11.836
10.293
11.008
9.152
4.520
3.650
3.657
5.786
8.052
9.244
13.907
28.932
30.045
13.437
8.856
4.163
4.426
4.602
10.234
10.490
9.272
9.272
7.547
7.715
8.277
8.746
8.746
6.483
7.945
9.295
9.382
25.382
38.444
41.619
42.518
4.757
2.553
9.345
9.609
10.626
11.135
11.366
11.022
11.818
8.921
9.001
6.900
8.271
8.992
11.187
11.789
10.617
10.084
9.472
30.479
33.235
16.749
15.920
15.949
13.377
13.796
15.190
16.179
12.920
10.695
8.476
10.644
30.168
40.030
47.659
43.255
44.866
40.607
22.059
22.793
14.800
14.171
10.535
12.013
12.054
25.461
30.412
32.679
31.948
30.269
33.012
17.291
10.056
10.103
9.696
5.876
7.945
10.498
17.831
29.682
34.767
34.218
7.510
8.534
18.439
18.720
17.329
12.485
34.611
34.799
16.325
15.168
9.966
9.966
6.354
6.492
10.388
10.388
5.920
7.502
11.380
11.391
8.676
8.786
7.872
13.416
14.711
15.073
10.972
10.989
5.943
8.303
11.212
25.912
26.424
13.103
6.484
6.701
6.667
8.039
8.089
5.826
4.700
6.615
6.616
5.351
3.867
4.833
8.002
8.397
6.700
3.469
3.469
2.595
6.637
6.640
5.445
5.458
4.856
4.712
5.144
5.159
5.681
6.850
6.862
13.769
13.892
6.047
3.708
1.854
2.183
2.183
1.423
18.860
44.250
45.936
12.636
0.794
4.479
5.830
5.861
1.691
0.478
1.563
1.563
4.761
4.773
10.205
10.340
8.327
8.495
4.034
3.988
1.947
1.132
0.737
0.453
0.453
0.185
0.046
0.029
0.118
0.118
0.000
0.003
0.041
0.042
0.042
0.061
0.112
0.257
0.463
0.463
0.046
0.050
0.054
0.102
0.102
0.103
0.054
0.054
1.685
1.732
1.184
0.049
0.071
0.235
0.269
0.315
0.317
0.271
0.638
1.043
3.774
6.742
7.041
5.854
1.004
0.134
1.044
2.244
2.344
1.509
0.552
0.046
0.006
0.033
0.034
0.100
0.418
0.421
0.059
0.059
0.120
0.123
0.018
0.192
1.419
1.462
0.614
0.115
0.258
0.265
2.029
2.029
0.020
0.049
0.524
0.533
0.283
7.322
7.326
0.221
0.011
0.176
0.180
0.206
0.208
0.069
0.182
0.182
0.301
0.302
0.160
0.159
0.059
0.093
0.116
1.511
1.527
1.479
1.508
0.937
0.730
1.652
1.658
0.285
5.708
5.745
14.778
14.785
0.309
0.219
0.176
0.576
4.836
4.890
0.692
0.163
0.749
1.622
1.686
3.925
3.933
0.501
3.728
4.161
0.783
0.552
0.630
1.314
1.322
0.621
0.687
0.697
1.678
1.684
1.182
3.460
5.313
5.329
2.695
4.528
8.582
8.592
4.544
4.602
4.773
2.052
1.016
1.016
0.901
0.915
0.896
2.301
4.338
4.345
4.805
7.357
11.479
11.482
0.872
0.581
1.302
4.175
4.177
3.181
2.428
2.473
2.491
2.101
1.440
1.443
0.649
0.323
0.531
1.337
1.337
2.762
3.845
3.848
3.890
3.891
4.490
12.238
12.723
12.380
13.675
9.327
9.134
9.987
10.081
3.358
2.539
2.543
0.789
1.664
2.882
3.057
2.517
0.986
6.749
10.780
10.849
7.110
7.183
10.544
10.566
15.823
40.213
75.629
75.629
2.307
3.855
10.409
10.445
8.597
6.809
7.038
11.308
11.577
10.100
14.137
14.177
25.465
27.080
8.785
9.389
9.394
6.012
13.065
13.065
11.659
12.573
13.040
26.186
41.008
44.522
22.652
11.659
4.692
28.517
34.570
34.854
20.554
12.083
6.615
7.372
11.017
14.134
14.139
11.952
12.426
12.257
12.371
9.395
12.605
23.290
27.365
28.975
31.157
18.976
12.899
10.342
7.372
7.056
31.511
33.426
11.936
10.734
12.779
12.779
9.352
15.423
15.772
8.337
8.363
11.280
11.350
7.286
10.280
10.993
9.878
6.395
6.076
9.312
17.483
38.240
47.539
47.959
17.509
11.343
7.579
22.260
24.801
21.387
10.439
8.566
10.885
31.482
31.890
20.101
6.191
6.885
6.885
8.127
8.299
4.051
2.097
2.893
4.871
4.879
4.736
9.916
9.948
13.880
14.106
9.076
9.080
9.096
7.384
7.463
6.797
6.801
14.791
24.121
50.862
52.768
22.429
8.838
9.017
9.718
10.428
5.465
3.650
4.328
4.370
3.794
2.122
1.220
2.269
2.269
2.313
2.313
1.049
2.351
2.355
1.235
7.244
12.108
12.182
0.447
0.271
1.489
1.489
0.532
0.633
1.923
1.923
2.256
2.281
2.294
2.284
3.141
3.201
2.997
2.349
1.516
1.883
2.308
4.609
4.671
3.416
0.185
0.149
0.076
0.303
2.418
2.429
2.380
2.386
1.459
1.438
3.885
3.996
2.324
2.363
1.728
1.661
1.606
0.762
1.683
1.773
3.332
3.556
2.203
1.129
0.254
0.213
0.213
0.429
0.430
0.318
0.320
0.890
0.902
0.219
0.142
0.066
11.148
26.766
27.710
9.867
3.507
3.663
0.244
0.001
0.060
0.118
0.426
0.453
0.150
0.079
0.152
0.161
0.126
0.015
0.088
2.072
9.249
14.783
15.062
1.081
1.137
1.692
3.173
4.060
4.061
0.001
0.002
0.003
0.003
0.011
0.021
0.128
0.244
0.244
0.010
0.002
0.335
0.567
0.576
0.134
0.301
0.584
0.592
0.800
0.815
1.322
1.329
0.411
0.245
0.239
0.389
0.393
0.494
0.511
0.464
0.441
1.195
1.207
1.826
3.513
4.360
4.539
1.837
3.281
3.313
2.212
3.710
3.710
2.279
2.346
1.849
5.901
5.921
0.491
21.503
22.145
9.398
2.263
0.434
0.879
0.891
0.456
0.458
0.460
0.271
0.490
1.550
1.588
3.389
3.435
1.004
1.547
1.551
1.707
1.708
1.694
5.029
9.103
9.103
3.574
4.408
5.778
6.263
17.319
17.327
2.848
3.167
11.013
11.040
1.147
1.502
1.513
1.067
1.084
1.120
3.048
13.025
15.280
10.879
6.000
6.025
4.177
5.809
5.809
5.575
11.156
11.192
4.681
4.473
8.542
8.567
5.063
5.288
6.182
6.199
12.179
13.377
2.819
1.588
2.536
2.934
3.028
3.028
6.916
6.925
6.571
8.099
8.235
6.718
4.929
4.872
9.146
9.153
13.522
16.595
18.831
9.508
7.048
7.527
6.623
16.773
18.016
12.209
13.865
34.422
37.234
19.315
7.935
3.675
5.123
5.123
9.536
9.625
7.279
12.963
31.941
44.845
46.695
19.977
11.161
8.260
8.355
9.572
9.903
11.651
11.728
8.745
12.538
19.397
19.699
13.459
14.647
17.016
29.058
30.269
12.349
8.916
8.013
6.995
16.174
47.692
48.070
20.959
8.520
11.624
25.228
25.937
7.345
4.122
16.275
31.868
32.932
12.872
8.119
6.314
6.880
8.520
9.911
9.952
12.149
12.264
8.124
5.480
5.480
8.262
8.271
7.272
14.807
15.796
10.266
12.671
28.379
29.731
19.871
8.488
7.034
13.969
14.092
6.328
13.220
13.974
16.164
17.555
33.875
33.880
25.857
28.463
29.917
15.723
8.248
8.341
8.351
18.671
39.508
41.932
19.509
20.063
17.300
17.967
18.603
23.309
26.296
12.957
5.366
4.791
2.581
2.514
7.483
7.571
8.944
8.970
7.641
7.649
7.670
7.673
7.154
13.199
20.160
20.472
13.071
8.973
9.860
15.351
16.080
8.755
4.622
2.665
1.064
0.710
3.650
4.758
4.815
1.071
1.071
0.350
0.350
0.295
7.008
7.031
3.842
3.574
4.227
4.742
4.746
2.097
1.326
1.283
0.724
0.904
0.976
0.990
0.741
1.119
1.168
0.746
0.750
3.433
5.737
5.739
2.405
2.734
3.230
3.417
3.482
1.801
1.413
0.732
0.916
1.447
1.460
1.322
0.123
2.189
2.559
2.566
2.915
2.919
1.613
0.037
0.003
0.022
0.123
0.233
0.244
1.279
1.865
1.884
0.584
0.445
2.517
4.499
4.511
1.325
0.143
3.167
3.221
1.118
0.117
1.389
1.428
0.887
0.632
0.617
0.643
0.369
0.633
0.655
0.919
1.331
1.354
0.464
0.321
0.225
0.223
0.043
0.001
0.001
0.003
0.664
0.687
