20150101
3.597
8.816
13.768
13.968
0.754
0.244
0.389
0.432
0.433
0.001
0.001
0.002
0.002
0.003
0.028
0.030
0.035
0.035
0.001
0.002
0.002
0.328
0.495
0.323
0.125
0.359
0.678
0.690
1.218
1.237
0.218
0.055
0.054
0.249
0.258
0.113
0.113
0.347
0.520
0.543
0.551
0.209
0.569
0.574
0.324
0.436
0.436
0.029
1.554
1.569
0.484
0.180
0.180
0.002
0.007
0.058
4.681
4.701
0.571
21.380
21.891
8.407
1.238
0.571
0.449
0.463
0.371
0.305
0.209
0.038
0.010
0.215
0.282
2.857
2.916
0.971
1.148
1.155
0.185
0.045
0.022
0.559
0.559
0.100
0.006
0.313
0.314
0.372
11.446
11.460
0.935
1.011
5.136
5.161
0.620
0.539
0.546
0.594
0.438
0.072
0.163
6.594
8.059
6.137
2.206
2.237
0.864
2.208
2.209
0.050
0.003
0.777
0.779
0.404
3.062
3.069
1.175
0.604
1.693
1.693
2.327
2.819
0.858
0.204
0.157
0.053
1.428
1.428
0.007
0.009
0.688
0.692
0.110
1.377
1.378
1.627
1.641
0.507
0.031
3.265
4.061
3.397
5.365
5.857
2.253
9.358
10.470
4.901
0.136
10.805
12.473
8.987
2.222
0.295
0.165
0.165
0.591
0.609
1.383
2.824
7.557
16.325
17.524
8.024
5.855
5.442
1.081
1.170
1.188
2.505
2.517
1.849
6.948
12.207
12.721
4.863
5.300
9.205
14.003
14.671
2.954
0.815
0.815
1.741
4.264
4.264
5.172
5.264
3.762
2.745
9.584
9.966
2.823
0.930
5.876
5.886
0.884
1.865
2.072
2.077
1.234
1.239
1.022
0.838
0.806
1.405
1.405
0.939
0.636
1.501
1.501
1.437
3.747
4.100
3.453
2.194
10.923
11.550
11.393
1.386
0.838
2.160
2.219
0.813
1.249
3.409
3.414
3.742
12.906
12.911
10.580
11.750
12.373
7.861
1.915
1.636
0.343
5.623
21.757
22.134
4.761
6.079
6.083
6.267
6.395
7.932
9.052
8.308
1.219
1.219
0.020
0.140
1.502
1.639
2.248
2.266
1.721
1.741
2.461
2.464
1.091
2.178
11.537
11.685
4.905
2.097
0.994
1.120
1.172
0.703
0.609
0.122
0.099
0.082
0.394
0.436
0.448
0.099
0.014
0.005
0.022
0.031
1.337
1.369
1.170
0.607
0.608
1.332
1.337
0.236
0.018
0.003
0.165
0.200
0.523
0.542
0.432
0.085
0.081
0.115
0.178
3.428
3.456
1.981
0.882
0.074
0.290
0.644
0.650
0.655
0.486
0.209
0.212
0.197
0.200
0.009
0.003
0.011
0.011
0.639
0.666
0.536
0.011
-0.000
0.003
0.027
0.030
0.007
0.002
0.096
0.233
0.235
0.041
0.184
0.729
2.008
2.034
0.108
0.008
0.019
0.019
0.001
0.015
0.114
0.463
0.487
0.501
0.513
0.339
0.085
0.428
0.457
0.163
0.401
0.416
0.208
0.279
0.288
0.214
0.008
0.001
0.001
0.001
0.231
0.470
