19950101
1.938
1.173
0.554
1.888
1.956
2.357
2.446
22.236
22.412
4.738
3.634
3.666
2.650
2.381
4.355
13.354
14.614
14.705
2.761
2.869
2.729
1.971
1.636
1.222
1.237
0.373
0.474
1.295
1.369
1.244
0.949
1.567
1.649
2.317
3.218
3.343
3.052
1.100
0.411
0.413
0.474
0.533
0.307
0.221
5.109
9.102
9.245
2.599
2.704
2.124
1.900
3.787
7.256
10.301
10.375
1.438
1.999
2.058
2.094
1.209
1.117
1.145
1.856
1.920
2.732
8.729
8.837
3.302
3.504
3.776
3.856
2.294
2.444
0.777
1.206
3.856
3.983
0.740
1.095
1.113
0.103
0.156
0.177
0.452
21.930
23.060
3.131
2.958
3.136
2.757
2.187
2.272
1.518
1.620
2.717
2.814
0.948
0.335
0.112
0.114
2.840
3.085
3.296
2.474
1.312
1.515
1.519
0.657
0.665
3.766
3.894
2.012
1.745
1.782
1.042
0.862
0.270
0.291
0.291
1.175
1.182
0.665
3.657
3.743
3.540
2.401
0.850
0.548
5.787
5.799
1.520
2.733
2.739
2.308
2.352
2.358
0.800
1.822
2.432
2.456
1.163
1.477
1.477
0.714
1.243
1.243
0.412
0.542
0.948
0.966
0.966
0.962
0.628
0.724
0.737
0.648
1.160
2.423
2.437
0.833
1.870
3.529
6.027
7.290
7.467
5.030
9.931
16.722
23.616
23.705
3.699
3.768
6.914
7.453
6.832
3.774
1.133
0.997
1.686
2.942
24.169
29.277
29.257
2.562
6.057
6.092
4.825
4.031
4.087
4.087
14.733
14.802
2.277
3.300
3.453
3.467
7.547
7.937
5.981
6.607
6.614
5.250
3.850
3.878
1.601
0.912
2.590
11.815
11.843
1.441
1.789
4.386
5.321
9.355
9.784
2.345
1.390
3.322
3.332
2.030
2.671
5.631
5.739
51.218
53.997
42.586
33.205
5.729
0.026
0.052
1.240
1.266
0.341
0.320
0.532
0.532
0.940
5.698
6.059
6.090
13.147
13.410
1.224
0.414
5.590
5.606
4.896
4.896
3.432
3.460
2.872
0.925
0.965
0.986
0.840
0.945
1.939
2.714
2.742
2.677
3.387
3.440
1.894
3.894
4.271
4.275
3.419
2.657
2.296
10.177
28.207
28.670
8.770
0.928
1.170
1.225
0.958
0.850
0.721
0.578
0.579
0.916
1.051
1.070
0.898
0.579
0.716
0.857
1.103
2.851
2.961
1.986
2.078
1.766
1.820
1.109
1.846
1.936
1.168
0.562
0.886
2.150
2.270
2.336
2.090
1.894
1.716
1.795
2.972
3.109
2.582
0.438
32.191
50.500
50.556
1.403
0.097
0.000
0.150
0.748
1.523
1.796
1.925
1.476
1.049
2.553
2.657
2.624
2.720
2.363
1.349
2.026
2.184
2.810
2.850
1.892
1.417
1.446
1.436
0.931
0.931
0.641
0.920
1.646
2.436
2.465
1.019
2.368
2.505
1.284
0.532
0.686
0.693
2.082
2.173
3.168
3.325
2.902
11.883
11.946
1.175
1.611
1.636
0.972
1.796
1.860
2.052
3.393
3.437
1.338
1.379
1.395
1.072
0.730
2.666
2.793
1.285
1.078
1.122
22.605
23.596
20.036
1.762
1.117
1.158
1.032
0.852
1.258
1.328
1.180
1.215
1.099
2.426
2.514
2.158
1.156
3.007
3.168
2.307
0.034
0.600
0.605
0.694
3.223
3.309
12.036
12.619
6.288
0.090
2.423
2.761
2.814
0.650
0.717
10.506
10.711
2.238
2.199
0.418
0.458
2.519
6.833
6.974
1.232
0.244
0.710
0.719
2.848
6.116
6.117
0.091
2.365
2.544
1.328
0.131
1.091
1.146
0.300
0.595
0.602
0.923
2.867
2.974
2.747
2.932
2.145
9.528
9.568
5.393
5.394
2.311
0.382
0.237
0.737
2.034
2.072
1.929
2.014
1.289
1.297
0.554
0.568
1.184
1.228
2.272
2.357
1.557
0.836
0.858
0.859
0.058
0.761
2.625
2.673
0.108
0.179
1.679
2.441
3.057
3.183
2.955
2.153
1.990
0.101
0.294
5.734
6.159
2.168
0.694
3.558
3.805
1.662
1.994
2.015
1.710
2.156
4.110
4.182
3.590
3.599
1.452
4.072
4.135
1.862
1.854
1.959
1.982
1.270
1.223
0.329
0.565
1.530
4.487
4.580
9.161
9.642
2.772
4.678
4.802
4.418
5.085
5.260
3.311
3.983
4.090
1.757
4.864
5.378
1.486
0.463
1.356
1.390
1.429
1.475
1.480
0.943
1.000
4.169
4.265
7.028
7.062
13.084
16.700
12.830
3.627
3.655
3.232
3.235
1.612
2.284
2.299
11.372
13.285
9.638
8.392
9.084
8.524
9.862
21.290
22.414
7.644
6.393
4.486
18.269
19.286
3.850
4.003
3.504
2.924
2.624
2.629
1.943
3.377
3.382
3.677
15.121
15.309
6.902
4.251
7.713
7.718
3.035
7.086
8.079
4.550
3.458
2.997
2.308
5.837
12.847
12.947
7.409
6.868
2.626
5.576
5.604
5.941
6.103
4.141
3.405
1.819
1.824
0.760
2.726
3.538
3.548
3.643
3.277
3.291
5.791
6.040
4.175
4.833
5.043
4.115
3.037
2.741
1.959
1.976
1.568
5.039
5.142
8.437
8.454
3.441
3.462
1.173
1.095
1.044
0.369
1.306
1.985
2.045
1.933
3.630
4.300
4.347
3.939
3.969
2.508
2.749
2.801
4.888
4.940
3.561
1.777
2.534
2.662
1.796
0.750
0.932
0.968
1.166
3.419
3.440
0.310
0.308
0.246
1.079
1.124
1.533
2.730
2.844
2.569
2.477
2.506
4.869
14.681
14.745
1.320
1.348
1.450
3.182
3.183
1.207
1.271
0.721
0.470
0.135
0.160
0.255
1.170
1.210
0.891
0.537
1.177
1.232
0.557
1.192
2.066
2.134
1.573
1.620
1.556
2.071
2.599
2.695
2.747
2.694
2.098
2.136
1.092
1.796
2.039
2.551
2.686
2.289
1.184
0.923
0.915
1.094
1.103
0.812
0.819
0.843
0.437
0.822
0.824
0.302
0.655
0.720
0.490
0.159
0.118
0.431
1.658
1.772
1.359
0.780
0.145
0.003
0.003
0.007
0.007
0.087
2.744
2.815
1.964
2.015
1.579
1.583
2.209
2.329
2.101
0.927
2.659
2.756
2.349
0.016
3.651
8.376
8.468
2.230
0.924
0.778
0.796
0.401
1.856
1.943
1.213
0.747
2.211
2.288
1.711
3.094
3.197
2.502
1.968
1.709
0.875
1.130
1.177
1.134
0.383
0.158
1.431
1.505
1.509
1.356
2.218
5.090
5.154
3.042
3.170
2.223
0.134
1.681
2.833
2.945
2.141
0.173
0.700
2.657
2.669
1.142
1.957
1.995
0.228
3.451
3.534
2.085
2.120
3.216
3.410
3.064
2.975
2.988
3.415
3.447
2.773
3.680
3.974
4.072
3.533
2.550
2.594
0.628
0.222
6.663
6.797
5.986
3.448
3.604
4.751
4.976
4.259
2.635
1.462
1.338
2.131
3.465
3.475
2.914
0.166
1.491
1.496
0.529
2.578
2.704
2.250
3.346
3.350
1.501
1.504
1.066
2.420
2.422
1.262
1.266
3.514
3.701
2.570
1.773
1.681
1.602
1.617
1.626
4.218
4.240
2.859
2.047
2.055
0.494
1.060
2.286
2.308
2.689
2.726
2.200
1.241
1.254
1.271
1.973
2.983
4.074
4.100
2.391
1.936
2.843
3.015
3.258
3.287
2.327
2.276
2.296
1.169
0.740
1.991
2.017
2.146
5.146
5.348
4.246
4.774
4.515
2.788
13.339
13.370
19.887
21.713
3.238
3.290
9.812
12.941
9.320
2.498
3.290
3.305
2.819
12.512
50.201
54.034
27.622
13.394
10.690
6.449
12.643
17.387
33.905
34.917
9.247
1.491
5.230
5.407
12.986
13.867
4.112
6.727
7.348
0.532
0.390
0.994
1.574
1.580
1.461
0.893
1.077
3.153
6.679
6.685
1.254
1.254
3.437
3.443
2.026
2.034
2.457
3.054
4.757
5.256
5.298
10.858
11.319
13.608
13.673
6.714
10.835
10.885
2.895
7.053
12.938
13.067
1.611
0.994
3.976
4.311
4.315
2.776
2.784
2.201
2.205
3.824
4.525
8.489
8.493
0.975
3.174
3.202
3.829
4.205
4.300
3.281
7.294
7.958
2.459
5.493
5.844
2.319
1.740
3.965
4.063
3.120
3.269
5.692
5.740
2.724
2.772
3.449
3.566
3.417
2.354
4.367
4.452
2.392
2.629
2.687
1.993
2.064
1.153
1.117
1.302
1.338
0.354
0.393
1.153
1.676
1.706
2.053
3.006
3.069
1.851
0.850
2.341
3.115
3.367
2.280
2.175
8.448
8.484
0.207
1.950
3.055
3.380
3.554
3.030
2.882
2.632
2.376
3.431
3.491
1.467
2.868
2.910
2.379
3.059
3.796
3.935
3.573
1.502
0.754
1.949
2.150
3.836
4.033
4.046
2.813
3.378
3.442
1.952
3.354
3.429
3.274
1.461
2.218
3.982
5.898
5.898
2.254
2.333
2.162
1.824
1.429
2.932
22.538
24.343
16.089
1.833
8.901
9.303
4.019
2.818
2.963
1.960
0.546
0.553
0.182
0.880
1.442
1.517
1.135
1.929
2.390
2.537
1.980
3.022
3.117
1.671
1.498
1.206
0.157
3.584
3.628
0.093
0.723
0.769
0.768
2.147
2.218
1.293
0.870
0.683
0.776
1.851
1.919
1.958
2.164
2.293
1.328
1.764
2.080
2.210
2.201
2.432
2.842
3.657
3.692
0.961
0.972
4.712
4.839
2.636
1.945
2.051
2.476
2.493
0.088
0.023
0.157
0.163
0.619
0.929
1.892
1.912
1.600
2.354
3.175
3.289
2.413
2.477
2.455
5.603
5.853
5.482
2.076
3.079
3.505
3.628
0.389
1.019
6.230
6.557
6.128
1.991
0.841
0.656
0.674
2.002
3.612
3.717
2.331
1.962
4.006
4.131
4.260
1.297
0.685
8.036
8.143
5.601
4.073
1.561
0.794
2.745
26.694
27.205
8.203
0.146
0.347
0.631
2.572
2.723
2.723
0.240
2.078
2.097
0.826
0.353
0.640
1.716
1.795
1.810
1.822
1.757
0.596
0.501
0.914
0.926
0.158
0.424
1.807
2.540
2.542
0.820
0.819
1.462
1.462
1.415
1.529
1.529
0.715
0.719
0.628
1.545
7.438
7.450
2.624
2.806
2.626
0.473
0.498
3.471
3.471
0.401
2.452
2.459
0.595
1.074
4.145
4.151
3.990
6.380
6.504
1.287
0.587
16.541
17.824
1.564
0.522
4.238
4.245
5.397
5.689
2.533
2.426
0.829
0.691
3.270
4.199
4.215
2.672
1.766
1.796
1.804
0.791
1.367
4.023
4.123
9.005
9.028
4.015
4.023
3.531
7.808
7.930
6.833
6.149
6.287
9.112
9.363
6.583
4.826
7.826
7.856
5.111
7.144
13.463
14.551
2.719
8.430
18.496
19.295
7.027
9.091
11.538
11.948
7.761
15.065
15.104
8.633
9.190
6.704
6.786
6.794
7.675
7.891
4.308
3.095
3.419
8.645
9.848
9.933
4.431
10.521
10.549
6.187
7.105
7.088
6.392
7.293
7.453
13.001
13.149
17.785
17.797
4.659
10.013
11.079
8.787
6.221
6.272
3.330
7.618
8.285
7.458
5.708
2.652
2.138
23.698
24.018
33.843
79.281
82.177
27.361
0.143
1.955
1.955
0.106
0.062
0.791
0.797
0.125
0.056
0.087
0.093
0.037
2.142
2.827
2.833
2.155
2.217
1.538
1.395
1.096
0.953
0.953
4.820
16.533
16.626
0.978
2.927
3.059
3.274
3.379
0.966
0.502
0.464
0.735
1.456
1.920
1.988
1.282
0.762
0.626
0.445
0.456
0.468
0.999
3.802
3.824
1.444
0.260
0.932
0.939
1.294
1.388
1.452
1.067
1.905
1.942
3.134
3.139
0.005
0.015
0.308
0.677
1.712
1.753
1.431
2.363
3.405
3.406
0.007
0.017
0.277
2.102
3.301
4.922
4.991
1.830
1.775
1.426
1.212
1.570
2.452
2.540
1.358
1.400
2.436
2.449
2.263
2.376
2.443
0.605
0.156
0.159
0.054
0.041
0.675
2.755
2.883
2.652
2.739
0.801
0.004
0.697
1.364
1.364
0.380
0.044
0.105
2.546
2.661
2.032
1.973
1.995
0.236
0.238
0.153
0.311
1.465
1.535
0.991
0.019
0.048
2.223
2.338
2.101
4.949
5.066
2.918
2.950
0.248
1.820
2.914
2.915
0.495
1.035
1.052
0.471
0.487
0.470
0.553
0.647
1.172
1.193
0.620
0.922
1.347
3.302
4.631
4.716
1.707
3.266
4.227
4.418
4.313
4.785
3.311
0.432
0.463
0.576
0.578
0.309
0.264
0.075
0.469
0.474
0.570
0.575
1.185
1.193
0.730
3.777
3.777
0.648
3.122
4.610
4.808
4.280
4.443
3.306
1.416
0.539
0.826
0.976
0.465
0.215
0.396
0.701
2.505
2.985
3.056
1.825
1.123
0.142
0.639
1.088
1.108
0.580
1.534
1.596
1.498
2.446
3.085
3.201
5.160
5.239
1.543
0.151
0.143
0.144
0.309
2.626
2.640
2.457
2.000
2.022
1.236
4.073
4.662
4.420
0.159
0.161
0.129
1.810
3.306
3.385
1.126
1.153
0.753
0.332
0.172
0.337
0.662
2.230
2.246
1.010
0.803
0.969
1.942
3.561
3.912
4.006
1.662
1.013
1.335
1.376
1.609
8.861
9.265
5.761
2.609
2.536
2.368
4.969
5.067
2.254
2.234
2.238
3.136
3.152
2.899
3.030
2.474
6.729
6.774
2.270
3.279
3.295
5.463
5.537
4.030
4.065
1.765
4.688
4.793
0.616
0.689
1.065
1.928
1.935
1.225
6.728
7.142
6.432
1.970
2.022
2.412
2.450
2.503
8.695
8.726
3.286
4.410
15.036
18.513
13.132
3.369
14.441
15.182
9.895
2.026
2.205
4.864
28.609
28.712
4.168
2.775
1.335
3.016
4.029
8.024
54.287
54.466
4.024
0.472
0.299
2.193
3.298
9.072
9.095
3.224
3.126
2.659
7.569
7.938
16.981
17.344
7.662
7.742
4.334
5.710
5.791
3.508
4.020
4.020
6.169
6.181
1.650
1.650
3.122
5.006
5.088
6.485
6.567
15.080
15.087
8.665
5.638
10.150
10.258
3.470
2.699
6.244
6.744
5.309
4.171
8.311
8.501
4.942
1.511
5.063
5.107
4.968
4.161
3.789
6.477
6.493
3.625
0.988
1.694
2.772
6.849
6.917
3.080
3.054
2.679
2.252
0.703
1.752
5.078
5.078
0.703
2.730
2.733
2.265
1.694
2.104
5.258
5.274
2.647
2.319
1.043
0.934
1.518
1.626
3.639
3.730
3.297
3.370
2.998
2.468
1.659
1.744
2.212
2.327
2.252
2.277
1.734
3.780
3.845
26.008
65.231
69.730
9.545
1.558
1.711
1.722
0.224
0.244
0.136
0.342
0.676
1.576
2.091
2.113
1.316
1.321
1.761
1.839
3.523
3.600
2.649
1.589
1.113
1.140
0.273
0.280
0.059
0.644
1.966
2.023
1.184
1.627
2.361
2.367
0.786
0.795
2.890
3.838
4.017
3.350
0.415
0.073
0.020
0.055
0.175
0.556
0.572
1.044
1.723
2.363
3.171
3.313
2.210
1.817
0.420
0.446
1.300
1.464
1.030
0.002
0.002
0.102
0.735
0.746
0.244
0.161
0.263
0.424
1.255
1.321
1.181
0.669
1.237
1.237
1.055
0.386
0.430
0.546
1.478
1.574
1.420
0.344
0.563
0.602
0.669
1.352
2.919
3.000
3.092
3.224
1.342
0.198
1.253
1.320
2.067
2.119
1.284
1.036
1.613
1.808
2.360
2.425
2.349
0.692
0.953
7.407
8.040
4.652
1.097
3.007
3.466
3.597
2.185
2.233
1.164
2.700
3.762
3.907
3.706
2.795
2.876
2.998
3.047
2.344
1.919
1.214
1.092
1.219
1.300
1.599
1.732
1.746
0.774
0.323
0.931
1.966
2.011
1.374
1.393
0.923
2.363
2.655
2.721
1.352
1.898
2.886
8.057
8.200
2.893
1.899
1.081
1.801
2.579
2.686
2.319
2.356
13.666
13.851
3.156
0.391
1.699
1.706
0.158
0.014
0.057
0.223
0.233
0.626
0.641
0.797
0.893
0.701
0.364
3.813
3.883
1.986
1.486
0.424
0.798
4.485
4.636
2.404
2.404
0.325
1.005
1.012
2.204
4.890
6.761
6.805
3.157
3.306
3.383
3.546
3.461
1.582
2.726
2.726
0.136
0.832
2.112
2.165
1.877
9.217
9.225
0.164
0.280
0.453
0.795
1.500
2.655
2.720
2.972
22.189
23.947
6.493
8.707
8.786
1.860
2.519
15.772
16.387
16.395
1.630
2.689
2.729
2.415
2.473
0.986
1.383
2.075
5.637
6.761
6.807
3.666
6.680
8.104
7.476
2.438
4.991
5.049
1.401
3.066
5.827
5.908
6.058
25.626
29.049
29.107
5.660
6.536
6.795
4.450
6.611
6.623
2.473
2.319
2.353
6.127
6.144
8.884
14.508
15.848
15.887
4.727
4.757
5.681
5.685
3.130
7.638
8.411
5.754
0.949
2.791
2.791
3.821
6.685
6.694
2.271
4.654
4.672
3.066
3.100
2.409
2.911
2.915
16.956
18.355
10.254
7.521
7.707
1.205
8.940
9.162
8.622
6.969
6.343
6.420
6.448
2.927
2.356
4.472
4.490
4.110
4.123
6.688
7.413
6.248
6.348
3.344
2.528
2.410
1.477
3.362
5.618
6.085
6.534
29.080
29.430
10.743
3.067
0.831
4.016
7.445
17.975
19.112
7.701
7.826
8.057
2.080
0.381
1.661
5.271
5.671
5.459
3.829
2.280
3.416
11.005
11.317
5.221
1.468
1.561
1.018
1.056
1.287
1.374
1.006
0.433
0.184
0.188
0.313
0.313
0.507
0.507
0.649
2.646
2.693
3.012
3.599
3.560
1.179
1.231
0.518
0.488
0.495
0.308
0.413
0.777
2.594
3.326
3.460
2.912
3.012
1.575
1.634
0.507
0.003
0.762
0.795
0.830
0.837
0.165
0.343
1.861
1.884
0.200
0.456
0.456
0.060
0.348
2.869
2.920
1.059
0.334
0.339
1.856
2.770
2.853
1.540
1.563
1.391
2.349
2.428
1.569
1.738
3.275
3.362
2.126
2.068
1.449
0.269
0.424
0.929
0.969
0.981
1.087
1.090
0.990
1.054
0.707
0.154
0.251
0.264
0.094
0.038
0.371
0.378
0.478
0.487
0.060
0.018
0.657
1.032
1.132
1.345
1.414
1.120
1.323
14.551
15.112
6.185
3.578
2.259
2.271
0.681
2.119
2.233
1.737
0.590
0.217
1.529
1.616
1.060
0.863
1.532
1.533
1.017
0.971
0.852
0.943
2.174
2.261
2.186
0.193
0.074
0.095
0.097
0.040
0.183
0.943
1.973
2.300
2.559
2.674
2.604
1.332
0.363
0.180
0.186
0.436
1.478
1.546
1.004
2.543
4.576
4.936
2.885
3.041
3.049
4.954
5.219
3.664
0.405
0.459
5.570
5.745
2.908
3.124
3.222
2.859
2.267
3.291
4.312
4.395
3.417
3.534
1.967
1.600
1.291
1.464
2.259
3.991
4.029
2.626
3.292
3.386
1.241
2.372
3.500
6.196
6.405
3.656
4.692
4.706
0.486
1.724
2.124
2.136
3.973
4.641
4.718
2.376
0.742
0.984
2.265
2.276
2.705
3.207
3.232
2.623
1.302
6.865
7.044
5.053
3.370
3.280
4.845
4.851
2.533
2.597
3.297
3.298
1.462
7.859
7.868
2.063
1.050
1.109
1.112
2.137
2.137
3.012
4.462
4.506
1.871
1.663
1.663
4.732
9.606
9.918
1.269
0.312
0.995
5.858
5.970
3.327
1.883
1.429
3.870
3.927
1.956
1.682
4.688
6.063
6.110
4.333
4.343
6.983
7.072
4.226
4.226
3.859
7.356
7.596
4.158
3.589
3.661
2.376
2.886
3.977
3.986
3.290
3.295
2.001
3.244
3.311
4.516
4.959
5.806
6.206
3.611
4.386
4.390
1.146
1.892
1.959
1.959
4.529
4.537
1.883
1.884
1.030
1.148
1.148
1.608
2.208
3.014
3.014
4.075
4.710
4.802
4.105
2.029
15.252
15.734
5.889
2.716
2.204
6.673
16.601
16.886
1.126
1.385
9.977
12.031
11.089
12.873
9.709
11.151
11.155
4.885
5.497
7.775
7.812
1.667
1.759
2.217
2.223
2.803
2.803
1.484
1.411
3.842
4.459
4.410
2.565
2.565
20.314
22.916
14.402
5.992
6.151
11.251
12.435
12.484
1.924
5.552
5.992
7.171
10.420
10.481
2.156
2.178
1.642
2.612
5.801
17.093
17.353
4.066
4.118
3.350
7.081
7.155
5.200
4.472
3.133
2.597
1.286
2.287
2.398
1.391
0.793
0.796
1.587
1.645
1.649
1.147
1.097
1.497
1.518
1.401
3.167
3.223
2.802
5.193
5.267
21.018
21.320
4.111
1.361
10.159
10.250
2.266
1.469
1.378
1.458
1.532
0.991
1.788
1.851
0.752
0.587
0.917
0.934
0.900
0.905
2.215
2.232
2.084
2.090
1.247
0.991
2.876
2.951
0.348
1.349
1.873
1.926
1.919
1.882
2.501
2.564
1.863
1.950
1.681
0.677
0.003
0.042
0.144
0.513
0.520
0.059
0.038
0.132
0.579
0.655
0.388
0.002
0.707
2.071
2.138
1.710
1.745
0.933
1.016
0.319
0.759
0.936
0.948
1.000
1.191
1.229
1.412
1.471
1.500
0.660
1.981
2.429
2.508
1.332
1.319
2.369
2.397
1.628
0.083
0.033
0.242
0.874
1.393
1.438
2.353
2.412
1.904
2.538
2.613
0.466
0.362
1.307
1.322
0.546
0.682
0.690
0.477
0.467
0.006
0.006
0.264
0.280
4.293
7.199
7.274
5.924
6.055
8.306
8.354
2.114
2.020
1.966
1.490
1.125
3.820
12.001
12.096
2.743
0.611
0.266
0.381
0.413
0.489
1.387
1.744
3.814
8.287
8.366
3.364
7.295
7.858
7.950
0.588
0.538
0.542
0.557
3.720
3.806
1.403
1.466
0.684
0.473
1.054
5.401
5.517
2.053
2.082
0.315
4.514
4.779
2.314
2.355
2.503
2.173
1.102
1.112
0.338
0.282
0.259
0.992
2.166
3.693
3.696
0.799
0.799
0.105
0.120
2.270
2.326
3.450
4.639
4.650
3.391
3.408
3.284
1.788
1.610
1.116
2.405
4.651
4.769
2.006
0.189
0.195
0.398
1.575
4.082
4.092
3.319
2.673
2.673
0.770
0.180
0.113
0.363
2.517
2.517
0.309
0.705
1.944
1.949
0.843
3.677
7.243
7.336
2.460
8.933
9.132
0.515
1.365
4.171
4.171
0.542
1.162
1.184
1.342
1.383
3.106
3.321
1.566
0.977
0.983
0.698
1.786
2.496
14.214
14.340
5.183
4.130
2.685
0.454
3.791
3.832
3.664
6.068
6.094
2.075
2.465
2.541
2.283
2.247
2.261
2.287
5.783
5.798
1.756
1.347
3.323
3.327
4.190
4.989
5.090
2.507
4.429
5.411
5.444
2.214
3.851
4.237
3.883
1.709
6.217
6.246
1.694
1.188
1.810
1.813
2.471
3.583
31.857
33.844
4.277
4.356
8.639
8.790
4.915
10.849
10.869
7.922
3.323
3.191
3.198
11.646
12.619
4.040
0.803
2.454
14.152
15.889
25.350
27.541
23.850
15.455
1.980
9.994
13.580
14.784
7.310
3.717
4.421
4.441
9.519
10.446
4.460
1.699
1.849
1.849
1.569
4.436
17.016
17.706
8.428
8.472
3.389
1.535
1.535
1.965
1.994
18.633
19.757
16.306
8.341
4.426
1.564
0.681
2.621
2.684
2.684
1.955
1.467
0.888
1.253
1.260
2.931
4.621
4.653
1.690
0.964
0.460
1.321
1.430
1.825
1.890
1.906
1.324
2.047
2.121
1.909
3.092
3.114
0.787
3.458
3.599
3.352
16.187
22.361
22.650
7.025
1.549
1.504
0.755
0.401
0.413
0.768
0.937
0.941
1.807
2.555
4.027
4.118
2.133
2.568
2.684
2.163
1.169
1.748
1.754
6.852
7.028
2.424
1.793
1.725
1.987
2.377
2.454
1.764
1.598
2.853
2.947
2.203
2.383
2.459
2.740
2.861
2.561
1.236
2.125
2.246
1.268
2.199
2.276
2.142
2.237
1.571
3.967
4.062
0.882
1.492
1.535
0.472
1.936
2.058
0.862
0.127
0.058
0.415
2.348
2.449
0.806
0.064
0.176
1.149
1.320
1.320
1.881
2.118
3.287
3.470
3.209
3.311
1.691
1.252
1.371
1.402
0.192
0.034
0.064
0.237
0.248
0.222
0.808
0.821
0.651
0.651
0.864
1.515
1.546
0.600
1.118
1.125
0.535
0.620
20.129
21.194
1.835
3.280
3.434
1.819
0.140
1.244
1.321
1.079
2.043
2.100
1.048
2.480
2.569
0.221
0.008
0.001
0.001
0.002
0.399
0.457
1.526
1.566
0.531
0.465
0.477
0.307
4.400
9.017
9.055
7.013
10.490
10.534
2.560
3.125
3.252
1.425
0.712
1.788
1.877
2.596
3.146
3.269
3.099
3.279
2.036
0.432
0.809
2.317
23.997
24.330
2.745
0.215
0.356
1.743
1.769
1.410
1.090
0.269
0.393
1.682
2.240
2.724
2.812
1.472
1.971
2.048
2.158
2.319
1.922
3.461
3.502
0.532
1.075
1.559
1.915
1.964
2.908
3.016
0.317
0.234
0.207
1.722
1.743
2.205
2.208
0.714
1.654
1.685
1.557
0.920
0.931
1.510
3.378
3.539
3.302
2.175
1.736
1.755
0.928
0.938
0.839
0.123
4.111
4.280
2.134
2.139
0.940
1.442
1.645
1.659
1.663
0.390
0.390
0.646
0.647
0.546
6.036
6.073
2.586
2.611
2.373
1.714
5.128
5.168
2.554
2.635
2.657
3.706
3.868
2.944
2.985
1.174
1.997
2.827
2.902
3.792
3.901
3.058
3.064
1.479
1.270
2.421
3.821
3.979
1.401
0.923
0.777
0.785
0.684
0.363
1.693
1.754
3.063
4.473
4.503
3.073
4.932
4.958
2.431
9.926
11.174
13.205
11.543
12.271
6.155
6.282
4.255
4.265
3.320
3.583
4.493
13.074
20.453
20.791
4.361
6.711
27.882
28.160
9.936
7.565
10.572
10.621
13.342
13.445
10.586
3.406
6.626
17.066
17.191
12.864
7.941
5.823
6.058
15.786
16.277
2.084
3.074
3.566
14.816
15.820
6.197
6.467
5.435
1.537
1.544
1.807
3.891
3.898
14.041
14.671
7.270
6.220
9.628
9.709
2.121
0.906
0.906
1.320
6.325
6.358
6.082
6.182
2.459
1.182
2.235
4.166
10.977
11.220
44.936
45.465
2.979
2.631
1.530
1.201
5.162
5.271
4.394
2.345
1.654
1.163
5.886
6.859
7.019
3.699
7.083
7.231
6.337
4.086
1.774
1.057
2.331
3.957
3.998
4.988
5.063
5.082
3.119
2.877
2.653
1.944
3.377
3.422
2.100
0.857
5.632
5.977
4.514
1.414
1.160
2.047
3.066
3.142
2.314
1.344
1.388
0.997
0.654
1.190
1.194
4.471
42.870
43.054
1.774
1.423
0.646
0.944
1.502
1.519
0.435
1.809
2.951
3.065
1.906
1.959
5.309
12.103
27.772
28.549
10.939
2.582
0.439
0.290
0.386
0.135
1.232
1.232
0.061
0.715
0.743
1.909
2.009
1.099
1.410
3.294
3.376
1.312
0.857
4.338
4.542
3.546
2.100
2.181
0.685
0.685
0.125
0.131
0.231
0.569
1.461
2.045
2.111
1.674
1.258
0.312
1.814
1.986
2.052
0.818
0.388
0.168
0.769
0.814
1.114
1.123
0.463
1.220
1.397
1.927
4.373
4.435
2.226
2.292
1.255
0.904
1.295
1.922
2.033
1.881
1.820
14.214
15.462
10.242
0.175
1.072
1.597
1.639
1.991
2.083
2.399
2.515
2.129
1.012
1.012
0.020
1.135
1.200
1.672
1.709
0.096
0.096
0.148
1.988
2.004
0.177
2.683
2.905
10.174
10.499
7.445
2.584
2.652
0.987
1.705
1.763
3.221
3.348
2.098
2.091
1.070
1.848
1.922
1.240
0.314
0.787
1.637
1.706
1.667
2.897
2.900
1.381
0.817
0.589
4.091
4.160
1.996
0.379
0.631
0.637
0.146
0.086
0.077
0.391
0.399
0.553
1.043
1.075
0.811
0.342
1.511
3.081
3.543
3.545
0.066
3.348
3.350
1.758
1.772
1.143
1.545
1.547
0.120
0.190
0.198
0.677
0.686
0.203
0.349
0.544
1.278
1.353
2.479
2.496
1.987
2.043
2.645
2.685
4.177
4.252
0.566
1.510
1.764
3.620
3.622
3.200
3.201
0.948
0.377
0.393
2.312
2.325
1.203
1.303
3.325
3.326
0.631
2.741
4.263
4.278
3.734
3.398
2.322
1.973
2.750
2.788
1.378
2.967
3.053
1.462
2.685
2.814
2.199
0.513
0.517
0.329
4.746
4.887
2.614
0.913
0.933
0.694
1.560
2.779
3.974
6.098
6.114
12.373
12.389
5.267
5.894
5.248
3.304
2.234
2.285
2.379
2.497
2.665
2.815
2.882
2.949
3.813
3.877
2.222
4.830
4.961
2.911
4.304
4.591
5.732
7.581
8.238
6.341
2.573
4.738
6.233
7.600
7.830
6.861
7.942
8.034
3.864
3.893
1.811
0.752
0.730
1.760
8.742
8.863
4.306
4.600
2.944
10.697
13.985
34.607
36.570
19.352
27.755
28.841
16.328
3.208
6.870
7.526
2.926
11.973
12.004
4.889
4.944
4.171
4.238
1.668
7.422
8.029
5.416
5.876
11.390
11.605
3.337
3.398
4.313
4.363
3.938
3.425
4.404
4.410
3.648
6.069
6.233
4.930
1.911
2.351
2.351
3.419
3.419
6.585
6.598
3.460
5.059
5.106
3.800
0.730
1.908
2.043
2.052
1.335
2.314
3.419
3.438
5.688
7.612
7.706
2.439
4.237
4.339
3.476
1.568
1.040
1.761
1.761
3.144
7.589
7.592
0.253
0.260
3.351
3.355
2.714
2.718
2.236
2.556
2.586
1.255
1.474
1.659
1.727
1.787
0.999
4.260
10.228
10.341
1.990
2.125
2.147
2.561
2.617
1.779
19.929
19.948
2.274
0.846
1.974
2.002
1.390
7.943
8.143
2.394
0.454
0.723
1.542
2.135
2.382
3.698
3.849
3.525
3.611
1.783
2.122
2.861
2.981
3.028
3.133
2.841
2.175
2.280
1.927
1.990
1.202
1.252
1.132
1.073
1.672
2.113
2.184
2.208
1.300
0.333
0.198
0.192
4.691
4.925
1.144
1.025
1.029
2.704
2.705
0.266
0.890
0.903
0.615
0.253
1.699
2.117
2.150
0.118
0.141
0.205
0.209
0.149
0.159
0.101
0.101
0.011
0.454
0.454
0.653
0.653
0.129
0.005
0.002
0.974
3.995
4.090
1.481
1.407
1.713
2.110
2.219
0.831
0.048
0.002
0.005
2.691
3.238
3.336
2.476
2.559
2.492
2.553
2.452
1.754
1.816
2.572
2.668
0.900
0.069
0.166
0.833
3.305
5.414
5.625
4.043
2.286
2.594
4.122
15.603
15.608
1.493
1.560
1.259
6.658
6.767
5.082
21.032
21.842
6.174
2.235
3.200
3.297
2.005
1.874
1.928
1.653
0.263
0.305
0.520
0.547
0.557
2.969
3.131
6.124
6.193
2.601
2.222
5.620
7.492
7.601
1.029
1.058
0.700
2.254
2.267
0.522
0.545
0.131
0.503
0.728
0.755
1.513
3.122
3.133
3.179
6.036
6.122
1.741
0.038
0.111
0.487
0.502
1.516
4.894
4.897
2.065
2.183
4.091
6.215
6.228
0.807
0.813
1.703
1.772
2.872
2.935
1.919
2.242
2.305
1.701
0.760
0.527
1.092
1.105
3.328
3.432
2.290
1.788
0.843
0.386
0.463
0.476
1.311
2.144
2.727
2.897
2.241
0.534
0.609
0.623
2.468
3.120
3.133
4.077
4.099
4.707
4.767
3.105
2.373
2.498
3.213
3.271
2.705
0.772
1.519
4.618
4.676
3.208
3.260
1.916
1.955
0.760
1.024
1.141
1.214
1.219
1.137
1.075
1.254
1.319
0.481
1.151
2.144
2.148
0.825
0.680
3.434
3.559
2.271
1.610
2.215
2.232
1.577
1.194
1.682
1.766
1.321
1.377
1.005
1.022
0.888
0.766
2.704
5.558
6.207
2.671
2.532
2.643
3.709
25.367
25.517
4.547
0.194
1.088
2.410
2.437
2.076
2.910
2.942
1.214
3.255
3.255
3.011
1.500
1.150
8.488
13.376
13.863
7.984
8.016
4.914
10.279
11.674
8.986
3.531
4.278
27.896
30.144
4.941
0.997
2.046
3.965
3.987
2.481
2.481
1.696
1.055
0.620
0.866
4.898
7.395
7.400
4.525
7.022
13.541
13.570
7.017
7.022
6.907
3.917
2.482
2.769
4.759
5.386
5.611
5.764
6.362
9.896
9.930
5.395
9.729
19.329
19.348
2.540
2.325
1.473
0.268
0.569
3.243
3.251
1.520
1.448
3.678
7.776
7.867
0.835
0.564
2.285
2.293
1.403
1.597
1.599
2.333
2.339
1.921
2.430
2.940
2.950
1.302
9.109
9.192
2.258
1.674
1.723
1.506
1.757
1.781
0.736
0.617
0.855
2.021
10.293
10.380
6.443
2.474
1.985
2.021
1.024
0.805
0.777
0.777
0.983
1.052
2.076
2.122
0.782
0.837
1.061
20.755
21.066
10.728
1.349
0.402
0.544
2.163
2.209
0.773
2.273
3.873
4.001
3.473
3.382
1.936
2.662
2.749
1.751
2.073
2.123
1.692
0.686
0.138
0.144
0.144
0.094
0.195
0.572
1.052
1.081
0.593
0.441
0.263
1.120
1.736
1.778
1.034
2.252
2.295
1.925
1.906
1.905
1.966
2.028
1.681
1.813
1.801
0.862
2.304
2.384
1.258
1.636
1.710
1.943
2.030
1.141
2.287
2.354
2.005
2.291
2.884
2.995
3.081
2.632
2.331
2.455
2.471
0.534
0.125
0.815
0.825
0.931
1.113
1.605
1.639
0.812
1.891
2.068
2.262
2.493
2.628
2.769
1.410
0.458
2.032
2.049
0.774
0.305
0.165
0.299
0.309
0.236
0.485
1.357
2.414
2.520
2.605
2.607
1.249
1.249
0.069
0.069
0.014
0.042
0.089
1.139
4.238
4.361
2.309
0.001
0.202
1.408
3.192
3.240
1.150
0.083
0.136
1.675
4.441
4.649
0.987
0.192
0.035
0.152
0.157
0.448
0.453
0.254
0.363
0.505
1.717
1.791
1.939
2.028
1.740
2.345
3.656
3.709
1.691
0.848
2.491
22.755
24.514
14.663
1.847
2.072
13.102
13.311
5.161
5.256
0.458
0.550
1.478
1.489
1.032
0.468
0.614
1.647
2.608
2.681
2.102
2.110
0.294
1.986
3.413
3.422
0.684
0.688
1.673
1.681
0.166
0.346
1.934
1.969
3.413
3.556
2.202
1.581
1.570
1.853
18.580
20.384
8.677
1.806
2.571
2.584
1.026
1.031
2.943
2.965
0.377
0.004
0.004
0.514
1.747
3.029
3.099
1.220
1.468
1.470
0.664
0.838
4.879
4.913
3.562
6.273
6.275
0.283
0.283
0.132
1.737
3.000
3.003
2.606
2.643
1.389
2.213
2.231
2.103
2.300
4.743
4.980
3.291
2.454
2.515
3.781
3.798
4.098
4.124
3.704
3.573
2.841
2.290
16.223
16.232
3.472
3.552
1.575
1.621
1.723
1.465
1.279
1.308
3.937
3.975
2.049
2.976
5.593
6.228
12.316
18.467
18.569
6.884
5.127
5.197
3.639
1.353
1.821
6.943
7.833
5.673
4.040
3.446
3.446
5.080
5.142
3.300
3.672
3.943
5.209
5.230
2.665
8.777
10.356
8.083
2.995
5.481
10.139
11.317
10.155
7.131
3.338
1.562
2.310
2.310
1.955
3.905
4.230
4.292
3.929
3.238
1.585
6.804
6.837
3.288
2.277
0.861
1.967
2.750
2.911
2.913
0.747
1.022
3.651
3.651
2.121
0.797
4.569
6.313
7.409
25.154
25.605
3.471
1.941
4.137
4.142
3.307
3.307
1.804
1.170
0.303
0.423
5.825
5.915
23.333
23.417
11.194
11.578
4.150
1.074
1.789
2.791
2.794
1.558
4.433
4.433
6.323
9.696
12.184
12.697
11.707
11.020
1.104
0.819
0.225
0.288
0.292
0.254
1.917
2.675
2.699
0.396
2.869
2.932
0.933
1.237
1.250
2.366
2.402
1.208
2.060
2.066
1.548
0.702
0.718
1.437
4.183
4.296
1.737
0.882
0.499
0.886
1.766
1.788
1.774
1.827
0.250
1.937
3.274
3.349
4.038
4.080
3.533
3.641
2.353
3.365
3.478
3.008
2.617
2.425
2.670
3.680
3.817
1.963
1.657
1.311
1.162
0.333
1.593
2.326
2.359
2.148
0.823
0.800
0.848
0.508
1.166
1.433
1.464
0.250
0.261
2.176
2.654
2.829
2.924
2.224
2.514
9.936
10.067
0.768
0.158
0.068
0.102
0.137
0.203
0.214
0.360
1.746
1.796
0.887
0.344
0.348
0.966
1.853
1.857
0.075
0.093
0.178
0.316
0.331
0.153
0.022
2.871
2.979
2.015
2.078
0.681
2.019
2.064
2.175
2.343
1.708
1.495
1.361
1.416
0.423
0.219
0.799
0.898
0.911
0.298
0.186
0.191
0.215
0.224
0.177
0.185
2.479
2.489
1.127
0.098
0.279
2.279
2.314
5.388
5.423
2.207
1.599
1.374
10.497
10.696
5.421
15.641
15.702
1.095
1.381
1.436
0.732
0.430
0.325
0.983
1.638
3.404
11.965
12.039
1.615
2.039
9.813
10.017
2.071
1.351
1.840
2.391
2.452
1.492
2.357
2.449
2.503
3.389
5.780
6.660
6.785
3.466
1.096
0.003
0.001
1.388
1.400
0.993
0.133
0.311
0.914
1.787
1.787
0.135
0.061
0.061
0.050
0.456
0.617
0.617
0.506
1.077
1.078
0.799
0.847
2.519
3.123
3.130
1.521
1.245
0.659
0.639
0.508
0.604
1.119
1.119
1.182
1.222
2.277
2.281
11.948
12.804
6.830
4.869
1.237
0.015
0.124
0.126
1.050
1.050
1.047
5.239
5.242
0.406
1.769
3.293
3.388
4.405
4.505
4.071
1.396
13.397
13.451
0.347
2.870
3.460
3.471
3.091
3.093
3.273
1.417
1.461
2.760
2.760
1.091
1.063
3.068
3.145
2.108
1.853
3.042
3.051
2.445
2.508
1.887
3.114
7.104
7.133
4.688
0.939
2.849
3.826
4.875
14.367
14.439
3.802
4.024
4.678
4.717
2.994
3.297
3.595
3.624
1.478
6.459
6.469
1.290
1.030
1.918
4.882
4.928
2.553
4.435
4.435
2.434
3.362
3.366
8.303
11.711
19.913
20.256
13.780
5.800
5.874
7.614
7.637
14.647
34.255
36.529
15.081
16.059
21.466
22.864
10.176
10.569
10.692
17.849
18.694
7.518
8.077
8.824
7.604
0.657
0.657
0.936
0.936
0.884
2.937
2.941
4.299
6.814
7.008
9.671
16.854
16.991
12.579
8.460
9.018
6.086
0.681
1.012
2.885
5.679
5.703
2.336
5.887
6.034
4.109
5.438
5.533
4.734
4.896
5.192
7.070
23.854
30.506
32.756
10.267
9.877
11.911
11.413
0.449
0.723
0.970
2.304
2.345
1.329
2.416
2.416
3.562
3.566
1.073
0.512
6.899
11.988
12.383
3.288
2.982
3.045
2.053
0.872
0.889
0.834
2.166
2.225
1.447
1.392
3.575
7.102
9.256
10.049
1.849
1.988
0.765
0.485
1.286
1.316
2.591
2.721
3.778
3.803
1.560
1.579
0.601
0.157
0.217
0.377
0.404
0.530
0.728
0.950
1.032
1.121
0.419
0.125
0.723
1.021
1.755
3.329
3.408
1.984
2.395
3.564
3.635
0.827
0.531
0.455
0.689
1.374
1.422
2.279
2.397
2.249
0.153
0.107
0.109
0.048
0.014
0.014
0.329
2.380
2.454
3.995
4.315
4.321
0.187
0.192
2.505
2.674
1.869
3.617
3.709
1.747
1.988
2.155
2.422
2.520
2.400
0.796
1.835
1.864
0.262
0.091
0.123
0.160
0.163
0.324
0.342
0.321
0.896
1.511
1.869
3.060
3.215
2.783
2.877
2.647
3.313
3.385
0.163
2.646
2.894
2.914
1.782
0.317
0.323
0.182
0.127
1.611
4.517
4.754
3.293
1.983
4.194
7.930
8.118
6.199
6.340
2.698
1.286
2.093
3.716
3.822
1.449
0.718
1.875
1.955
1.623
1.714
1.809
2.334
2.409
1.864
1.531
1.702
1.761
0.742
0.534
0.184
0.784
4.940
5.089
2.237
0.470
0.256
1.445
1.941
2.549
2.640
1.999
0.127
0.264
0.400
1.241
4.612
4.744
2.454
0.169
0.739
0.765
0.226
0.147
0.837
1.188
2.680
2.783
2.047
1.910
0.984
1.574
1.586
1.604
1.646
0.950
1.617
2.154
2.193
1.482
1.976
3.808
3.864
3.550
2.797
2.976
2.909
2.541
3.690
3.728
7.469
7.505
1.732
1.775
1.477
1.293
5.570
5.613
4.474
0.697
1.005
1.030
1.046
0.753
1.189
1.189
1.019
0.398
0.620
0.626
1.213
2.295
2.314
0.651
1.439
2.129
2.142
3.389
4.414
4.582
3.211
2.621
2.644
1.534
1.564
1.571
1.521
3.819
3.833
2.576
1.459
1.500
1.514
1.950
2.370
2.378
2.490
2.646
2.685
1.403
1.976
1.985
2.420
2.466
4.466
4.528
2.897
2.904
2.419
3.329
6.151
6.199
3.113
1.767
1.264
1.745
3.843
4.313
11.541
11.664
7.500
7.530
5.249
8.268
8.429
5.778
5.308
4.164
4.306
2.956
5.752
5.812
2.341
2.188
6.691
6.781
10.792
11.745
5.780
6.893
7.531
3.960
1.859
1.863
1.846
3.101
4.197
5.620
9.420
9.636
8.890
13.440
13.699
9.463
7.328
9.438
9.545
17.745
18.737
12.776
3.062
7.755
7.794
2.355
1.488
2.709
4.831
8.169
8.670
5.571
5.070
5.080
4.059
12.280
12.297
3.175
3.748
7.106
7.151
8.546
8.749
29.313
31.491
12.439
4.570
19.949
20.563
1.446
1.456
2.102
2.112
8.204
8.691
6.392
14.189
14.479
4.670
2.343
1.627
1.059
3.132
4.081
4.165
2.254
1.459
1.072
1.207
1.388
1.737
2.538
4.746
4.869
2.454
2.357
1.621
3.474
3.487
2.163
1.220
2.919
3.383
3.513
2.789
2.086
0.962
11.087
12.514
11.319
0.175
0.261
0.277
1.108
1.907
2.718
2.756
1.277
1.935
1.988
1.347
0.998
2.536
2.539
1.276
2.693
2.919
3.091
2.986
0.742
1.778
3.110
3.236
2.367
2.155
1.940
4.929
5.089
1.188
1.254
1.331
0.634
0.163
0.587
2.181
2.195
0.097
0.005
0.001
0.130
0.130
0.167
0.366
2.747
2.841
1.476
1.040
0.624
0.883
1.826
2.997
3.166
2.139
1.037
1.085
0.730
0.425
0.239
0.196
0.021
0.038
0.265
0.300
0.197
0.133
0.139
0.065
0.042
0.100
0.100
0.675
1.875
1.902
1.313
1.055
1.085
0.255
0.219
0.044
0.003
0.112
0.994
2.405
2.436
2.996
3.157
1.846
1.848
0.597
0.627
0.839
2.005
2.561
2.575
0.109
0.679
1.784
1.811
1.875
1.934
1.211
0.728
0.751
0.621
0.293
0.181
0.102
0.053
1.193
1.425
0.702
0.158
0.158
0.003
0.004
0.032
0.234
0.238
0.564
0.593
0.371
0.512
2.458
2.459
1.170
0.467
0.473
1.685
2.008
2.078
2.207
2.207
3.497
3.592
3.528
0.076
2.018
2.835
3.628
3.664
2.564
2.173
2.035
2.035
1.337
1.842
3.067
3.190
2.083
2.158
2.129
2.012
0.070
0.137
0.175
0.221
0.223
0.410
1.032
2.902
3.202
3.310
2.693
0.238
0.269
0.957
0.985
1.295
2.072
2.092
1.983
3.630
3.821
3.100
1.571
3.721
5.936
6.020
1.636
2.432
2.455
2.798
2.798
0.314
0.434
0.434
0.284
1.495
1.584
3.641
4.977
5.172
1.010
0.504
1.216
1.263
0.967
2.535
3.906
3.910
1.666
0.714
2.197
2.298
1.097
0.843
1.076
1.912
1.970
0.976
0.977
1.387
1.388
3.616
3.708
3.233
1.411
0.824
2.569
2.766
3.007
3.018
6.381
17.807
17.885
3.066
1.522
1.552
0.427
0.252
0.104
1.221
1.240
6.719
6.804
4.358
30.896
54.743
54.772
1.886
3.037
3.103
5.947
6.056
4.023
4.050
0.787
2.574
2.781
2.812
1.332
1.227
2.648
3.159
3.244
2.683
2.734
1.827
1.850
0.970
0.981
0.869
0.865
0.818
1.005
4.962
5.375
6.041
6.103
5.667
5.717
6.742
8.097
8.229
14.006
14.035
7.400
7.617
2.615
1.638
1.095
0.873
0.858
3.744
6.833
6.843
1.569
8.451
8.456
0.587
3.567
3.572
1.421
1.421
10.774
10.779
0.281
1.105
27.883
33.641
33.946
5.387
16.907
18.411
4.457
10.669
11.022
11.051
14.479
15.794
17.766
17.799
5.519
6.387
5.187
5.142
4.133
5.714
5.723
9.238
9.918
5.781
11.553
25.024
25.078
1.656
6.449
7.275
4.200
4.212
2.482
3.096
6.934
6.963
2.702
1.597
2.086
2.105
1.079
5.605
9.161
9.586
2.239
3.779
3.789
2.874
2.880
0.663
0.969
0.971
0.743
1.092
1.680
1.950
1.956
3.730
3.753
1.323
2.991
3.158
2.598
1.425
1.684
1.814
1.852
1.853
0.427
2.879
4.309
4.341
8.288
37.888
40.123
5.928
1.575
1.313
1.325
1.027
0.552
0.640
0.652
0.753
2.465
2.525
1.607
1.377
1.401
1.160
1.744
2.964
4.080
4.269
3.745
3.028
3.008
3.411
3.425
0.528
0.538
0.142
0.476
0.824
1.508
1.508
1.688
1.751
1.324
1.310
1.342
1.936
2.461
9.248
10.328
7.774
2.851
2.379
0.602
0.622
0.123
0.107
1.175
1.227
1.175
0.414
0.425
0.263
0.276
0.195
0.195
0.183
1.244
1.322
1.510
1.609
1.224
0.356
1.777
1.786
3.986
4.145
1.595
1.661
1.428
3.329
3.483
0.557
0.352
1.499
2.799
2.859
1.776
0.607
0.709
0.765
1.079
6.796
7.264
1.146
0.005
0.393
1.648
1.661
0.288
0.450
1.498
1.551
0.980
1.021
0.660
2.165
2.324
1.523
0.888
1.541
2.931
3.000
2.043
2.749
2.885
1.712
3.044
3.165
1.412
0.564
2.530
3.450
3.529
2.682
2.775
2.689
2.785
2.613
2.692
0.157
0.162
1.198
11.825
11.913
2.048
6.554
6.578
1.581
1.676
2.429
2.568
2.228
0.327
0.421
0.421
1.731
3.361
3.379
1.130
0.910
0.913
0.211
3.127
3.127
1.013
1.028
0.719
0.666
0.979
0.987
1.045
1.061
1.057
1.250
4.053
4.056
3.110
1.188
0.988
0.991
0.425
0.008
0.087
0.246
0.253
0.391
0.791
2.886
2.982
1.611
0.322
4.648
4.664
1.186
1.202
1.289
1.331
0.868
0.717
0.610
0.146
0.261
0.510
0.694
1.445
1.460
0.868
0.624
0.624
0.452
1.990
1.991
0.287
0.291
1.068
1.074
1.289
2.405
2.477
2.548
1.321
1.477
1.477
1.094
2.719
2.781
1.688
3.761
3.776
2.310
1.765
1.767
0.806
1.066
1.533
1.613
2.685
2.786
1.435
0.834
0.843
10.223
10.804
5.563
2.627
5.531
9.446
9.451
5.953
6.470
3.982
1.840
3.583
3.734
2.685
4.552
4.628
27.067
29.443
5.391
3.269
0.850
4.503
4.536
2.284
2.360
1.088
2.279
2.300
2.495
5.569
5.629
10.960
12.936
6.148
4.081
8.021
8.129
3.237
3.767
31.381
31.419
4.265
4.270
5.028
8.370
8.520
4.760
2.873
1.975
4.172
4.193
8.474
51.635
52.316
26.137
12.130
2.837
0.712
4.085
8.572
8.907
7.102
6.251
3.801
2.996
3.976
6.488
6.792
9.716
10.201
3.254
14.183
21.821
24.255
8.165
2.932
2.959
6.388
6.874
4.379
3.812
2.176
1.593
2.484
2.921
3.456
3.478
4.045
10.681
10.903
13.549
13.781
5.168
15.288
18.047
9.823
15.207
16.076
8.565
10.530
10.546
1.712
8.667
13.128
13.457
3.523
2.831
5.547
5.617
3.073
6.190
6.574
6.442
2.068
1.821
3.668
3.770
3.408
1.962
3.880
3.951
3.153
3.157
3.761
3.779
5.551
8.849
9.149
4.215
0.899
1.208
1.362
1.058
0.732
1.142
1.373
1.387
2.083
2.219
2.360
2.204
1.187
1.542
1.960
2.046
1.635
1.622
1.274
5.040
5.118
3.426
3.638
3.654
2.375
3.232
3.349
2.951
2.362
1.559
1.891
1.962
1.216
1.248
0.314
1.328
15.427
15.785
4.369
2.032
0.007
0.032
0.428
0.448
0.450
0.054
0.112
0.279
0.291
1.057
1.119
0.626
0.641
0.676
4.846
4.963
2.578
2.269
0.338
0.528
0.534
0.082
0.242
1.604
2.041
2.133
1.114
2.314
2.800
2.944
2.963
1.407
1.077
1.020
1.568
1.936
3.630
3.771
2.088
2.534
2.672
0.968
1.474
1.989
2.632
2.789
1.849
0.327
0.986
1.046
1.068
0.579
0.332
0.780
0.830
1.506
3.189
6.915
7.375
3.512
0.230
0.667
2.605
2.760
1.595
1.921
2.929
2.988
0.271
0.248
0.482
0.491
1.638
2.486
2.486
0.818
0.848
0.270
0.294
0.424
1.083
1.185
1.305
2.075
2.103
0.883
1.164
2.357
2.473
0.459
0.131
0.027
0.015
0.194
0.194
0.586
1.904
1.980
1.573
0.443
0.341
0.196
1.035
4.285
23.141
23.224
2.513
2.366
2.625
2.939
2.945
1.339
2.859
3.493
3.606
2.397
2.387
1.900
2.707
2.797
1.365
1.392
0.541
0.221
0.565
2.794
2.837
3.277
3.419
1.264
1.264
0.097
0.023
0.167
0.440
2.809
2.861
2.711
1.650
1.814
3.720
3.808
1.460
2.410
3.761
3.761
1.729
2.291
2.522
2.611
3.767
6.179
6.325
2.511
3.259
3.400
3.049
3.066
2.148
1.693
4.831
5.077
3.159
1.835
0.134
0.952
3.231
3.308
3.501
3.598
3.032
5.491
5.517
3.957
3.965
0.562
0.155
2.484
2.503
1.853
5.539
5.547
0.240
2.394
2.435
3.122
3.125
2.840
2.841
2.605
1.318
1.806
1.813
1.342
3.993
6.336
6.890
6.526
1.647
2.817
2.898
1.747
1.955
1.955
2.043
2.068
2.325
2.704
2.795
2.117
11.978
12.115
5.183
6.333
1.611
1.664
1.385
3.377
3.426
2.902
2.911
1.034
4.385
4.442
5.614
17.720
19.797
10.735
7.269
1.194
1.207
1.229
9.013
10.549
9.581
10.304
8.276
23.906
24.266
16.223
7.222
7.136
7.222
3.211
2.579
6.200
6.298
1.757
1.892
1.903
1.038
11.282
14.352
15.498
23.926
24.434
7.011
7.757
6.563
4.384
5.692
7.287
7.346
1.378
1.227
7.487
8.065
3.557
5.833
14.688
14.770
12.919
13.147
9.271
9.651
7.170
5.618
4.364
4.288
11.317
11.763
3.452
3.735
5.656
6.063
50.524
55.431
29.751
7.301
4.771
0.125
11.784
13.152
1.889
0.597
0.369
0.369
0.337
0.326
0.461
0.689
0.688
0.285
0.285
0.332
0.772
1.843
3.106
6.699
7.387
4.483
5.385
5.708
3.584
2.321
1.629
3.014
8.751
13.167
13.267
6.481
2.413
1.956
4.457
5.809
14.556
15.916
16.054
1.973
0.789
0.844
0.476
1.576
1.597
1.175
0.611
0.426
0.431
0.904
0.964
0.568
0.284
0.270
0.238
0.547
6.038
6.346
4.122
2.087
1.321
2.152
14.427
14.506
0.777
1.695
3.287
3.388
2.379
0.912
1.979
1.990
1.859
2.016
0.950
0.808
1.883
3.985
4.014
2.106
0.547
0.002
0.001
0.185
0.390
1.724
3.548
3.598
2.361
2.376
0.140
0.238
0.253
0.188
0.002
0.005
0.011
0.011
0.001
0.002
0.003
0.006
0.006
0.021
0.073
0.172
0.178
0.178
0.703
0.723
0.444
2.759
2.853
1.872
0.936
0.449
0.572
0.681
0.944
0.963
0.681
1.192
2.007
2.083
1.632
1.618
1.823
3.465
3.587
3.236
3.330
1.684
1.147
1.897
14.720
14.896
3.963
2.980
1.735
2.725
2.811
2.504
2.817
2.876
1.848
2.271
2.333
0.098
0.115
1.152
1.570
1.638
3.106
3.480
3.524
1.117
1.379
1.395
1.116
2.329
2.402
2.365
2.465
1.989
2.074
2.037
1.262
1.267
0.553
1.051
1.071
2.493
31.299
31.426
3.077
2.807
1.718
1.749
2.031
4.307
4.678
4.977
1.372
0.812
0.134
0.138
0.225
0.257
0.354
0.544
0.610
0.495
6.369
6.692
2.255
2.321
1.725
0.402
0.228
2.470
2.677
2.779
1.454
1.396
1.119
2.831
13.251
13.259
4.095
4.098
0.080
0.080
0.019
0.068
0.182
0.259
0.260
0.110
0.541
0.542
0.489
0.911
1.566
1.581
1.243
1.243
0.178
1.935
3.896
4.224
3.839
3.861
1.388
1.433
3.026
3.030
3.384
3.405
2.101
3.998
4.106
1.980
1.998
1.545
0.253
0.644
1.819
1.885
1.932
1.941
1.142
1.671
3.150
3.268
2.855
2.815
1.752
3.499
3.500
1.879
1.512
0.544
0.595
1.969
1.975
0.947
0.743
0.993
1.314
3.182
3.322
2.071
2.949
2.979
1.504
0.877
0.881
0.770
0.767
0.423
1.375
1.383
0.794
0.569
0.566
0.575
1.627
2.549
5.250
5.646
5.510
1.464
1.491
5.472
5.608
1.876
1.898
1.697
0.808
0.808
0.841
8.205
23.830
25.852
6.963
2.191
2.712
10.646
10.673
8.607
13.070
13.303
3.379
1.258
1.280
1.204
1.336
1.336
9.384
11.008
31.983
35.646
35.722
1.374
1.291
0.582
2.723
4.021
4.616
4.628
15.982
17.605
8.100
4.897
6.923
6.942
2.800
5.242
5.319
9.506
9.909
4.763
6.674
7.217
3.529
3.567
1.074
5.296
5.300
4.288
2.845
0.922
1.458
1.458
2.677
2.784
2.744
2.258
2.262
1.451
1.451
1.269
1.269
1.072
1.122
1.122
7.408
11.031
31.075
31.182
5.282
1.551
1.551
1.261
0.486
1.737
1.772
1.622
8.307
16.212
16.212
0.656
0.656
0.307
0.146
0.179
0.184
1.454
4.788
4.803
7.679
24.462
28.003
32.183
35.975
19.267
9.454
12.254
7.815
5.620
2.550
2.276
2.413
0.378
0.043
0.137
0.151
0.104
0.657
3.486
4.315
4.398
2.172
1.470
1.006
1.092
5.626
5.780
5.057
2.874
2.979
2.314
2.059
1.498
2.590
3.109
3.205
2.880
1.499
2.241
2.669
3.293
3.760
3.891
1.753
1.362
0.290
0.341
0.343
0.770
0.793
1.260
1.292
2.605
2.688
2.513
2.651
2.508
3.010
3.234
3.383
2.187
1.260
1.075
1.075
0.389
1.181
1.216
0.798
1.013
1.229
3.850
3.968
2.859
1.511
1.231
0.588
1.769
1.841
1.115
1.525
1.577
0.467
0.058
0.033
0.199
1.622
1.733
2.134
3.612
3.753
3.088
3.130
1.090
1.815
1.840
1.104
1.360
2.247
2.320
1.827
0.322
1.650
1.729
0.876
0.183
0.595
0.619
0.640
0.699
0.781
3.002
3.121
1.338
1.321
1.845
1.924
1.750
0.520
0.416
0.223
0.080
0.698
0.707
1.058
1.155
2.936
9.876
10.714
6.988
2.383
2.306
2.385
1.453
1.466
0.573
0.604
0.555
1.599
1.601
1.020
2.086
2.088
1.239
0.544
4.462
4.647
6.054
6.159
3.301
1.189
1.479
1.938
3.020
3.171
6.916
33.697
35.824
10.477
1.879
3.096
3.125
2.182
3.197
12.299
12.320
0.152
1.166
1.282
1.354
2.502
2.542
0.062
0.648
0.844
0.850
0.227
0.346
4.440
4.455
0.126
0.157
1.558
2.758
3.070
3.111
2.949
0.158
0.713
2.055
2.056
0.422
0.426
0.677
0.703
0.192
0.630
1.089
1.585
2.812
2.828
0.292
1.278
1.292
2.110
2.120
0.189
0.197
0.091
0.609
1.807
1.818
1.877
1.966
2.180
2.279
2.280
1.947
1.880
5.446
7.026
7.316
3.878
1.106
1.107
0.499
1.030
1.030
0.575
0.514
0.516
2.573
2.672
2.037
2.039
0.725
0.209
0.219
3.348
3.351
4.882
5.094
3.351
3.428
2.537
2.483
2.593
2.187
1.812
1.817
1.792
1.026
1.123
1.123
0.967
0.786
2.108
3.420
15.313
24.496
25.759
25.943
0.758
0.438
0.480
1.503
2.101
3.627
3.646
2.741
2.741
0.471
1.408
1.422
3.297
3.688
4.672
4.908
3.415
2.251
1.757
16.891
18.374
9.072
6.081
6.142
5.761
6.170
6.250
4.230
5.407
5.414
1.431
3.008
11.898
14.205
18.209
18.521
17.651
14.837
7.150
7.429
3.789
3.765
1.869
1.325
1.873
14.266
15.782
17.736
17.947
12.425
13.311
5.002
2.471
3.273
3.276
5.407
5.434
7.004
7.500
6.722
10.417
10.640
3.768
3.838
4.370
7.964
8.719
5.778
7.487
7.779
6.732
3.762
4.575
4.575
1.368
1.486
5.211
5.214
1.374
2.160
4.107
4.118
8.074
8.479
2.305
8.161
8.228
6.076
3.719
2.773
1.365
1.388
6.397
10.753
11.012
6.909
1.944
3.588
4.283
4.324
1.896
1.328
3.851
3.867
3.639
3.663
1.705
1.362
1.828
2.639
2.642
0.570
0.575
0.590
0.981
1.030
2.029
2.030
1.631
1.886
2.044
2.224
2.963
3.638
3.692
9.306
9.788
1.912
0.026
0.002
0.114
0.349
0.408
18.038
34.071
35.324
7.948
0.880
1.950
2.828
2.942
2.711
2.725
0.061
0.494
2.606
2.672
5.350
5.642
2.418
1.805
1.971
2.015
2.447
2.484
2.104
1.145
3.356
3.476
3.107
1.641
1.923
2.358
2.463
1.989
1.898
2.062
2.164
2.041
2.126
0.979
0.870
0.872
0.323
0.177
0.016
0.016
0.020
0.043
0.427
0.887
1.196
1.374
1.219
3.624
3.742
1.309
1.310
0.756
2.091
2.176
1.402
0.849
1.863
1.892
0.247
0.009
0.001
0.042
0.506
1.358
1.455
1.281
1.128
1.114
0.493
0.279
1.271
2.300
2.389
2.206
0.883
1.605
1.647
1.069
0.613
2.557
2.645
2.674
2.029
0.583
1.845
2.085
4.900
4.902
0.231
1.720
2.993
3.029
2.593
10.289
10.366
0.296
0.301
2.512
2.609
3.475
3.567
2.307
2.385
1.990
1.298
1.639
1.663
0.584
0.515
1.047
1.755
1.871
1.669
1.434
1.506
1.498
1.621
3.924
3.981
1.437
8.403
8.621
15.227
15.308
0.634
0.331
0.958
2.267
7.181
7.404
3.097
1.686
3.265
4.497
4.742
5.963
6.094
2.905
4.486
4.917
2.542
2.593
2.325
1.864
2.795
2.933
2.255
2.340
1.470
1.092
0.151
0.204
4.653
4.766
2.816
1.089
4.130
4.144
0.289
0.350
0.356
0.204
0.211
0.197
1.289
1.779
1.803
1.709
4.482
4.551
0.907
0.191
0.609
0.636
2.885
2.945
2.797
3.809
3.890
2.346
2.103
3.572
3.645
2.660
3.399
3.508
3.610
1.819
3.389
3.492
1.748
1.264
3.006
3.026
1.777
1.777
1.008
4.185
4.292
2.590
5.356
5.382
2.912
1.565
1.244
2.165
2.894
2.912
3.045
3.169
2.641
2.084
1.454
0.219
0.395
3.713
3.842
2.714
1.321
1.668
2.903
11.917
27.924
64.214
64.222
0.416
0.069
0.559
0.619
0.406
0.340
0.239
4.240
4.260
0.929
6.474
6.525
9.627
10.958
4.595
3.626
4.077
4.077
1.488
2.102
3.392
3.773
9.912
10.090
16.345
18.717
11.349
3.712
1.635
7.505
16.696
17.031
15.712
5.310
3.933
3.384
3.466
5.397
5.419
3.612
4.026
2.704
1.213
2.998
4.891
14.863
17.279
14.645
10.723
9.042
3.422
3.145
3.166
2.416
16.860
18.231
6.724
2.851
6.289
6.305
1.714
4.331
4.760
4.586
4.649
3.828
3.885
1.815
1.153
1.847
1.930
1.255
1.255
0.885
6.038
12.713
21.075
21.241
8.172
2.312
2.337
13.082
19.515
20.082
5.325
3.025
2.949
9.999
10.069
3.968
1.102
1.471
2.299
4.637
4.808
1.518
0.329
0.491
0.646
0.793
0.805
0.694
6.191
6.781
4.712
3.464
4.173
4.265
3.844
3.896
1.102
1.645
2.937
12.485
26.563
27.645
15.850
2.449
2.477
4.483
4.637
1.542
1.284
0.698
0.731
0.735
0.390
0.392
0.743
0.744
0.638
0.610
0.623
1.218
1.275
0.672
7.316
10.265
10.388
1.383
1.639
2.983
2.993
1.284
1.423
1.068
0.123
0.403
2.493
2.552
2.338
1.188
1.919
1.932
1.324
1.387
3.115
3.271
2.993
3.096
2.675
0.053
0.087
0.426
1.783
2.215
2.252
0.775
0.208
0.442
1.618
1.772
1.781
0.908
0.342
0.546
2.561
2.662
1.808
0.232
0.235
1.394
1.444
0.338
0.254
0.043
0.051
0.068
0.436
0.591
0.604
0.758
2.696
2.817
2.908
2.049
2.058
12.576
26.244
27.186
13.171
2.680
0.021
0.063
0.068
1.269
1.344
1.997
2.073
0.377
0.983
1.218
1.291
2.003
2.046
1.833
6.778
12.414
17.276
17.693
2.727
2.316
2.757
2.840
0.935
0.002
0.034
0.034
0.121
1.132
1.176
1.530
1.557
0.178
0.024
0.008
0.572
2.225
2.539
1.984
1.449
3.311
3.429
3.129
4.214
4.294
1.478
0.416
0.705
0.716
0.713
0.744
0.470
1.186
2.392
2.480
1.777
1.189
1.799
1.803
0.699
0.706
0.373
0.180
2.491
2.566
0.718
0.361
0.361
0.003
0.008
0.725
9.334
9.471
2.938
21.644
22.184
11.523
4.198
3.008
2.190
2.253
2.810
2.966
3.111
1.051
0.072
2.007
2.059
6.964
7.100
4.140
3.742
3.918
0.769
0.323
0.298
0.309
0.305
0.126
0.048
1.569
1.569
0.825
13.283
13.370
1.942
1.141
6.498
6.523
3.593
3.708
2.670
2.738
2.425
0.859
0.429
8.709
10.297
7.348
2.832
2.882
3.323
4.415
4.415
0.056
0.098
0.559
1.138
1.268
4.305
4.341
1.605
1.254
2.762
2.767
2.299
2.988
2.575
1.671
1.671
0.377
1.522
1.522
0.019
0.044
0.292
0.295
0.230
1.195
4.359
4.593
3.472
0.883
0.085
4.470
5.796
4.825
5.252
5.434
2.113
8.713
9.847
6.089
0.484
14.247
16.166
9.347
5.483
1.069
0.603
0.626
1.016
1.075
1.625
3.173
9.761
18.109
19.622
9.359
5.631
5.666
2.316
2.334
2.393
3.616
3.699
1.855
7.610
11.764
12.071
5.312
6.487
9.211
11.285
11.888
2.688
0.700
1.018
1.050
2.344
2.344
5.384
5.462
2.860
3.293
10.330
10.689
1.920
0.391
3.947
3.956
1.667
1.068
2.160
2.187
0.898
0.907
0.962
0.967
0.488
0.663
0.663
0.456
0.456
0.612
0.861
1.497
3.576
3.992
2.376
1.724
12.544
13.269
11.466
2.052
1.367
1.602
1.660
0.519
0.989
3.370
3.394
4.286
14.841
14.875
10.732
14.131
15.262
7.803
2.253
1.964
0.416
5.907
16.360
16.815
5.790
6.074
6.074
7.256
7.964
8.565
8.670
8.553
3.867
2.458
0.248
0.134
0.729
1.744
2.426
2.464
1.863
1.922
1.607
1.645
0.977
3.447
9.650
9.839
5.716
2.490
2.036
2.161
2.208
0.939
0.656
0.405
0.061
0.103
0.400
1.345
1.410
0.798
0.426
0.393
0.655
0.656
3.837
3.881
1.463
0.299
0.307
1.723
1.854
1.642
0.044
0.100
1.442
2.944
2.969
2.407
2.320
1.527
1.698
1.757
1.672
3.296
3.870
3.919
0.778
0.072
0.762
2.051
3.120
3.764
3.785
3.107
3.202
3.101
3.204
0.569
0.034
0.157
0.442
2.515
3.745
3.805
0.065
0.001
0.003
0.144
0.201
0.201
0.059
0.897
1.857
1.913
1.314
1.587
1.691
5.103
5.232
0.359
0.085
0.359
0.373
0.224
0.215
0.948
1.464
1.542
2.273
2.356
1.508
0.698
2.422
2.553
1.158
1.536
1.626
1.382
1.645
2.020
2.106
0.133
0.001
0.004
0.067
1.971
2.694
