20150101
0.61
0.38
1.02
0.73
1.04
0.41
0.32
1.21
1.75
1.62
1.49
1.51
1.15
0.71
0.81
0.91
1.25
1.48
1.53
1.41
1.17
0.77
0.89
0.89
0.62
0.51
0.48
0.47
0.35
1.16
0.88
1.01
0.90
0.68
0.80
0.99
0.71
0.52
0.30
0.57
0.73
0.52
0.69
1.28
0.94
1.07
0.89
0.79
0.72
1.26
0.88
1.05
1.59
1.52
1.28
0.69
0.59
0.67
0.49
0.40
0.31
0.26
0.66
0.69
0.44
0.71
0.53
0.48
1.09
1.13
0.84
0.72
0.71
0.56
0.47
0.58
0.46
1.26
0.79
1.08
0.95
0.96
1.38
0.91
0.95
0.95
0.90
0.63
0.55
0.85
0.86
1.10
0.68
0.66
0.43
0.76
0.64
0.54
1.09
0.88
0.72
0.46
0.60
0.85
0.49
0.57
0.47
1.33
0.88
1.11
0.87
0.72
0.65
0.87
0.54
0.95
0.96
0.52
0.98
0.83
0.73
0.50
0.70
1.08
0.77
0.77
0.79
1.02
0.71
0.59
0.50
0.59
0.51
0.56
0.43
0.65
0.81
0.75
0.69
0.65
0.59
0.65
0.51
0.44
0.61
0.45
0.37
0.63
0.69
0.77
0.51
0.50
0.58
0.76
0.79
0.63
0.44
0.47
0.50
0.58
0.72
0.68
0.58
0.39
0.66
0.60
0.70
0.55
0.58
0.64
0.61
0.58
0.61
0.45
0.61
0.44
0.47
0.64
0.68
0.68
0.76
0.84
0.65
0.56
0.77
0.66
0.38
0.38
0.73
0.71
0.81
0.77
0.50
0.60
0.81
0.73
0.55
0.74
0.61
0.81
0.83
0.65
0.54
0.60
0.68
0.85
0.75
0.65
0.66
0.59
0.62
0.74
0.66
0.73
0.60
0.46
0.53
0.41
0.65
0.67
0.54
0.62
0.50
0.49
0.49
0.36
0.55
0.51
0.48
0.50
0.46
0.73
0.57
0.55
0.57
0.53
0.47
0.62
0.66
0.66
0.75
0.67
0.63
0.53
0.46
0.42
0.60
0.46
0.77
0.76
0.74
0.64
0.54
0.59
0.43
0.44
0.40
0.49
0.46
0.51
0.52
0.49
0.66
0.52
0.61
0.56
0.43
0.43
0.39
0.47
0.64
1.09
0.98
0.77
0.66
0.30
0.51
0.79
0.85
0.89
0.84
0.50
0.67
0.61
0.64
0.62
0.61
0.50
0.98
1.11
0.99
1.01
0.60
0.62
0.40
1.06
0.68
0.75
0.58
0.53
0.47
0.49
0.61
0.85
0.77
0.84
0.52
0.70
0.47
0.41
0.64
0.49
0.59
0.43
1.09
1.49
0.88
0.74
0.77
0.51
0.45
1.07
1.02
1.02
1.01
0.81
0.85
0.96
0.80
0.47
0.33
0.56
0.53
0.43
0.56
0.67
0.98
1.08
1.16
0.79
1.02
1.18
0.67
0.54
0.27
0.51
0.32
0.43
0.74
0.63
0.20
0.99
0.70
0.58
0.78
0.82
0.49
0.46
1.43
1.51
1.61
1.44
0.93
0.53
1.19
