20150101
16831784.0
11502544.0
11295832.0
14447358.0
17844280.0
17844280.0
13430796.0
16567022.0
19033984.0
19033984.0
19003004.0
18921420.0
18797740.0
18219668.0
18314252.0
18314252.0
19048224.0
19482340.0
19482340.0
19563888.0
19563888.0
17479480.0
17479480.0
15917528.0
15575640.0
14668052.0
14316736.0
15925876.0
15925876.0
16217078.0
20378914.0
20378912.0
18654924.0
16809952.0
16388850.0
16388848.0
18130016.0
18130016.0
15310644.0
15303268.0
16003494.0
20547676.0
20547676.0
22007944.0
22007944.0
21358996.0
23240414.0
23240412.0
21668312.0
18017910.0
22172390.0
22172390.0
24413662.0
24822624.0
24822624.0
24437836.0
19207834.0
19484852.0
19983332.0
19983332.0
13367266.0
19473086.0
21508808.0
21819360.0
21819360.0
19850784.0
20015140.0
20830288.0
22561164.0
25925456.0
25925456.0
25267364.0
22372280.0
21945650.0
21945648.0
24568280.0
24568280.0
22957234.0
26866644.0
26866644.0
27665414.0
27665414.0
28285970.0
29674174.0
29674174.0
27067474.0
29278978.0
29278978.0
24476868.0
22321822.0
22702264.0
23989970.0
24576580.0
24820840.0
26320934.0
26321158.0
25522502.0
23736974.0
25835648.0
26857014.0
26859142.0
24930776.0
23418344.0
24526818.0
27106122.0
28853242.0
28860384.0
26074768.0
32616424.0
32631440.0
30816940.0
30833894.0
27551132.0
27575554.0
27393398.0
26612840.0
29163680.0
29199538.0
26182618.0
30511332.0
30551582.0
25958084.0
25999570.0
26751608.0
31141348.0
31187436.0
29409556.0
31355348.0
31424628.0
30311692.0
27921440.0
28077632.0
28114220.0
25250010.0
25311718.0
24455976.0
27151364.0
28343372.0
28415224.0
27025392.0
23618208.0
23650528.0
23672240.0
22317122.0
28098460.0
28187692.0
24061384.0
28136968.0
28227212.0
26157896.0
23295538.0
25157804.0
25659252.0
28779300.0
28866140.0
27474380.0
24083676.0
23577528.0
23646432.0
22879396.0
17945464.0
16588092.0
15074388.0
18908444.0
18949528.0
28179220.0
28264688.0
23408684.0
23189776.0
22010300.0
23322560.0
23416236.0
22991992.0
16832192.0
18978508.0
19016896.0
20938052.0
20968672.0
13320768.0
16069632.0
24776572.0
24837412.0
26043644.0
26098284.0
19736208.0
19103952.0
17765716.0
17795596.0
15184516.0
20097140.0
20118360.0
15327662.0
24808814.0
24847656.0
19553026.0
22090848.0
22118392.0
21757476.0
21810172.0
22138204.0
22190066.0
20641060.0
19074978.0
17165464.0
19848078.0
21215066.0
23390832.0
23430758.0
22689856.0
22723642.0
20681548.0
16846268.0
19851006.0
19866276.0
22174170.0
22189794.0
19329576.0
13901182.0
15207538.0
19980932.0
22170846.0
22183356.0
21899040.0
18870424.0
19677164.0
19681136.0
13523746.0
13527686.0
12402338.0
18331556.0
18335770.0
9994600.0
12282526.0
18853784.0
19309972.0
21541520.0
21546198.0
18164314.0
13659536.0
15658532.0
17538700.0
17542058.0
19319558.0
19356172.0
19359004.0
16798228.0
13387116.0
15991542.0
16965538.0
24255064.0
24256438.0
24114016.0
22322726.0
19148712.0
15080154.0
19165234.0
19695242.0
19695494.0
18936676.0
19509220.0
20774856.0
20774856.0
20910430.0
20910430.0
17035422.0
17035422.0
16355861.0
13984625.0
13665146.0
17289436.0
20228636.0
21571108.0
23233234.0
23233234.0
21289780.0
18874282.0
17910684.0
22349928.0
23711956.0
23711954.0
23597136.0
21611772.0
20730220.0
17405488.0
17888576.0
17888576.0
17219374.0
18328306.0
18328306.0
20652042.0
22123458.0
22123458.0
18947018.0
17479090.0
17227130.0
17190784.0
20222878.0
20222878.0
18191800.0
18191800.0
19243500.0
19243500.0
17706366.0
19352598.0
20045612.0
20045612.0
19974996.0
15028368.0
13264684.0
13264684.0
17442650.0
17442648.0
15863960.0
15863960.0
16176464.0
19380250.0
19380248.0
17056320.0
14051092.0
14051092.0
12893474.0
18017018.0
19183644.0
19183644.0
18710948.0
18710948.0
17417924.0
16183484.0
16965366.0
16965364.0
12461880.0
13913656.0
13913656.0
12692940.0
12666472.0
10943716.0
14669282.0
17936332.0
17936332.0
16828764.0
16077848.0
15449084.0
15449084.0
14939740.0
12709556.0
11939600.0
11977382.0
12890038.0
12890036.0
12692656.0
12199516.0
12532776.0
15955840.0
15955840.0
13624648.0
13624648.0
12564244.0
13866708.0
16992130.0
17144412.0
17144412.0
17114804.0
16516320.0
15971424.0
14078284.0
