20150101
0.47
0.80
1.81
1.04
0.34
0.57
0.50
1.29
1.54
1.03
0.54
0.69
0.36
0.45
0.27
0.30
0.83
0.68
0.82
0.95
0.24
0.48
0.38
0.38
0.46
0.76
0.66
0.83
1.12
0.91
0.41
0.54
0.26
0.37
0.45
0.52
0.22
0.38
0.59
0.20
0.51
0.33
0.45
1.05
0.41
0.73
0.45
0.32
0.35
0.93
0.42
1.18
0.94
0.83
0.75
0.42
1.07
0.34
0.47
1.12
0.77
0.90
0.82
0.29
0.42
0.24
0.57
0.51
0.60
0.56
0.50
0.30
0.26
0.61
0.55
0.64
0.70
1.03
0.43
0.82
0.41
0.60
0.98
0.40
0.41
0.64
0.74
0.31
1.21
0.63
0.38
1.07
0.64
1.01
0.67
0.26
0.46
0.67
0.84
0.31
0.30
0.57
0.67
0.41
0.54
0.35
0.66
1.37
0.40
0.53
0.40
0.46
0.37
0.50
0.45
0.50
0.53
0.40
0.63
0.44
0.24
0.56
0.44
0.78
0.51
0.38
0.65
0.59
0.26
0.28
0.33
0.22
0.23
0.36
0.88
0.76
0.50
0.25
0.25
0.47
0.99
0.78
1.06
0.51
0.31
0.57
0.72
0.37
0.21
0.55
0.70
0.97
0.50
0.27
0.32
0.38
0.52
0.58
0.76
0.44
0.42
0.26
0.68
0.84
0.83
0.75
0.96
0.51
0.54
0.54
0.63
0.87
0.82
0.49
0.47
0.55
0.50
0.88
0.77
0.42
0.89
0.72
0.89
0.58
0.55
0.34
0.47
0.97
0.82
0.62
0.84
0.62
0.49
0.30
0.88
0.73
0.48
0.73
0.46
0.53
0.60
0.41
0.49
0.49
0.50
0.47
0.47
0.51
0.42
0.46
0.61
0.51
0.64
0.63
0.50
0.48
0.41
0.46
0.64
0.48
0.37
0.63
0.61
0.58
0.60
0.54
0.67
0.74
0.35
0.62
0.42
0.51
0.40
0.48
0.78
0.38
0.64
0.42
0.27
0.12
0.31
0.28
0.38
0.54
0.43
0.52
0.16
0.33
0.32
0.49
0.29
0.28
0.49
0.76
0.63
0.51
0.57
0.58
0.76
0.58
0.44
0.49
0.57
0.37
0.42
0.58
0.42
0.41
0.42
0.36
0.40
0.50
0.30
0.22
0.27
0.56
0.59
0.37
0.30
0.39
0.48
0.47
0.65
0.25
0.40
0.40
0.25
0.48
0.79
0.87
0.46
0.42
0.46
0.56
0.67
0.60
0.49
0.16
0.42
0.40
0.50
0.55
0.37
0.60
0.26
0.18
0.45
0.44
1.07
0.80
0.32
0.44
0.29
0.47
1.09
0.88
0.17
0.17
0.34
0.69
0.61
1.26
0.45
0.45
0.46
0.20
0.31
0.35
0.48
0.58
0.66
0.19
0.33
0.69
0.50
1.10
1.06
0.57
0.62
0.43
0.51
0.75
0.49
0.52
0.76
0.76
0.87
0.91
0.34
0.36
0.89
1.23
0.46
0.46
0.40
0.60
1.00
0.86
1.40
1.46
1.40
1.15
0.68
0.63
1.33
