20150101
16509996.0
11083640.0
11097540.0
13857734.0
17615628.0
17615628.0
12486288.0
16030948.0
19030062.0
19030060.0
19012316.0
18922168.0
18706640.0
17943172.0
18030672.0
18030672.0
18848302.0
19472636.0
19472636.0
19580684.0
19580684.0
16554924.0
16554924.0
15179120.0
14838552.0
13419468.0
13239000.0
15015420.0
15015420.0
15373918.0
19965748.0
19965748.0
17752364.0
15488336.0
15460284.0
15460284.0
17134500.0
17134500.0
14134350.0
13647834.0
14199830.0
19524592.0
19524592.0
21713410.0
21713408.0
21432760.0
23230680.0
23230680.0
20996224.0
17480298.0
21883638.0
21883638.0
24372196.0
24857430.0
24857430.0
24520288.0
18960130.0
18347116.0
18593756.0
18593756.0
12734870.0
18162910.0
19996448.0
20377300.0
20377300.0
18252680.0
18645356.0
18978684.0
21257632.0
25178436.0
25178436.0
24464612.0
21273924.0
20791476.0
20791476.0
23156644.0
23156644.0
22083384.0
26175576.0
26175576.0
27318032.0
27318032.0
28113852.0
29681026.0
29681026.0
26191096.0
29220066.0
29220066.0
23863390.0
21357600.0
21357600.0
22414778.0
24266152.0
24266152.0
25111158.0
25111410.0
23366072.0
22071196.0
23875566.0
25394810.0
25396938.0
23109908.0
21767262.0
23557540.0
26787342.0
28670126.0
28676988.0
25043886.0
32470334.0
32486130.0
30334642.0
30350786.0
26516438.0
26540614.0
25891912.0
26113076.0
28300420.0
28336784.0
25307950.0
29293094.0
29330052.0
24593402.0
24634168.0
25515564.0
30817436.0
30866656.0
29469172.0
31388616.0
31460996.0
30288652.0
27018500.0
26995738.0
27033872.0
23978430.0
23792246.0
23381680.0
26240488.0
28055904.0
28126172.0
25746900.0
22048392.0
22186872.0
22214116.0
20944804.0
27507138.0
27590904.0
22560008.0
26901280.0
26985768.0
25168968.0
22384974.0
23570992.0
24635920.0
28411052.0
28495644.0
27008828.0
23036264.0
22842880.0
22910372.0
22182312.0
17418940.0
16927012.0
14762464.0
17990964.0
18033648.0
28006504.0
28087416.0
23150968.0
23225788.0
22848784.0
23415496.0
23801116.0
23868264.0
17112508.0
19715992.0
19754188.0
21191060.0
21228456.0
14709504.0
16569652.0
24674164.0
24735560.0
26576824.0
26633480.0
20448196.0
19714056.0
18438420.0
18471240.0
16065732.0
21022780.0
21050236.0
16298094.0
25402096.0
25443836.0
20424842.0
23099148.0
23130662.0
23016508.0
23074436.0
22510588.0
22565722.0
21268530.0
19991962.0
18075388.0
21180076.0
22279844.0
24172286.0
24214650.0
23331836.0
23366692.0
21304944.0
17907876.0
20544026.0
20560048.0
22960546.0
22977046.0
19884472.0
14632726.0
15670946.0
20758900.0
22781702.0
22794822.0
22782880.0
19425920.0
19692072.0
19696410.0
13885540.0
13889778.0
12732564.0
18569558.0
18573960.0
10776734.0
12293056.0
18671226.0
19400538.0
21694426.0
21699468.0
18772134.0
14262052.0
15193334.0
17236244.0
17239590.0
19395056.0
19417526.0
19420472.0
16369460.0
13733980.0
15508876.0
16771838.0
24407276.0
24408762.0
24082608.0
21847436.0
19771622.0
15635740.0
19338622.0
19734378.0
19734742.0
19412684.0
19880566.0
20839492.0
20839520.0
21384922.0
21384922.0
17584488.0
17584488.0
15784433.0
13669201.0
13654223.0
17427296.0
20204676.0
21691674.0
23336110.0
23336110.0
21632216.0
18843036.0
17645582.0
22219868.0
23429132.0
23429130.0
23312304.0
21110824.0
20099828.0
16885400.0
18324164.0
18324164.0
17821160.0
17859740.0
17859740.0
20343438.0
22361260.0
22361260.0
18017128.0
16828772.0
16903538.0
16903536.0
20295772.0
20295772.0
17907984.0
17907984.0
19238768.0
19238768.0
17819908.0
19652284.0
20364164.0
20364164.0
19902868.0
14758320.0
12492788.0
12548892.0
16583576.0
16583576.0
15051592.0
15051592.0
15080012.0
19482630.0
19482628.0
17337036.0
13502032.0
13502032.0
12146188.0
17701474.0
19278520.0
19278520.0
18729752.0
18729752.0
17280140.0
15988432.0
16857626.0
16857624.0
11911852.0
13095272.0
13095272.0
12371424.0
12371424.0
10175168.0
13504036.0
18010300.0
18010300.0
16783968.0
15743720.0
14643382.0
14643380.0
14237576.0
11905652.0
11639292.0
11436404.0
12070016.0
12070016.0
11733032.0
11651040.0
11651040.0
15818206.0
15818204.0
12537044.0
12537044.0
11902684.0
13086764.0
16678358.0
17108732.0
17130820.0
17130820.0
16531112.0
15987792.0
13421620.0
