19950101
0.389
0.238
0.105
0.417
0.432
0.472
0.489
20.059
20.110
1.476
0.970
0.985
0.927
0.521
1.876
10.903
12.659
12.681
1.325
1.382
1.203
0.526
0.412
0.270
0.271
0.050
0.099
0.331
0.412
0.418
0.261
0.335
0.359
0.617
0.963
1.514
1.516
0.441
0.102
0.102
0.128
0.146
0.052
0.041
3.584
5.337
5.380
1.496
1.536
1.121
0.959
2.334
4.677
7.379
7.406
0.336
0.508
0.958
0.984
0.623
0.241
0.248
0.399
0.443
0.626
5.922
5.950
1.201
1.271
1.163
1.183
0.734
0.770
0.162
0.279
1.317
1.342
0.169
0.341
0.343
0.009
0.046
0.169
0.169
20.895
21.880
1.745
0.826
0.907
0.936
0.505
0.525
0.376
0.416
1.341
1.379
0.185
0.172
0.026
0.066
0.947
1.101
1.165
0.921
0.538
0.536
0.536
0.191
0.191
2.171
2.201
0.965
0.981
0.990
0.636
0.638
0.180
0.297
0.297
1.113
1.114
0.259
0.886
0.905
0.911
0.634
0.382
0.228
4.691
4.703
1.847
2.475
2.481
2.025
2.856
2.856
1.046
1.699
1.754
1.767
0.825
0.769
0.776
0.794
1.194
1.194
0.443
0.597
0.923
1.139
1.139
0.976
0.689
0.703
0.553
0.833
1.604
2.669
2.669
1.194
2.034
3.406
6.047
6.839
6.914
5.215
9.624
16.811
25.145
25.213
3.187
3.215
5.283
6.054
6.232
3.856
1.440
1.351
1.351
2.430
23.705
30.329
30.454
2.646
4.665
4.672
4.428
3.189
4.289
4.289
16.884
16.940
1.873
2.701
3.551
3.551
7.401
7.735
6.190
7.506
7.513
5.062
4.157
4.171
1.831
1.476
2.562
9.761
9.768
1.678
2.131
4.052
6.111
10.011
10.450
2.371
1.503
3.254
3.260
2.283
3.523
6.622
6.715
50.143
53.010
46.553
33.918
5.631
0.010
0.052
1.700
1.725
0.217
0.150
0.568
0.568
1.188
4.334
5.145
5.155
10.585
10.709
1.591
0.511
5.784
5.796
5.561
5.561
3.748
3.780
2.847
1.128
0.710
0.714
0.686
0.783
1.639
1.988
2.239
2.758
2.998
3.014
1.898
2.969
3.553
3.553
2.706
1.570
1.574
9.354
27.071
27.518
8.368
0.228
0.365
0.376
0.320
0.268
0.183
0.244
0.244
0.550
0.553
0.517
0.478
0.446
0.587
0.425
0.739
1.881
1.917
0.472
0.493
0.610
0.624
0.387
0.465
0.484
0.296
0.114
0.167
0.432
0.496
0.516
0.466
0.419
0.317
0.330
0.556
0.583
0.480
0.083
31.284
47.752
47.765
0.327
0.021
0.000
0.111
0.259
0.412
0.624
0.657
0.337
0.203
0.614
0.636
0.539
0.560
0.468
0.289
0.499
0.508
0.576
0.587
0.407
0.299
0.286
0.293
0.277
0.278
0.116
0.178
0.402
0.561
0.565
0.196
0.698
0.730
0.315
0.108
0.160
0.160
0.525
0.547
0.987
1.029
0.690
9.934
9.945
0.265
0.335
0.338
0.262
0.483
0.502
0.544
1.273
1.280
0.368
0.383
0.365
0.240
0.174
0.982
1.036
0.413
0.328
0.330
19.770
20.602
16.769
0.401
0.321
0.328
0.217
0.155
0.337
0.358
0.272
0.280
0.198
0.470
0.503
0.507
0.263
0.726
0.766
0.628
0.022
0.109
0.109
0.152
1.101
1.489
11.597
12.095
4.528
0.041
0.565
0.780
0.792
0.173
0.170
8.315
8.408
0.790
0.551
0.107
0.099
1.476
4.631
4.667
0.437
0.025
0.244
0.246
2.406
6.273
6.274
0.056
0.845
0.969
0.969
0.033
0.718
0.756
0.131
0.275
0.276
0.266
0.754
0.778
0.537
0.572
0.411
7.114
7.124
3.867
3.867
1.867
0.148
0.096
0.869
0.880
0.762
0.470
0.488
0.629
0.629
0.109
0.113
0.249
0.249
0.457
0.474
0.293
0.180
0.184
0.181
0.035
0.221
0.996
1.005
0.019
0.034
0.661
0.687
1.734
1.765
1.733
2.218
2.218
0.022
0.128
5.557
5.892
1.841
0.421
2.980
3.097
0.634
0.846
0.876
1.554
1.555
2.316
2.331
3.249
3.253
0.826
3.264
3.345
1.229
1.187
1.238
1.243
1.168
1.169
0.311
0.530
1.534
3.615
3.639
9.285
9.657
2.356
4.209
4.288
4.130
4.141
4.277
2.525
3.751
3.842
1.960
4.955
5.486
2.119
1.068
1.446
1.463
1.667
1.819
1.819
1.305
1.424
4.090
4.141
7.429
7.463
15.909
20.107
16.683
2.717
2.717
3.085
3.082
1.699
2.172
2.187
10.905
12.786
9.953
9.328
9.999
6.647
9.196
19.871
20.736
6.261
6.149
5.112
18.788
19.892
3.809
3.916
3.041
2.574
2.970
2.970
2.151
3.428
3.433
3.016
13.839
14.038
6.642
4.398
7.575
7.575
3.396
7.324
8.254
4.265
3.681
3.348
2.441
4.859
12.135
12.182
8.159
6.587
1.648
5.851
5.913
5.837
5.894
4.445
3.405
2.137
2.142
0.798
2.750
3.719
3.866
4.483
3.690
3.695
5.026
5.185
3.282
4.343
4.536
4.416
3.106
1.894
1.478
1.482
1.761
4.369
4.412
6.568
6.572
3.162
2.947
0.477
0.477
0.481
0.395
1.366
1.452
2.002
2.178
3.273
4.201
4.240
3.626
3.630
1.685
1.992
2.002
4.588
4.609
2.991
0.570
0.807
0.890
0.892
0.459
0.334
0.322
0.400
0.909
0.911
0.291
0.291
0.125
0.227
0.239
0.327
1.261
1.720
1.772
1.696
1.616
3.793
12.745
12.757
0.317
0.331
0.352
1.375
1.376
0.323
0.343
0.201
0.073
0.019
0.025
0.035
0.250
0.257
0.183
0.096
0.278
0.292
0.118
0.268
0.486
0.500
0.432
0.441
0.453
0.506
0.689
0.715
0.595
0.564
0.478
0.485
0.276
0.332
0.404
0.509
0.538
0.483
0.223
0.150
0.183
0.209
0.209
0.188
0.200
0.219
0.106
0.126
0.126
0.045
0.136
0.151
0.078
0.005
0.005
0.069
0.334
0.358
0.274
0.174
0.126
0.003
0.003
0.003
0.002
0.037
0.650
0.667
0.420
0.431
0.462
0.462
0.513
0.542
0.398
0.185
0.604
0.778
0.781
0.009
2.253
5.976
6.002
0.474
0.158
0.196
0.198
0.062
0.437
0.460
0.335
0.318
0.810
0.833
0.480
1.359
1.394
0.859
0.505
0.506
0.232
0.299
0.333
0.349
0.091
0.009
0.585
0.609
0.548
0.364
0.453
2.605
2.625
0.952
1.040
1.041
0.121
0.771
1.978
2.036
0.935
0.144
0.201
1.051
1.052
0.420
0.598
0.608
0.102
2.029
2.055
0.930
0.938
1.387
1.427
1.339
1.045
1.047
1.752
1.764
1.031
1.067
1.004
1.266
1.287
1.390
1.397
0.164
0.086
5.393
5.474
5.211
2.207
2.242
2.799
2.887
2.638
0.776
1.372
1.375
1.647
2.762
3.086
3.086
0.061
0.521
0.523
0.135
0.562
0.589
0.513
1.939
1.939
1.265
1.171
1.171
1.468
1.469
1.017
1.018
1.822
1.912
1.454
1.239
1.245
0.960
0.589
0.590
3.794
3.799
2.465
1.010
1.011
0.113
0.250
0.436
0.538
0.734
0.741
0.728
0.619
1.270
1.276
1.826
2.107
3.492
3.510
1.946
2.157
2.555
2.755
2.795
2.800
1.671
1.986
1.991
0.900
0.957
1.790
1.795
1.541
4.939
5.089
4.210
5.327
3.103
2.193
11.410
11.441
18.392
19.949
2.188
2.064
7.200
9.651
7.732
2.229
3.569
3.574
3.548
13.086
49.995
54.386
28.214
10.460
10.477
7.395
13.619
17.180
31.710
32.491
9.123
1.544
3.508
3.591
12.572
13.424
4.171
6.034
6.502
0.639
0.680
1.698
2.485
2.485
2.219
1.657
1.662
3.869
7.011
7.011
2.136
2.136
3.757
3.759
2.217
2.217
2.331
3.336
5.340
5.637
5.667
12.039
12.465
12.892
12.930
5.842
10.207
10.222
2.521
6.730
13.098
13.220
1.710
1.226
4.212
4.403
4.407
3.755
3.763
2.300
2.300
4.170
5.176
10.036
10.037
0.728
3.028
3.031
2.778
3.424
3.484
4.028
8.505
9.338
2.478
4.892
5.291
1.956
1.962
2.826
2.892
2.902
3.297
4.686
4.696
1.876
1.895
1.655
1.611
1.620
2.003
3.955
3.996
0.782
1.555
1.568
1.166
0.888
0.790
0.908
0.916
0.659
0.094
0.102
0.320
0.461
0.467
0.635
0.890
1.049
1.049
0.534
0.989
1.045
1.101
0.519
1.099
7.627
7.634
0.143
0.535
1.632
1.638
1.392
1.400
0.577
0.576
0.676
0.912
0.924
0.267
0.583
0.589
1.064
1.106
1.095
1.148
0.926
0.463
0.187
0.384
0.450
1.507
1.918
1.951
0.585
0.653
0.666
0.569
0.848
1.305
1.323
0.300
0.466
1.155
3.422
3.422
0.450
0.467
0.443
0.343
0.261
1.067
20.117
21.829
14.292
0.643
6.679
6.989
2.669
0.575
0.608
0.478
0.101
0.101
0.009
0.186
0.288
0.303
0.219
0.391
0.830
0.871
0.439
0.852
0.878
0.344
0.331
0.242
0.037
1.309
1.320
0.006
0.139
0.169
0.170
0.492
0.510
0.515
0.292
0.203
0.239
0.572
0.588
0.511
0.553
0.587
0.449
0.344
0.421
0.448
0.558
0.563
0.593
1.465
1.471
0.221
0.221
2.605
2.640
0.743
0.570
0.753
0.833
0.850
0.073
0.021
0.027
0.027
0.122
0.183
0.692
0.700
0.756
0.963
1.015
1.039
1.097
1.110
1.435
3.768
3.888
2.960
0.429
0.775
1.146
1.190
0.113
0.351
3.990
4.108
3.374
0.670
0.251
0.287
0.294
0.763
1.321
1.348
0.636
0.638
1.432
2.222
2.287
0.589
0.385
6.028
6.050
3.632
1.846
0.498
0.171
1.001
23.847
24.307
7.687
0.051
0.080
0.131
1.319
1.351
1.236
0.099
0.978
0.984
0.285
0.303
0.304
0.369
0.384
0.352
0.389
0.612
0.612
0.197
0.508
0.510
0.074
0.442
1.616
2.555
2.555
0.719
0.712
0.748
0.748
1.543
1.705
1.707
0.678
0.678
0.533
1.130
5.783
5.785
0.738
1.669
1.669
0.264
0.264
4.196
4.196
0.698
2.839
2.841
0.260
1.087
4.318
4.326
4.101
4.614
4.690
1.213
0.376
15.272
15.954
0.686
0.445
4.460
4.460
3.577
3.808
2.272
1.796
0.967
0.883
3.086
3.785
3.823
3.923
1.750
2.234
2.234
1.313
2.034
5.228
5.343
8.936
8.951
4.299
4.299
3.424
8.207
8.314
7.493
6.126
6.157
8.456
8.581
5.970
5.374
8.573
8.590
6.276
6.971
11.068
12.069
3.540
9.013
19.131
20.029
9.566
8.750
10.269
10.472
7.442
15.656
15.678
8.646
9.272
6.255
6.315
6.095
6.660
6.786
3.350
2.918
2.935
8.787
10.156
10.264
4.043
9.340
9.369
6.997
7.966
7.105
5.702
6.997
7.122
13.172
13.258
21.857
21.879
4.716
9.597
10.669
8.730
5.600
5.611
2.988
7.498
8.188
7.099
5.206
2.714
2.110
22.324
22.678
33.202
84.736
87.713
30.400
0.068
1.619
1.619
0.156
0.100
0.648
0.648
0.093
0.031
0.019
0.019
0.019
1.905
2.864
2.871
1.725
1.737
1.326
1.333
0.890
1.133
1.133
4.670
17.012
17.068
1.108
2.263
2.342
2.399
2.440
0.585
0.196
0.230
0.468
1.188
1.203
1.098
0.592
0.226
0.185
0.158
0.158
0.121
0.328
3.100
3.112
0.841
0.068
0.422
0.426
0.351
0.494
0.509
0.230
0.445
0.453
1.863
1.865
0.003
0.009
0.058
0.148
0.402
0.412
0.478
0.711
1.639
1.640
0.009
0.003
0.049
0.891
1.774
4.044
4.064
0.864
0.519
0.300
0.261
0.308
0.495
0.513
0.255
0.263
0.459
0.461
0.455
0.500
0.516
0.116
0.037
0.037
0.003
0.001
0.118
0.865
0.903
0.713
0.737
0.193
0.001
0.121
0.472
0.472
0.079
0.021
0.011
0.540
0.570
0.530
0.401
0.406
0.041
0.029
0.023
0.056
0.380
0.402
0.257
0.003
0.004
0.423
0.447
0.415
2.558
2.605
1.165
1.172
0.256
0.370
0.590
0.590
0.099
0.246
0.248
0.102
0.104
0.086
0.098
0.120
0.222
0.226
0.143
0.191
0.289
0.676
2.484
2.503
0.383
0.660
0.956
0.994
1.306
1.654
1.469
0.359
0.359
0.289
0.149
0.226
0.227
0.015
0.096
0.099
0.124
0.124
0.201
0.233
0.236
1.046
1.046
0.258
1.479
1.747
1.818
1.270
0.994
0.801
0.530
0.384
0.179
0.209
0.086
0.018
0.088
0.179
0.568
0.769
0.788
0.471
0.287
0.042
0.187
0.339
0.343
0.102
0.362
0.375
0.535
0.855
1.772
1.818
3.131
3.160
0.512
0.017
0.013
0.013
0.036
0.660
0.718
0.761
0.487
0.490
0.610
3.371
3.865
3.534
0.063
0.063
0.087
0.633
0.739
0.756
0.254
0.291
0.293
0.247
0.167
0.473
0.474
1.240
1.240
0.586
0.591
0.849
1.707
2.772
2.789
2.699
0.898
0.747
0.943
0.951
1.588
8.379
8.562
4.757
1.605
1.613
2.103
3.904
3.928
1.200
2.817
2.817
2.793
2.797
2.066
2.123
2.450
5.765
5.778
2.499
3.622
3.626
5.100
5.149
2.736
2.750
1.016
3.317
3.355
0.160
0.686
1.375
1.786
1.786
1.632
7.442
7.838
7.184
1.845
2.019
3.216
3.251
3.080
8.434
8.444
3.275
4.487
15.221
18.663
14.013
3.582
15.423
16.248
10.929
1.786
2.032
5.250
31.262
31.326
3.960
1.687
1.272
3.552
5.123
8.755
55.536
55.761
3.972
0.276
0.351
2.118
3.264
7.967
7.978
3.310
2.867
3.603
8.260
8.617
15.749
16.002
7.529
7.593
4.450
5.572
5.635
4.241
4.450
4.450
6.396
6.402
2.187
1.928
2.971
5.758
5.827
5.878
5.954
14.733
14.739
9.285
6.011
9.550
9.588
2.794
2.370
4.892
5.252
4.601
4.633
6.466
6.617
4.285
1.264
5.101
5.119
4.431
4.244
3.009
5.787
5.791
3.638
1.347
1.979
2.730
6.342
6.362
3.032
3.051
3.006
2.457
1.132
1.434
5.717
5.717
0.757
2.939
2.942
2.496
2.018
1.877
5.669
5.678
2.409
2.409
1.232
0.715
1.480
1.495
2.762
2.787
2.254
2.277
2.259
1.757
0.583
0.681
0.963
1.010
1.455
1.460
0.427
2.332
2.347
24.855
67.805
72.743
8.507
0.377
0.312
0.314
0.030
0.033
0.013
0.065
0.171
0.307
0.397
0.402
0.250
0.247
0.357
0.372
0.890
0.909
0.614
0.388
0.241
0.245
0.060
0.061
0.022
0.129
0.409
0.420
0.275
0.413
0.725
0.726
0.139
0.141
0.579
1.102
1.275
1.286
0.053
0.002
0.001
0.004
0.027
0.140
0.142
0.239
0.340
0.455
0.744
0.780
0.558
0.374
0.093
0.097
0.371
0.414
0.318
0.002
0.002
0.018
0.165
0.165
0.018
0.003
0.037
0.091
0.363
0.383
0.295
0.175
0.253
0.253
0.236
0.071
0.079
0.101
0.315
0.336
0.299
0.109
0.132
0.141
0.121
0.722
1.076
1.100
0.725
0.760
0.276
0.003
0.581
0.612
0.596
0.606
0.290
0.233
0.358
0.439
0.860
0.884
0.684
0.549
0.273
5.709
6.270
2.967
0.401
1.053
1.149
1.021
0.647
0.664
0.272
0.908
1.267
1.298
0.771
0.590
0.840
1.033
1.057
0.662
0.580
0.337
0.273
0.287
0.337
0.564
0.594
0.466
0.182
0.049
0.287
0.939
0.952
0.370
0.391
0.396
0.787
0.806
0.660
0.487
0.915
1.537
5.401
5.453
1.081
0.690
0.334
0.714
0.727
0.728
0.482
0.489
10.668
10.710
0.716
0.051
1.649
1.656
0.161
0.006
0.000
0.041
0.042
0.169
0.170
0.164
0.183
0.130
0.049
1.814
1.827
1.199
1.199
0.464
0.580
3.065
3.107
1.138
0.935
0.315
0.488
0.488
1.510
3.358
5.453
5.469
2.695
2.413
2.436
2.170
2.285
0.710
2.989
2.989
0.170
0.928
1.418
1.432
1.081
8.124
8.132
0.283
0.345
0.640
0.994
1.257
2.669
2.695
2.304
22.334
23.958
6.176
8.537
8.628
1.042
1.713
15.362
17.230
17.230
1.469
2.013
2.027
1.510
1.527
0.836
1.458
2.403
6.536
7.470
7.499
2.951
5.406
6.772
6.778
2.473
4.432
4.467
2.236
3.112
6.317
6.369
5.960
20.219
26.294
26.306
4.213
5.285
5.453
4.029
5.372
5.378
3.170
2.675
2.688
6.410
6.419
10.155
13.748
14.852
14.865
4.659
4.693
6.612
6.612
4.659
8.137
8.952
5.942
2.198
3.122
3.122
4.448
7.175
7.179
2.812
4.049
4.062
3.203
3.220
3.134
2.765
2.769
17.072
18.464
10.874
7.277
6.158
1.115
8.912
9.066
8.169
6.552
6.873
6.928
6.380
3.548
2.161
4.150
4.164
3.974
3.978
7.317
8.110
6.049
6.108
2.968
2.918
2.963
1.830
3.090
5.029
5.546
5.741
30.525
30.891
10.530
3.023
0.556
3.242
4.765
15.446
16.433
7.258
7.126
7.264
1.280
0.487
2.011
4.990
5.734
5.759
3.741
2.036
3.535
11.261
11.517
5.471
0.625
0.668
0.350
0.350
0.500
0.525
0.375
0.377
0.164
0.166
0.473
0.473
0.580
0.581
0.437
1.521
1.534
1.135
1.417
1.178
0.373
0.383
0.143
0.199
0.201
0.056
0.079
0.357
1.464
1.535
1.532
0.991
1.014
0.580
0.647
0.558
0.003
0.178
0.186
0.348
0.350
0.031
0.090
0.533
0.535
0.147
0.176
0.176
0.003
0.109
1.066
1.078
0.371
0.069
0.070
0.733
1.175
1.213
0.373
0.375
0.294
0.603
0.626
0.379
0.442
0.810
0.832
0.630
0.507
0.329
0.054
0.073
0.239
0.249
0.177
0.237
0.237
0.293
0.317
0.198
0.008
0.030
0.032
0.003
0.002
0.068
0.069
0.076
0.076
0.002
0.004
0.119
0.308
0.329
0.297
0.313
0.232
0.444
13.241
13.688
3.626
0.870
0.658
0.659
0.139
0.466
0.540
0.549
0.125
0.032
0.397
0.417
0.254
0.146
0.328
0.328
0.200
0.201
0.188
0.381
1.017
1.073
0.761
0.014
0.002
0.006
0.006
0.001
0.028
0.176
0.440
0.537
0.544
0.605
0.622
0.363
0.052
0.015
0.015
0.088
0.379
0.396
0.216
0.500
3.058
3.347
1.761
1.386
1.387
3.244
3.428
2.102
0.237
0.287
3.779
3.874
0.917
0.675
0.708
0.725
0.423
0.675
2.388
2.404
1.255
1.285
0.638
0.449
0.277
0.292
0.712
1.553
1.564
1.130
1.032
1.054
0.328
0.812
0.852
3.132
3.185
1.078
2.924
2.927
0.128
0.572
0.917
0.917
1.074
1.240
1.257
0.704
0.142
0.211
0.572
0.572
0.683
1.215
1.222
0.794
0.330
4.693
4.840
3.468
1.325
1.798
3.025
3.026
0.930
0.940
1.732
1.732
0.678
6.547
6.547
1.741
0.715
0.753
0.853
2.310
2.310
1.847
3.855
3.916
2.135
1.783
1.783
4.502
10.485
10.780
1.396
0.400
0.596
5.557
5.634
2.742
1.060
1.291
3.875
3.897
1.273
1.002
3.783
5.302
5.315
4.044
4.047
5.207
5.238
4.108
4.108
3.185
6.362
6.593
3.779
3.193
3.223
1.913
2.642
3.349
3.349
4.411
4.415
2.144
4.087
4.167
5.245
5.624
6.657
6.943
4.154
5.570
5.570
1.411
2.583
2.793
2.797
5.549
5.557
2.035
2.033
1.989
1.989
1.709
2.147
2.747
3.290
3.290
4.408
5.332
5.455
4.211
1.910
14.678
15.120
5.621
3.177
2.511
6.607
16.702
16.965
1.222
1.367
9.403
11.287
10.866
12.776
9.556
9.403
9.403
5.271
5.277
6.761
6.816
1.887
2.351
2.742
2.748
3.023
3.029
1.606
1.838
3.475
3.909
3.860
3.091
3.091
19.398
22.055
15.544
3.097
3.695
11.751
12.619
11.110
1.637
3.567
3.695
7.171
9.595
9.626
2.400
2.402
1.828
2.132
4.025
15.754
16.002
3.954
4.016
2.631
5.497
5.528
4.676
4.589
2.916
2.513
1.165
1.543
1.568
0.518
0.629
0.908
1.497
1.500
1.404
1.007
0.896
1.199
1.205
0.883
2.476
2.506
2.466
4.157
4.174
20.927
21.149
3.098
1.532
8.917
8.940
1.321
0.421
0.279
0.382
0.399
0.199
0.399
0.410
0.154
0.165
0.382
0.382
0.319
0.524
0.814
0.814
2.255
2.261
0.632
0.205
0.746
0.760
0.132
0.574
0.594
0.572
0.456
0.459
0.509
0.519
0.368
0.384
0.311
0.111
0.002
0.002
0.028
0.095
0.095
0.018
0.018
0.017
0.101
0.113
0.072
0.002
0.152
0.453
0.473
0.323
0.329
0.211
0.227
0.040
0.136
0.205
0.402
0.432
0.441
0.404
0.300
0.310
0.292
0.117
0.438
0.841
0.857
0.252
0.248
0.506
0.512
0.348
0.025
0.007
0.038
0.157
0.302
0.317
0.507
0.522
0.382
0.498
0.512
0.173
0.053
0.241
0.244
0.129
0.292
0.496
0.608
0.608
0.006
0.006
0.037
0.055
2.342
5.414
5.446
2.947
2.983
6.335
6.342
0.468
0.492
0.502
0.412
0.293
2.057
9.562
9.582
0.609
0.076
0.029
0.070
0.098
0.102
0.307
0.434
1.482
6.027
6.043
0.741
5.482
5.898
5.104
0.132
0.151
0.151
0.099
1.078
1.115
0.647
0.694
0.288
0.063
0.221
2.830
2.865
0.594
0.602
0.209
2.418
2.510
0.966
0.861
1.430
1.431
0.315
0.317
0.116
0.040
0.042
0.238
0.566
1.500
1.501
0.329
0.329
0.073
0.030
0.813
0.992
2.267
3.402
3.402
1.030
1.033
0.755
0.619
0.921
0.927
1.779
3.490
3.530
1.210
0.118
0.134
0.305
0.737
2.066
2.067
1.474
2.782
2.782
0.838
0.163
0.021
0.154
2.009
2.009
0.084
0.410
2.018
2.019
0.552
2.858
5.170
5.199
0.903
6.247
6.353
0.234
0.965
2.902
2.902
0.337
0.858
0.868
0.737
0.757
2.213
2.350
0.905
0.538
0.844
0.844
1.724
2.170
14.633
14.697
4.932
3.397
1.546
0.298
2.929
2.948
3.062
6.012
6.037
1.347
1.833
1.849
2.268
2.272
1.734
2.334
5.823
5.827
1.756
1.622
4.472
4.476
4.707
5.281
5.324
2.091
3.442
5.776
5.790
1.788
4.360
4.844
3.229
2.644
6.408
6.437
2.308
1.929
2.525
2.525
2.626
5.292
30.851
32.851
3.921
4.816
9.415
9.487
5.395
8.777
8.797
8.540
3.323
3.382
3.382
9.251
10.086
3.566
1.461
2.480
13.034
14.718
25.936
28.180
22.903
16.087
1.494
9.863
13.836
15.014
6.974
3.184
3.888
3.891
6.536
6.937
4.547
2.259
2.346
2.346
2.220
4.605
16.992
17.725
7.979
8.013
3.336
1.998
1.998
1.752
2.138
17.865
19.111
17.913
8.438
4.480
1.685
0.888
2.563
2.964
2.964
1.820
1.578
0.946
1.690
1.694
2.876
4.621
4.641
2.099
1.012
0.675
1.571
1.575
1.793
2.224
2.227
1.642
1.096
1.118
1.571
2.838
2.847
0.771
3.355
3.429
2.812
15.365
22.229
22.525
6.524
0.829
0.640
0.235
0.189
0.299
0.654
0.665
0.658
1.638
1.866
2.566
2.600
2.056
2.056
1.256
0.615
0.225
0.328
0.330
5.068
5.157
0.912
0.424
0.588
0.618
0.652
0.672
0.508
0.347
0.745
0.782
0.631
0.658
0.588
0.601
0.584
0.556
0.278
0.411
0.433
0.250
0.436
0.450
0.392
0.411
0.499
2.342
2.365
0.242
0.328
0.334
0.096
0.756
0.794
0.204
0.024
0.002
0.114
0.691
0.717
0.222
0.009
0.014
0.277
0.404
0.404
0.411
0.455
0.691
0.732
0.628
0.648
0.338
0.318
0.269
0.273
0.018
0.001
0.001
0.030
0.031
0.068
0.533
0.539
0.236
0.194
0.232
0.506
0.513
0.296
0.233
0.233
0.104
0.112
17.717
18.598
1.061
0.612
0.640
0.331
0.010
0.263
0.278
0.232
0.425
0.437
0.232
0.515
0.533
0.049
0.001
0.001
0.001
0.002
0.089
0.103
0.395
0.404
0.139
0.075
0.076
0.029
1.744
7.075
7.085
4.835
8.166
8.175
0.722
0.975
1.011
0.417
0.497
0.659
0.680
0.800
1.218
1.357
1.637
1.743
1.499
0.185
0.180
1.086
21.687
21.929
0.934
0.045
0.105
1.045
1.134
1.134
0.514
0.026
0.077
0.510
0.581
0.875
0.897
0.420
0.742
0.761
0.520
0.912
0.949
1.708
1.718
0.279
0.389
0.753
0.772
0.662
0.897
0.924
0.209
0.214
0.205
1.228
1.235
1.395
1.397
0.874
0.933
0.942
0.745
0.386
0.386
0.461
0.876
1.324
1.325
0.501
0.366
0.458
0.606
0.609
0.347
0.038
2.373
2.411
1.514
1.515
0.953
0.872
0.912
0.604
0.605
0.403
0.403
0.368
0.368
0.442
4.924
4.934
2.036
2.041
1.995
0.670
2.462
2.480
0.528
0.543
0.500
1.442
1.479
2.078
2.090
0.618
1.062
2.002
2.418
2.686
2.710
2.332
2.333
1.335
1.335
2.096
3.648
3.782
1.185
0.674
0.628
0.625
0.536
0.514
1.996
2.011
2.512
4.013
4.028
2.830
4.892
4.902
2.759
9.779
11.801
13.893
11.988
12.700
4.154
4.240
3.593
3.482
3.376
4.402
4.422
11.892
20.079
20.417
3.952
6.878
24.127
24.359
8.364
7.636
9.374
9.451
11.860
11.964
10.808
3.067
6.695
15.972
16.090
12.829
7.505
4.992
6.273
16.166
16.637
2.209
3.296
4.230
14.629
15.626
5.110
5.283
4.978
2.555
2.555
2.984
4.902
4.902
14.422
15.135
6.757
7.059
9.756
9.794
2.111
1.006
1.025
1.258
5.500
5.510
5.066
5.100
1.992
1.778
2.960
4.919
10.204
10.462
46.675
47.114
2.788
2.083
1.158
1.597
5.405
5.448
3.317
2.350
1.935
1.296
6.225
7.097
6.810
3.820
6.920
7.000
5.556
4.032
2.293
1.345
3.062
3.418
3.426
4.677
5.139
5.158
2.986
3.005
2.194
1.524
3.028
3.051
2.323
0.989
5.692
6.037
4.449
0.788
0.614
1.759
2.308
2.327
1.875
0.632
0.646
0.242
0.215
0.408
0.408
3.803
40.986
41.118
0.571
0.395
0.167
0.224
0.435
0.439
0.092
0.413
0.918
0.940
0.610
0.378
2.670
10.619
26.033
26.656
9.472
1.023
0.119
0.136
0.154
0.017
0.253
0.253
0.013
0.187
0.191
0.648
0.680
0.229
0.298
0.863
0.881
0.308
0.191
0.853
0.895
0.917
0.662
0.628
0.118
0.117
0.006
0.006
0.035
0.080
0.421
0.555
0.570
0.355
0.247
0.041
0.380
0.442
0.479
0.191
0.047
0.016
0.193
0.202
0.199
0.200
0.080
0.216
0.254
0.420
3.069
3.086
0.438
0.451
0.301
0.178
0.268
0.416
0.439
0.380
0.380
11.374
12.470
8.532
0.024
0.219
0.337
0.348
0.425
0.446
0.659
0.729
0.654
0.201
0.201
0.004
0.269
0.384
0.565
0.575
0.025
0.016
0.017
1.130
1.136
0.046
0.778
0.828
7.318
7.534
5.215
0.690
0.708
0.199
0.388
0.474
1.049
1.084
0.569
0.553
0.261
0.570
0.589
0.321
0.054
0.126
0.341
0.366
0.366
0.727
0.728
0.300
0.216
0.133
2.387
2.432
0.865
0.089
0.205
0.205
0.003
0.003
0.005
0.042
0.042
0.145
0.220
0.224
0.232
0.055
0.405
1.275
2.761
2.763
0.068
3.475
3.475
0.539
0.539
0.270
1.192
1.192
0.028
0.032
0.035
1.181
1.181
0.018
0.298
0.303
0.223
0.232
0.525
0.527
0.401
0.441
2.622
2.660
3.257
3.341
0.442
1.534
1.997
3.940
3.940
2.182
2.182
0.802
0.230
0.367
2.097
2.101
1.347
1.041
2.319
2.320
0.696
2.518
3.801
3.804
2.611
2.398
2.109
2.013
2.359
2.370
1.031
0.952
0.980
0.353
0.737
0.827
0.835
0.341
0.341
0.196
3.829
4.056
2.810
0.772
0.752
0.760
1.305
2.849
3.817
6.831
6.835
13.482
13.490
4.860
5.365
4.770
2.038
1.673
1.685
1.278
1.329
2.371
2.420
2.857
2.879
3.532
3.558
2.177
3.861
3.899
2.649
3.995
4.489
6.392
7.202
7.766
6.083
2.866
5.018
6.746
7.604
7.272
7.285
8.037
8.146
3.548
3.561
1.546
0.682
0.950
2.235
9.035
9.127
5.888
6.318
3.932
11.378
14.414
37.067
39.128
19.456
28.234
29.246
15.200
2.552
5.846
6.330
2.184
13.408
13.408
4.827
4.858
3.282
3.355
1.417
6.894
7.446
5.821
5.993
11.985
12.219
4.312
4.367
4.738
4.766
4.077
3.567
4.621
4.624
3.777
7.287
7.473
5.342
2.106
2.695
2.695
3.796
3.800
6.692
6.699
3.721
4.712
4.901
4.904
0.951
1.363
1.665
1.668
1.568
2.726
2.729
2.622
4.609
5.178
5.202
1.990
3.838
3.890
2.956
1.267
1.417
2.021
2.021
3.050
7.954
7.954
0.241
0.475
3.042
3.046
2.760
2.763
1.904
2.401
2.405
1.022
1.199
1.218
1.870
1.934
1.108
3.698
9.097
9.138
1.671
2.122
2.129
1.554
1.566
1.171
19.410
19.432
1.832
0.247
0.874
0.880
0.327
6.469
6.593
0.559
0.080
0.136
0.343
0.470
0.494
0.899
0.936
0.945
0.964
0.939
0.948
0.578
0.599
0.599
0.621
0.534
0.564
0.589
0.441
0.388
0.279
0.288
0.265
0.235
0.474
0.613
0.692
0.733
0.559
0.038
0.006
0.013
2.938
3.026
0.369
0.465
0.465
1.673
1.673
0.078
0.370
0.374
0.339
0.166
0.380
0.518
0.522
0.010
0.015
0.025
0.025
0.021
0.022
0.005
0.002
0.002
0.076
0.076
0.217
0.217
0.037
0.001
0.002
0.227
1.476
1.510
0.533
0.388
0.379
0.597
0.624
0.205
0.002
0.002
0.005
1.896
1.914
1.066
0.801
0.616
0.521
0.600
0.611
0.529
0.556
1.155
1.180
0.206
0.002
0.002
0.171
0.966
3.474
3.563
1.523
0.542
1.800
2.750
13.777
13.778
0.306
0.378
0.385
3.983
4.009
2.526
18.626
19.270
3.530
0.574
1.103
1.141
1.090
0.505
0.485
0.381
0.064
0.046
0.324
0.340
0.282
2.001
2.070
3.616
3.629
0.602
0.490
3.701
4.790
4.870
0.251
0.228
0.216
0.703
0.703
0.183
0.191
0.003
0.246
0.246
0.181
0.283
0.833
0.834
1.206
3.400
3.416
0.938
0.018
0.026
0.164
0.166
0.762
3.730
3.730
0.729
0.754
0.939
4.303
4.305
0.457
0.457
0.588
0.610
0.839
0.851
0.425
0.510
0.537
0.838
0.838
0.235
0.542
0.544
0.922
0.950
0.519
0.351
0.157
0.049
0.079
0.095
0.252
0.403
0.536
0.697
0.697
0.360
0.394
0.425
1.172
2.653
2.657
2.651
2.396
3.626
3.648
2.472
1.801
2.424
2.949
2.977
2.317
0.265
1.357
2.605
2.616
0.966
0.976
0.840
0.848
0.559
1.063
1.199
0.734
1.126
1.126
0.973
1.367
1.439
0.501
0.466
0.940
0.941
0.398
0.653
1.871
1.899
0.733
1.083
2.237
2.243
1.738
1.299
1.449
1.066
0.672
0.627
0.983
0.988
0.988
0.944
2.559
5.674
6.252
2.254
2.643
2.698
4.158
26.211
26.533
4.419
0.172
1.255
2.881
2.909
2.865
3.923
3.955
1.734
4.114
4.114
3.695
2.057
1.802
7.957
13.598
14.044
8.313
8.355
4.384
9.919
11.122
8.132
3.531
3.552
31.501
34.231
5.402
0.721
1.696
4.220
4.236
2.767
2.767
1.940
1.315
0.774
1.311
4.300
6.591
6.591
4.711
6.926
15.005
15.019
5.328
6.529
6.711
3.415
2.851
3.061
4.467
5.233
5.682
5.759
6.782
9.031
9.040
5.797
10.934
16.961
16.966
2.731
2.320
0.875
0.110
0.502
3.104
3.114
2.137
2.141
3.734
7.916
8.007
0.823
0.449
2.386
2.390
1.377
1.820
1.822
2.572
2.580
2.121
2.291
3.284
3.288
1.543
8.383
8.444
1.745
1.197
1.205
0.750
1.561
1.567
0.376
0.394
0.576
1.555
10.257
10.298
5.460
1.806
1.175
1.184
0.366
0.306
0.206
0.197
0.192
0.201
0.855
0.864
0.160
0.183
0.540
19.013
19.265
9.584
0.366
0.078
0.155
0.901
0.915
0.174
0.851
0.974
1.001
0.821
0.740
0.367
0.501
0.518
0.329
0.404
0.414
0.325
0.123
0.018
0.005
0.010
0.010
0.004
0.138
0.362
0.367
0.103
0.068
0.037
0.266
0.403
0.412
0.198
0.439
0.447
0.383
0.389
0.456
0.477
0.454
0.404
0.437
0.436
0.168
0.546
0.565
0.256
0.374
0.392
0.398
0.418
0.205
0.455
0.469
0.417
0.461
0.551
0.573
0.596
0.572
0.586
0.558
0.531
0.313
0.025
0.199
0.200
0.178
0.217
0.318
0.326
0.160
0.359
0.408
0.450
0.494
0.541
0.574
0.271
0.057
0.609
0.610
0.315
0.064
0.007
0.051
0.051
0.002
0.071
0.279
0.480
0.502
0.488
0.488
0.242
0.242
0.011
0.011
0.001
0.036
0.037
0.253
1.235
1.692
1.692
0.001
0.128
0.345
0.895
1.146
1.146
0.013
0.032
1.438
2.788
2.878
0.434
0.146
0.002
0.003
0.008
0.095
0.096
0.047
0.131
0.493
0.502
0.445
0.432
0.453
0.371
0.577
1.526
1.543
0.561
0.154
0.547
22.431
24.172
12.365
0.424
0.777
11.323
11.405
2.357
2.380
0.090
0.126
0.575
0.634
0.658
0.199
0.258
0.957
0.976
0.507
0.549
0.555
0.113
1.234
2.418
2.420
0.256
0.352
1.071
1.071
0.027
0.203
1.040
1.050
0.667
0.694
0.494
0.301
0.310
0.911
16.577
18.113
6.652
0.505
0.659
0.662
0.381
0.382
2.078
2.097
0.407
0.005
0.005
0.167
1.322
2.290
2.306
0.773
1.614
1.615
0.695
0.646
4.217
4.251
3.456
5.386
5.387
0.279
0.279
0.135
1.329
2.278
2.278
2.152
2.166
1.363
2.569
2.574
2.375
2.388
3.964
4.124
2.631
2.540
2.400
3.950
3.954
4.056
4.060
4.547
4.551
3.527
2.599
17.777
17.777
2.904
2.231
0.821
0.826
0.991
1.003
0.885
0.902
3.205
3.230
2.125
3.328
6.067
6.846
10.885
18.899
18.941
6.744
3.417
3.701
3.701
1.892
2.001
7.361
8.259
6.371
4.286
3.162
3.162
5.305
5.351
5.101
5.209
4.416
5.765
5.782
3.183
7.874
9.261
7.010
3.388
5.238
9.892
10.995
8.777
7.173
3.534
2.064
2.724
2.724
2.142
4.197
4.289
4.337
4.268
3.314
1.464
6.555
6.581
3.967
2.287
0.823
2.047
2.636
2.771
2.773
0.977
1.167
4.019
4.021
2.211
1.039
5.101
7.188
7.520
25.807
26.205
3.250
2.659
4.721
4.728
3.316
3.316
1.624
1.461
0.459
0.579
6.305
6.587
22.340
22.400
11.254
11.587
3.154
0.468
1.404
2.644
2.644
1.792
5.036
5.039
5.840
9.423
12.574
13.114
11.680
10.612
0.486
0.204
0.069
0.195
0.197
0.089
0.940
1.253
1.260
0.131
1.785
1.820
0.838
0.515
0.516
1.456
1.465
0.499
0.681
0.769
0.774
0.342
0.345
1.649
3.685
3.720
0.861
0.577
0.577
0.305
0.332
0.336
0.317
0.326
0.134
0.719
0.838
1.027
1.664
1.671
1.425
1.446
0.626
0.702
1.982
2.441
2.441
0.556
0.569
0.883
0.924
0.434
0.444
0.451
0.454
0.068
0.530
0.823
0.943
0.952
0.304
0.180
0.191
0.083
0.223
0.286
0.292
0.030
0.038
0.430
0.521
0.659
0.836
0.860
0.596
7.013
7.066
0.223
0.005
0.001
0.001
0.006
0.006
0.001
0.042
0.326
0.337
0.150
0.046
0.046
0.239
0.558
0.559
0.003
0.001
0.023
0.056
0.059
0.021
0.002
0.550
0.576
0.405
0.417
0.100
0.410
0.421
0.531
0.568
0.499
0.517
0.315
0.327
0.076
0.028
0.156
0.232
0.232
0.009
0.004
0.004
0.002
0.002
0.006
0.006
1.044
1.151
1.155
0.088
0.103
2.046
2.067
4.231
4.247
0.911
0.673
0.582
9.211
9.268
3.183
12.676
12.693
0.712
0.719
0.447
0.162
0.096
0.064
0.170
0.425
1.367
10.220
10.240
0.566
0.553
6.687
6.755
0.662
0.298
0.601
0.923
0.939
0.390
0.535
0.667
0.675
0.883
2.641
3.530
3.570
1.169
0.710
0.003
0.001
0.379
0.837
0.837
0.004
0.041
0.280
0.692
0.692
0.039
0.013
0.010
0.009
0.110
0.201
0.201
0.332
0.741
0.742
0.523
0.532
1.792
3.185
3.195
1.344
1.139
0.737
0.737
0.586
0.872
1.440
1.440
0.827
0.828
1.391
1.841
9.446
10.019
4.679
3.002
1.370
0.023
0.141
0.141
1.319
1.461
1.461
6.125
6.127
0.755
1.833
3.263
3.293
3.486
3.928
3.938
1.615
12.653
12.699
0.508
3.073
3.399
3.401
2.644
3.121
3.278
0.957
0.991
1.851
1.851
0.629
0.305
0.652
0.911
0.929
1.237
2.907
2.907
2.378
2.406
1.843
3.061
7.176
7.205
5.106
1.203
3.239
3.956
5.265
11.878
11.960
3.311
3.128
3.706
3.711
2.431
3.537
4.437
4.457
1.376
6.343
6.353
1.776
1.839
3.891
5.732
5.746
1.617
4.558
4.558
2.576
3.572
3.572
7.509
11.729
16.799
16.954
7.911
5.997
6.052
8.098
8.107
14.054
30.304
32.012
15.200
16.260
22.151
23.572
10.697
10.628
10.742
17.264
17.945
6.495
7.079
6.748
6.710
0.558
0.558
1.159
1.159
0.780
3.537
3.542
4.384
6.635
6.720
10.380
15.336
15.411
11.553
8.607
9.184
6.393
1.069
1.584
2.284
4.909
4.913
2.067
5.396
5.443
3.745
4.894
4.918
3.512
4.482
5.021
5.277
21.289
27.034
28.822
7.240
10.744
12.810
10.461
0.332
0.889
1.132
2.524
2.560
1.572
2.636
2.636
3.822
3.822
1.329
0.557
7.177
11.970
12.356
2.677
2.425
2.461
1.720
0.772
0.775
0.243
1.418
1.432
1.306
0.907
2.613
6.972
8.444
9.187
1.311
1.153
0.332
0.144
0.662
0.668
0.497
0.521
0.841
0.848
0.676
0.471
0.225
0.028
0.037
0.077
0.084
0.136
0.208
0.304
0.428
0.479
0.292
0.034
0.363
0.412
0.457
1.169
1.197
0.441
0.484
0.756
0.770
0.160
0.137
0.099
0.118
0.266
0.275
0.479
0.502
0.470
0.137
0.059
0.059
0.001
0.001
0.001
0.059
0.491
0.506
0.878
1.550
1.552
0.036
0.036
0.545
0.584
0.494
1.352
1.373
0.466
0.470
0.539
0.567
0.495
0.438
0.133
0.387
0.394
0.055
0.003
0.010
0.013
0.022
0.054
0.056
0.055
0.165
0.272
0.354
0.635
0.666
0.662
0.680
0.544
0.771
0.792
0.073
0.535
0.603
0.617
0.465
0.036
0.036
0.001
0.002
0.391
2.138
2.244
1.211
0.481
1.905
5.679
5.734
3.382
3.419
0.660
0.582
0.811
1.646
1.680
0.405
0.141
0.468
0.488
0.346
0.396
0.526
1.184
1.201
0.463
0.467
0.540
0.555
0.159
0.093
0.016
0.228
2.652
2.688
0.965
0.460
0.033
0.293
0.673
0.966
0.987
0.468
0.009
0.037
0.086
0.301
3.462
3.534
1.782
0.011
0.172
0.181
0.018
0.003
0.560
0.560
0.646
0.676
0.626
0.454
0.376
0.886
0.886
0.368
0.385
0.264
0.601
0.616
0.622
0.419
0.474
1.459
1.476
0.912
0.863
1.570
1.595
1.068
2.359
2.368
6.643
6.650
0.312
0.321
0.284
1.042
4.377
4.392
2.790
0.308
0.332
0.334
0.249
0.120
0.287
0.287
0.263
0.128
0.239
0.240
0.707
1.076
1.078
0.130
1.147
1.762
1.772
3.523
4.149
4.243
2.008
2.145
2.150
0.752
1.153
1.369
1.395
2.756
2.760
1.882
1.286
0.863
1.383
1.558
2.654
2.655
2.836
2.873
2.882
1.160
1.626
1.629
1.564
1.760
3.523
3.565
2.050
2.561
2.565
3.556
5.238
5.260
2.762
2.035
1.901
2.580
3.981
4.328
11.366
11.549
7.802
7.821
5.707
7.899
8.037
6.322
5.957
4.231
4.287
3.020
6.166
6.233
1.793
2.677
7.664
7.769
11.439
12.604
5.465
7.031
7.518
4.809
2.334
2.295
2.295
2.873
3.274
5.297
9.239
9.545
9.036
14.312
14.536
9.998
7.708
10.537
10.581
18.021
18.901
12.138
2.847
9.162
9.209
1.773
1.751
3.131
5.400
8.718
9.174
5.536
4.514
4.521
4.508
12.339
12.353
3.400
3.403
7.407
8.359
8.663
8.849
30.766
32.864
12.677
3.089
19.859
20.436
1.205
1.049
1.415
1.415
8.273
8.770
5.626
12.411
12.580
3.921
1.539
1.059
1.001
2.195
2.873
2.893
1.601
0.917
0.833
1.059
1.285
1.647
2.228
4.436
4.533
2.505
2.454
1.853
3.196
3.203
2.286
0.962
2.286
3.235
3.319
2.822
1.556
0.691
10.351
11.810
11.810
0.044
0.142
0.254
1.116
1.157
1.899
1.909
0.939
0.688
0.705
0.550
0.407
1.538
1.539
0.421
0.506
0.656
1.196
1.203
0.268
0.337
0.663
0.688
0.481
0.410
0.430
3.615
3.777
0.336
0.342
0.272
0.138
0.034
0.159
1.020
1.021
0.043
0.016
0.003
0.167
0.167
0.081
0.169
0.627
0.649
0.288
0.221
0.110
0.168
0.505
0.900
0.946
0.680
0.191
0.201
0.152
0.054
0.017
0.017
0.001
0.003
0.044
0.050
0.026
0.002
0.002
0.002
0.001
0.058
0.058
0.109
0.442
0.448
0.263
0.195
0.200
0.013
0.006
0.001
0.002
0.069
0.183
0.485
0.489
0.814
0.846
1.060
1.061
0.106
0.112
0.258
0.708
0.812
0.816
0.021
0.238
0.553
0.561
0.388
0.399
0.323
0.189
0.195
0.109
0.018
0.004
0.001
0.002
0.241
0.288
0.123
0.011
0.001
0.001
0.001
0.009
0.035
0.035
0.134
0.138
0.035
0.063
0.785
0.785
0.460
0.197
0.118
0.321
0.374
0.386
0.463
0.463
0.665
1.693
1.703
0.010
0.390
0.558
0.737
0.742
0.541
0.481
0.486
0.933
0.933
0.988
2.304
2.390
1.039
1.063
0.763
0.763
0.004
0.006
0.006
0.092
0.092
0.111
0.226
0.606
0.660
0.777
0.777
0.156
0.156
0.322
0.386
0.660
1.520
1.526
1.291
1.429
1.762
1.763
0.793
2.377
4.256
4.302
0.894
1.167
1.169
1.133
1.133
0.093
0.106
0.107
0.059
0.491
0.588
0.770
1.950
1.995
0.472
0.169
0.560
0.571
0.529
1.060
2.386
2.388
0.981
0.449
1.315
1.360
0.345
0.225
0.203
0.369
0.378
0.704
0.704
0.738
0.813
3.749
3.801
1.748
0.724
0.301
0.713
0.750
1.195
1.199
4.610
16.515
16.538
2.246
1.028
0.583
0.089
0.152
0.189
0.958
0.999
5.824
5.847
3.786
30.458
51.821
51.836
0.935
1.990
2.008
4.622
4.639
2.461
2.485
0.631
1.889
2.446
2.458
1.001
0.611
1.776
2.831
2.878
2.263
2.274
1.951
1.963
0.783
0.783
0.779
0.779
0.989
1.009
5.690
6.169
6.784
6.843
5.402
5.449
5.460
8.190
8.397
13.414
13.438
6.310
6.379
2.146
1.460
1.460
1.465
1.554
4.583
6.783
6.788
2.033
8.323
8.327
0.908
3.626
3.626
2.496
1.219
10.414
10.414
0.469
1.608
28.628
34.040
34.376
5.165
13.784
14.672
2.299
8.935
11.628
11.777
14.935
16.558
17.197
17.201
3.378
3.681
4.880
5.519
4.710
4.847
4.851
9.416
9.852
4.976
10.138
26.841
26.949
1.386
6.051
7.096
4.042
4.050
2.801
3.349
7.017
7.051
2.751
1.737
2.088
2.092
1.404
5.650
8.955
9.373
2.494
4.520
4.530
2.721
2.725
0.684
0.571
0.571
0.590
0.962
1.472
1.517
1.618
3.194
3.201
1.081
2.377
2.748
2.759
1.582
1.563
2.152
2.200
2.203
0.664
2.622
3.898
3.914
8.405
39.164
41.339
4.478
0.520
0.455
0.391
0.242
0.129
0.153
0.153
0.141
0.568
0.580
0.314
0.407
0.415
0.250
0.387
0.713
0.838
0.878
0.830
0.681
0.616
0.648
0.651
0.425
0.428
0.044
0.171
0.172
0.299
0.299
0.381
0.392
0.288
0.531
0.537
0.754
0.773
6.980
7.870
5.732
0.962
0.735
0.103
0.106
0.015
0.015
0.217
0.274
0.275
0.067
0.070
0.046
0.047
0.025
0.025
0.015
0.274
0.309
0.324
0.372
0.372
0.054
0.367
0.370
1.033
1.079
0.589
0.609
0.452
0.882
0.920
0.145
0.077
0.380
0.757
0.776
0.494
0.118
0.121
0.133
0.197
3.610
3.868
0.332
0.001
0.070
0.354
0.357
0.063
0.079
0.284
0.296
0.192
0.200
0.114
0.518
0.565
0.435
0.165
0.286
0.547
0.624
0.624
0.583
0.614
0.527
0.658
0.693
0.382
0.102
0.538
0.963
0.987
0.762
0.788
0.757
0.779
0.663
0.680
0.047
0.050
0.430
10.539
10.560
0.439
4.500
4.504
0.418
0.425
0.624
0.761
0.763
0.091
0.150
0.150
0.395
1.380
1.380
0.289
0.287
0.288
0.209
2.575
2.575
0.705
0.710
0.319
0.349
0.360
0.249
0.239
0.241
0.246
0.288
2.673
2.673
1.217
1.218
1.185
1.187
0.461
0.002
0.015
0.105
0.107
0.080
0.447
1.957
1.979
0.887
0.214
4.361
4.363
0.468
0.470
0.279
0.287
0.151
0.139
0.105
0.037
0.046
0.937
0.937
0.626
0.568
0.304
0.880
0.880
0.223
1.572
1.573
0.378
0.293
0.461
0.562
0.636
0.717
1.465
1.541
1.376
1.352
1.433
1.433
1.786
1.808
1.643
3.470
3.476
2.473
1.529
1.467
0.534
0.663
0.682
0.478
0.890
0.918
0.390
0.838
0.841
8.642
8.998
2.230
0.948
4.973
8.572
8.572
6.135
6.571
3.674
1.280
2.814
2.904
1.932
4.113
4.140
23.289
25.536
4.649
1.959
0.644
3.210
3.247
1.034
1.050
0.379
1.375
1.559
2.760
5.878
5.916
9.028
10.565
4.119
4.151
7.139
7.166
3.659
5.115
29.920
29.930
4.379
4.379
4.528
8.149
8.262
4.363
3.151
2.259
5.152
5.188
9.350
46.984
47.711
26.081
12.445
2.316
0.820
4.265
8.819
9.129
5.905
5.281
3.512
3.858
4.023
6.756
7.148
10.170
10.712
3.708
14.136
16.911
18.835
7.468
3.704
3.731
7.436
8.035
4.633
4.639
2.106
1.955
2.360
2.954
3.467
3.472
3.996
10.989
11.167
13.333
13.630
4.790
14.537
17.000
9.137
14.791
15.590
7.328
10.276
10.287
1.874
7.776
12.588
12.798
3.157
2.641
4.916
4.956
2.853
5.525
5.864
5.234
1.376
1.380
4.533
4.638
2.227
2.253
4.078
4.158
3.444
3.448
3.752
3.761
5.128
8.320
8.593
3.955
0.582
0.379
0.419
0.485
0.635
0.869
0.893
0.895
1.174
1.190
0.740
0.709
0.387
0.636
0.893
0.919
0.549
0.549
0.286
3.946
3.973
2.970
3.095
3.104
1.023
2.258
2.308
1.447
0.696
0.378
0.476
0.495
0.257
0.262
0.048
0.363
14.609
14.943
2.243
0.420
0.001
0.005
0.078
0.082
0.077
0.012
0.024
0.058
0.060
0.344
0.364
0.147
0.279
0.292
2.774
2.829
1.253
0.546
0.048
0.097
0.097
0.008
0.037
0.309
0.595
0.625
0.232
0.497
0.666
0.694
0.554
0.266
0.205
0.207
0.449
0.460
0.786
0.817
0.526
0.644
0.678
0.211
0.333
0.439
0.715
0.750
0.411
0.041
0.198
0.246
0.252
0.099
0.039
0.147
0.156
0.303
0.748
5.426
5.828
2.102
0.019
0.127
0.548
0.581
0.441
0.588
0.790
0.809
0.058
0.034
0.063
0.094
0.935
1.261
1.261
0.217
0.222
0.036
0.049
0.084
0.228
0.247
0.334
0.632
0.643
0.303
0.314
1.015
1.094
0.136
0.016
0.016
0.002
0.027
0.027
0.181
0.714
0.745
0.414
0.101
0.101
0.006
0.258
1.959
20.812
20.838
1.176
0.553
0.979
1.092
0.815
0.256
0.740
1.475
1.502
0.629
0.524
0.389
0.652
0.674
0.341
0.309
0.071
0.001
0.175
1.526
1.535
0.813
0.857
0.668
0.668
0.096
0.004
0.067
0.285
2.062
2.081
1.190
0.385
0.417
0.997
1.026
0.920
0.988
2.838
2.838
0.682
0.770
0.753
0.774
0.974
3.349
3.381
0.572
1.002
1.031
0.984
1.624
1.624
0.654
2.611
2.667
1.276
0.729
0.110
0.344
1.105
1.126
0.960
0.978
1.480
5.807
5.830
4.094
4.100
0.926
0.201
2.014
2.019
1.433
6.296
6.302
0.366
1.546
1.555
1.898
1.900
3.184
3.184
2.168
1.433
1.594
1.594
1.189
3.868
5.806
6.333
6.326
1.385
2.098
2.125
2.086
2.086
1.967
1.979
2.167
2.664
2.670
2.556
0.910
10.975
11.077
3.932
4.926
1.141
1.158
0.919
2.361
2.374
2.947
2.951
1.629
4.358
4.393
5.867
16.220
18.084
10.415
7.859
1.580
1.593
1.602
7.708
10.118
10.460
9.643
9.790
27.425
27.732
17.353
7.395
7.460
7.579
5.481
3.952
5.460
5.530
1.887
2.735
2.741
1.438
10.466
13.352
16.309
22.342
22.796
5.325
6.703
6.806
4.773
6.368
8.909
8.979
1.795
2.103
7.990
8.574
4.303
6.509
14.644
14.688
11.659
11.882
8.457
8.663
6.183
5.933
4.652
4.630
11.122
11.589
4.060
5.227
6.269
6.492
47.626
51.995
27.064
8.815
5.271
0.152
11.426
13.065
2.459
0.706
0.635
0.733
0.733
0.673
0.733
0.999
0.999
0.667
0.667
0.831
1.343
2.460
4.189
7.601
8.285
5.263
4.886
5.158
4.151
3.089
2.107
3.853
10.380
12.886
12.969
6.497
2.430
2.254
5.045
5.624
16.243
16.621
16.764
1.691
0.176
0.168
0.155
0.683
0.951
0.990
0.565
0.435
0.436
0.312
0.324
0.162
0.366
0.366
0.327
0.327
5.549
5.841
2.908
0.496
0.270
0.960
12.909
12.924
0.147
0.384
0.981
1.010
0.708
0.190
0.553
0.558
0.761
0.828
0.321
0.302
0.809
2.722
2.727
1.229
0.621
0.002
0.001
0.046
0.057
0.613
1.211
1.221
0.819
0.820
0.008
0.033
0.035
0.027
0.002
0.002
0.001
0.001
0.001
0.001
0.001
0.002
0.002
0.006
0.007
0.021
0.021
0.020
0.120
0.123
0.052
0.690
0.718
0.638
0.213
0.076
0.098
0.117
0.199
0.202
0.142
0.239
0.396
0.412
0.310
0.325
0.413
0.841
0.866
0.654
0.673
0.328
0.215
0.383
12.364
12.434
1.421
0.861
0.618
0.716
0.734
0.875
1.147
1.173
0.364
0.543
0.555
0.018
0.023
0.409
0.548
0.566
0.948
1.229
1.237
0.308
0.328
0.326
0.238
0.683
0.703
0.736
0.760
0.405
0.505
0.537
0.323
0.323
0.199
0.331
0.336
0.555
27.600
27.632
0.858
0.738
0.484
0.493
0.509
1.422
1.793
1.929
0.503
0.211
0.020
0.004
0.006
0.024
0.045
0.110
0.137
0.190
4.705
4.914
0.990
1.010
0.725
0.188
0.015
0.930
0.965
0.955
0.365
0.334
0.292
1.580
11.090
11.091
2.395
2.398
0.027
0.007
0.000
0.000
0.024
0.038
0.038
0.002
0.367
0.367
0.189
0.380
0.687
0.704
1.288
1.288
0.123
1.327
2.316
2.554
2.553
2.557
1.127
1.155
2.839
2.840
1.392
1.397
0.814
1.517
1.555
0.671
0.673
0.658
0.142
0.396
0.655
0.671
0.417
0.418
0.306
0.677
1.026
1.048
0.755
0.593
0.331
0.752
0.814
1.103
1.106
0.595
0.595
1.205
1.206
0.643
0.566
0.309
0.691
0.782
0.808
1.158
3.079
3.086
0.951
0.337
0.385
0.451
0.452
0.406
1.181
1.182
0.874
0.527
0.276
0.351
1.925
2.381
4.729
5.168
4.463
1.551
1.567
5.006
5.071
0.971
1.415
1.415
0.575
1.144
1.155
7.251
23.157
25.435
7.338
1.687
3.498
10.754
10.776
8.775
11.410
11.568
2.891
1.996
2.012
2.001
2.142
2.142
8.879
11.871
33.504
37.135
37.193
1.266
1.291
0.818
3.235
5.562
5.581
4.711
14.889
16.698
8.502
6.444
8.879
8.943
3.503
5.600
5.689
9.838
10.120
5.485
9.020
9.685
4.117
4.162
1.732
7.065
7.068
4.721
3.799
1.633
2.459
2.459
3.842
4.270
4.270
3.345
3.348
2.280
2.283
1.912
1.912
1.887
1.933
1.933
6.808
9.884
33.130
33.173
4.660
1.190
1.190
1.043
0.943
2.133
2.141
2.208
8.906
14.243
14.243
0.996
0.996
0.515
0.397
0.420
0.420
2.201
5.053
5.067
6.725
25.453
27.597
32.721
36.650
20.273
9.171
11.140
6.106
4.113
1.365
0.737
0.770
0.085
0.019
0.047
0.047
0.165
0.413
1.944
3.477
3.511
1.130
0.478
0.245
0.263
4.767
4.852
3.413
0.582
0.603
0.450
0.408
0.523
0.592
0.670
0.697
0.607
0.334
0.463
0.557
1.153
1.193
1.004
0.415
0.263
0.059
0.064
0.064
0.136
0.139
0.260
0.265
0.533
0.552
0.533
0.565
0.515
0.633
0.653
0.649
0.451
0.242
0.271
0.271
0.065
0.216
0.223
0.138
0.195
0.270
0.907
0.935
0.758
0.307
0.282
0.101
0.442
0.464
0.253
0.293
0.303
0.067
0.002
0.001
0.039
0.319
0.340
0.452
1.133
1.178
0.801
0.808
0.185
0.355
0.358
0.236
0.276
0.498
0.516
0.392
0.122
0.304
0.319
0.170
0.025
0.152
0.160
0.158
0.177
0.160
0.821
0.853
0.299
0.266
0.419
0.500
0.513
0.103
0.067
0.017
0.008
0.108
0.108
0.215
0.219
0.573
7.217
7.893
4.127
0.572
0.436
0.450
0.323
0.327
0.126
0.133
0.103
0.641
0.641
0.325
1.521
1.521
0.592
0.105
2.565
2.606
2.474
2.498
0.635
0.242
0.329
0.457
0.716
0.752
4.696
30.494
32.463
7.490
0.523
0.914
0.920
0.418
0.926
9.815
9.818
0.011
0.341
0.370
0.281
0.600
0.607
0.006
0.128
0.165
0.168
0.133
0.149
2.177
2.180
0.036
0.039
0.302
0.552
0.583
1.112
1.112
0.068
0.233
1.109
1.110
0.340
0.149
0.209
0.224
0.065
0.530
0.532
0.498
0.703
0.707
0.052
0.326
0.327
0.685
0.686
0.036
0.038
0.030
0.220
0.435
0.435
0.358
0.510
1.839
2.242
2.242
1.221
0.704
5.001
6.870
7.121
3.509
0.901
0.901
0.171
0.828
0.828
0.563
0.332
0.467
2.261
2.292
1.427
1.427
0.426
0.071
0.071
3.259
3.259
2.940
2.991
1.720
1.738
1.143
1.613
1.649
1.000
1.825
2.055
2.065
1.182
1.253
1.253
0.812
0.924
2.560
4.053
15.502
24.652
26.027
25.713
0.904
0.245
0.405
1.041
2.035
4.055
4.065
3.773
3.773
1.286
1.936
1.941
4.074
4.489
5.195
5.370
2.836
2.435
1.941
15.402
16.862
8.978
6.439
6.495
6.665
6.985
7.018
5.214
5.478
5.485
2.134
3.973
10.943
13.757
19.439
19.751
17.631
15.334
6.389
6.562
4.455
4.812
2.494
2.063
2.569
14.963
16.506
18.525
18.698
13.420
14.593
6.685
3.191
4.374
4.377
6.940
6.967
7.310
7.840
7.038
11.498
11.681
3.482
3.433
5.096
8.054
8.595
5.749
9.254
9.500
6.935
3.340
5.067
5.067
2.163
2.166
5.793
5.795
1.831
2.713
4.370
4.381
8.176
8.294
2.212
7.904
7.979
6.325
3.817
3.514
1.536
1.542
4.758
10.602
10.796
6.259
0.816
2.246
3.061
3.069
1.938
1.381
4.392
4.404
3.159
2.836
1.195
1.105
2.034
3.294
3.295
0.743
0.675
0.575
0.583
0.682
2.614
2.614
2.294
2.301
1.921
2.150
3.135
3.284
3.301
8.111
8.535
1.777
0.042
0.002
0.235
0.510
0.510
17.866
32.380
33.549
7.062
0.280
0.941
1.288
1.323
0.629
0.559
0.009
0.156
0.759
0.776
3.433
3.541
0.652
0.643
0.729
0.737
0.698
0.704
0.477
0.213
0.634
0.656
0.612
0.339
0.379
0.439
0.459
0.371
0.368
0.379
0.397
0.392
0.410
0.182
0.168
0.168
0.060
0.019
0.010
0.010
0.002
0.006
0.078
0.151
0.424
0.481
0.316
0.699
0.724
0.240
0.241
0.168
0.459
0.481
0.333
0.244
0.911
0.925
0.055
0.011
0.002
0.001
0.157
0.463
0.503
0.315
0.256
0.214
0.072
0.020
0.227
0.499
0.550
0.560
0.164
0.314
0.324
0.214
0.108
0.604
0.873
0.917
0.529
0.109
0.583
0.601
2.702
2.702
0.022
0.329
0.757
0.764
0.525
9.252
9.269
0.046
0.061
0.608
0.628
0.952
0.971
0.542
0.557
0.450
0.252
0.310
0.314
0.109
0.086
0.207
0.339
0.714
0.719
0.536
0.558
0.463
0.477
1.826
1.837
0.362
5.269
5.336
12.207
12.226
0.100
0.049
0.220
0.680
4.354
4.457
0.937
0.360
1.076
2.088
2.216
3.710
3.742
0.701
3.047
3.381
0.688
0.704
0.611
0.412
0.674
0.706
0.630
0.615
0.837
0.837
0.158
0.057
1.985
2.015
1.008
0.437
3.831
3.834
0.092
0.096
0.051
0.027
0.049
0.049
0.350
0.381
0.338
0.650
2.272
2.341
0.973
0.041
0.462
0.465
1.063
1.073
0.756
2.365
2.380
1.345
0.901
1.474
1.493
0.740
1.193
1.215
0.747
0.342
0.870
0.889
0.560
0.694
1.473
1.475
1.780
1.780
0.909
4.327
4.438
3.023
4.370
4.378
2.796
1.312
0.630
0.738
1.158
1.162
0.879
0.909
0.720
0.729
0.579
0.077
0.223
2.097
2.161
1.256
0.926
1.149
2.607
11.320
27.152
61.272
61.272
0.180
0.081
0.503
0.518
0.147
0.147
0.127
3.879
3.890
0.960
6.175
6.190
9.369
10.552
2.981
3.727
4.976
4.976
1.843
2.651
3.519
4.397
9.297
9.363
17.229
19.636
10.882
2.772
1.488
8.485
14.446
14.771
12.981
4.967
4.146
4.200
4.739
6.779
6.784
3.618
3.857
2.524
1.447
3.030
4.635
15.238
17.730
15.456
10.913
9.608
4.358
3.906
3.928
3.096
17.877
19.400
6.643
2.960
7.247
7.257
2.160
6.126
6.567
5.248
5.286
4.376
4.426
2.248
2.025
2.197
2.236
1.943
1.949
1.560
5.949
11.496
22.425
22.597
7.866
2.974
2.981
11.025
15.649
16.133
3.923
2.185
3.758
9.063
9.184
4.719
1.057
2.146
2.790
4.885
5.045
2.152
0.658
0.658
1.070
1.359
1.363
1.292
6.008
6.480
4.459
3.523
3.488
3.527
2.957
2.980
1.161
2.422
3.111
13.182
25.465
26.531
14.185
1.455
1.712
3.210
3.401
1.427
0.515
0.436
0.917
0.919
0.500
0.502
1.089
1.089
0.559
0.449
0.360
0.426
0.443
0.161
6.795
9.502
9.566
0.388
0.305
0.733
0.733
0.260
0.286
0.244
0.081
0.131
0.822
0.837
0.621
0.515
0.557
0.430
0.263
0.330
0.802
0.837
1.084
1.122
1.124
0.014
0.007
0.083
0.379
0.664
0.674
0.153
0.092
0.091
0.349
0.796
0.797
0.250
0.158
0.155
0.720
0.745
0.401
0.031
0.031
0.487
0.501
0.044
0.032
0.002
0.002
0.006
0.077
0.110
0.111
0.130
0.541
0.642
0.662
0.452
0.397
9.831
23.176
23.852
10.085
0.702
0.011
0.005
0.005
0.261
0.275
0.644
0.673
0.119
0.235
0.273
0.290
0.397
0.405
0.347
3.884
9.257
14.313
14.553
0.952
0.576
0.793
0.812
0.588
0.002
0.001
0.002
0.016
0.209
0.217
0.301
0.306
0.076
0.002
0.003
0.087
0.602
0.797
0.587
0.309
0.810
0.890
0.917
1.696
1.720
0.402
0.086
0.125
0.193
0.202
0.157
0.111
0.371
0.697
0.724
0.574
0.258
0.838
0.843
0.414
0.398
0.398
0.047
1.695
1.718
0.506
0.167
0.167
0.003
0.004
0.161
5.644
5.682
0.951
20.750
21.252
9.092
1.508
0.865
0.618
0.634
0.670
0.691
0.675
0.187
0.007
0.497
0.535
3.398
3.464
1.458
1.465
1.501
0.215
0.067
0.052
0.341
0.341
0.109
0.004
0.546
0.547
0.335
11.607
11.633
0.646
0.704
5.033
5.048
0.983
0.965
0.782
0.817
0.651
0.170
0.127
7.119
8.616
6.279
2.391
2.425
1.358
2.460
2.461
0.033
0.003
0.442
0.470
0.501
3.787
3.800
1.375
0.767
1.893
1.893
1.874
2.429
1.039
0.403
0.403
0.097
1.503
1.503
0.006
0.007
0.349
0.352
0.081
0.740
1.491
1.792
1.806
0.594
0.041
3.591
4.574
3.240
4.676
4.957
1.764
8.856
9.918
4.910
0.235
12.349
14.296
8.538
2.889
0.420
0.254
0.260
0.532
0.555
1.034
2.742
8.295
17.312
18.671
8.148
5.034
5.046
1.424
1.501
1.524
2.742
2.777
1.583
6.948
11.374
11.787
4.550
5.625
8.963
11.740
12.378
2.612
0.576
0.576
0.962
3.228
3.228
5.411
5.485
2.929
3.090
9.584
9.934
2.197
0.580
4.637
4.651
1.266
1.405
1.994
2.003
1.036
1.041
0.949
0.898
0.562
0.976
0.976
0.580
0.484
0.944
0.944
1.414
3.566
3.967
2.963
1.827
11.339
11.966
11.706
1.636
1.033
1.802
1.847
0.539
0.916
3.120
3.125
3.723
13.533
13.543
10.105
12.049
13.097
7.225
1.562
1.460
0.289
5.314
18.911
19.328
5.197
5.672
5.672
6.608
6.804
7.194
8.291
8.326
1.852
1.321
0.064
0.093
0.878
1.400
2.041
2.056
1.479
1.505
1.656
1.668
0.828
2.689
10.501
10.665
5.036
2.006
1.306
1.391
1.449
0.647
0.490
0.160
0.064
0.058
0.289
0.577
0.598
0.216
0.093
0.078
0.134
0.134
2.223
2.257
1.296
0.466
0.469
0.986
1.012
0.487
0.026
0.008
0.365
0.684
0.728
0.757
0.750
0.308
0.364
0.376
0.368
3.139
3.172
2.592
0.921
0.046
0.272
0.735
0.931
0.991
0.992
0.718
0.737
0.709
0.729
0.101
0.003
0.022
0.073
0.802
1.058
1.072
0.023
-0.000
0.003
0.034
0.047
0.028
0.004
0.223
0.526
0.539
0.250
0.378
0.541
2.273
2.316
0.163
0.012
0.061
0.063
0.011
0.035
0.221
0.487
0.513
0.693
0.714
0.474
0.151
0.678
0.717
0.274
0.515
0.539
0.358
0.457
0.481
0.486
0.029
0.001
0.001
0.002
0.498
0.908
