19950101
0.223
0.110
0.160
0.363
0.447
0.463
0.169
21.442
21.458
1.086
0.337
0.738
0.738
0.203
1.178
11.260
14.420
14.439
2.235
2.358
2.415
0.786
0.505
0.385
0.389
0.194
0.182
0.375
0.626
0.643
0.481
0.189
0.267
0.714
1.178
2.001
2.004
0.590
0.176
0.176
0.166
0.126
0.307
0.321
5.499
5.604
5.220
3.278
3.343
2.431
2.143
2.699
5.887
8.936
8.983
0.602
0.666
2.214
2.317
1.865
0.483
0.505
0.280
0.479
0.545
5.973
5.995
1.308
1.352
1.213
1.241
0.701
0.728
0.177
0.222
1.232
1.241
0.353
0.309
0.309
0.018
0.223
0.929
0.929
21.940
22.968
1.462
1.367
1.777
1.814
0.361
0.401
0.418
0.193
0.947
0.997
0.116
0.100
0.152
0.427
0.702
1.981
2.032
0.823
0.634
0.608
0.609
0.377
0.334
3.258
3.270
0.983
1.636
1.650
1.463
1.317
0.648
0.344
0.062
1.576
1.576
0.609
0.228
0.382
0.388
0.369
0.369
0.191
3.497
3.503
2.998
3.256
3.256
2.782
5.879
5.879
2.801
6.205
6.427
4.518
1.625
0.880
1.613
1.822
2.087
2.087
0.751
1.151
2.056
2.370
2.382
1.386
2.327
2.334
2.464
2.914
3.809
4.266
4.286
3.324
4.628
5.849
9.023
9.385
9.856
14.149
19.111
25.172
32.141
32.346
5.679
5.706
4.286
7.215
7.433
6.320
3.501
4.075
4.075
4.710
34.455
41.608
40.821
5.584
7.199
7.833
8.759
4.651
6.016
6.016
26.555
26.701
3.349
3.809
5.821
5.821
8.084
10.848
11.091
9.372
9.379
7.359
4.741
4.526
4.191
4.191
3.969
9.490
9.497
3.481
5.340
6.113
10.910
12.578
13.049
4.117
2.857
4.866
4.882
4.613
9.112
9.226
8.219
60.346
64.117
65.289
45.055
6.142
0.346
0.589
6.746
6.845
0.661
0.465
1.973
1.973
3.239
6.003
6.333
6.364
9.309
9.396
4.148
1.549
5.938
6.612
9.512
9.512
8.717
7.666
6.153
2.770
1.412
1.412
1.156
1.103
2.211
3.184
4.194
4.393
4.839
4.851
4.551
4.592
4.782
4.028
3.716
2.203
2.203
11.431
29.842
30.491
11.901
0.105
0.124
0.128
0.340
0.369
0.162
0.225
0.225
0.539
0.541
1.000
1.002
1.419
1.862
0.810
1.937
4.184
4.224
0.416
0.236
0.404
0.411
0.315
0.686
0.699
0.300
0.140
0.085
0.092
0.164
0.173
0.163
0.163
0.014
0.228
0.228
0.054
0.002
0.000
31.305
50.551
50.556
0.090
0.002
0.000
0.292
0.325
0.393
0.734
0.762
0.318
0.155
0.393
0.398
0.183
0.094
0.099
0.136
0.412
0.421
0.390
0.344
0.350
0.239
0.240
0.254
0.309
0.309
0.110
0.162
0.680
0.714
0.457
0.190
0.709
0.723
0.396
0.138
0.170
0.170
0.492
0.522
1.157
1.209
0.650
10.496
10.502
0.200
0.218
0.220
0.418
0.733
0.823
0.895
1.111
1.116
0.397
0.484
0.502
0.238
0.248
1.379
1.460
0.892
0.600
0.604
23.438
24.306
19.347
0.535
0.808
0.821
0.466
0.273
0.734
0.781
0.318
0.327
0.147
0.073
0.466
0.477
0.471
0.484
0.525
0.529
0.011
0.097
0.097
0.103
1.033
1.440
13.979
14.480
4.994
0.011
0.355
0.577
0.594
0.480
0.402
11.877
11.974
1.062
0.511
0.345
0.469
2.255
5.974
6.011
0.956
0.287
0.085
0.086
2.884
8.107
8.108
0.059
1.697
2.562
2.562
0.123
1.241
1.348
0.435
0.512
0.512
0.682
0.692
0.568
0.118
0.085
0.439
8.854
8.866
7.376
7.376
4.130
0.423
0.538
4.827
4.871
1.256
0.408
0.411
1.640
1.640
0.355
0.186
0.246
0.246
0.071
0.062
0.010
0.050
0.070
0.070
0.009
0.137
0.391
0.392
0.017
0.221
1.168
1.169
1.657
1.673
1.573
1.924
1.924
0.014
0.230
10.036
10.562
2.078
0.855
5.474
5.531
1.104
1.082
2.613
3.276
2.431
2.455
2.189
7.633
7.683
1.381
5.432
5.734
2.269
1.660
0.936
0.971
0.971
0.388
0.110
0.487
3.854
6.505
6.532
14.698
14.940
5.092
5.876
6.548
6.621
7.045
7.198
4.780
2.684
5.294
5.294
4.361
5.186
6.226
6.243
3.395
3.429
4.311
4.316
3.887
3.328
3.401
7.209
7.248
11.254
11.361
28.197
33.914
32.005
4.559
4.412
5.407
5.406
4.466
4.501
3.804
14.277
16.026
12.837
8.489
9.094
8.829
15.818
25.771
26.458
9.699
9.714
7.700
22.099
23.808
8.580
8.656
4.481
4.954
6.302
6.302
6.230
4.654
4.933
5.000
12.858
13.183
8.712
7.366
5.932
5.932
5.034
11.304
12.258
6.972
7.015
6.739
4.892
5.970
15.597
17.107
17.297
8.117
4.407
9.109
9.399
8.402
8.121
6.654
6.692
4.954
4.954
1.192
4.189
5.975
5.989
5.965
7.898
7.898
7.024
6.787
5.224
5.984
8.050
8.085
5.692
2.947
2.298
3.183
3.183
4.304
4.313
3.604
5.116
5.133
2.938
0.485
0.515
1.040
1.040
2.517
2.973
4.055
4.085
6.018
6.130
6.156
4.682
4.687
2.087
2.638
2.640
6.937
6.991
4.536
0.407
1.055
1.850
1.853
1.323
0.944
0.416
0.345
0.513
0.513
0.698
0.698
0.310
0.121
0.137
0.144
1.465
3.381
3.435
2.409
1.547
3.419
12.270
12.270
0.189
0.237
0.245
0.622
0.622
0.159
0.168
0.120
0.046
0.046
0.055
0.055
0.240
0.241
0.219
0.130
0.290
0.297
0.264
0.264
0.375
0.386
0.618
0.623
0.680
0.691
0.785
0.814
0.319
0.253
0.223
0.257
0.270
0.063
0.126
0.130
0.138
0.143
0.081
0.116
0.206
0.215
0.215
0.316
0.514
0.535
0.244
0.007
0.007
0.006
0.070
0.075
0.030
0.016
0.016
0.011
0.221
0.237
0.189
0.600
0.601
0.003
0.003
0.003
0.002
0.052
0.427
0.454
0.386
0.400
0.717
0.717
0.299
0.322
0.169
0.187
0.431
0.798
0.799
0.016
2.680
6.234
6.253
0.201
0.301
0.372
0.376
0.142
0.375
0.624
0.624
0.951
1.456
1.486
0.554
2.157
2.210
1.546
0.783
0.548
0.288
0.354
0.425
0.441
0.091
0.058
1.352
1.408
1.195
0.627
0.276
2.882
2.910
1.227
1.545
1.547
0.050
0.769
4.245
4.404
2.448
0.090
0.846
2.235
2.238
0.796
0.796
0.797
0.493
4.015
4.049
1.409
1.419
1.326
1.340
1.142
1.518
1.527
2.625
2.648
1.222
1.254
0.668
1.401
1.432
1.321
1.322
0.095
0.079
5.694
6.699
6.714
2.654
2.682
3.047
3.302
3.321
0.499
0.404
0.392
3.783
3.841
3.723
2.260
0.097
0.355
0.356
0.076
0.148
0.161
0.401
1.505
1.508
0.502
0.286
0.271
1.137
1.137
1.081
1.086
2.076
2.217
1.582
0.541
0.597
0.761
0.788
0.653
4.361
4.370
3.455
2.372
2.372
0.282
0.427
0.427
1.317
1.317
1.104
1.104
2.627
5.000
5.017
3.914
4.427
4.940
4.978
3.141
2.919
4.567
5.114
5.139
4.781
2.131
3.672
3.703
2.390
2.529
3.227
3.248
2.736
7.479
7.531
9.838
11.069
3.595
3.729
15.315
15.336
24.687
26.808
3.088
1.474
4.619
7.329
7.334
3.745
4.479
6.460
6.610
15.480
61.425
66.985
30.622
17.334
17.370
15.086
19.257
21.653
34.544
35.384
10.862
3.354
3.550
6.626
18.683
19.298
7.437
10.016
10.590
6.165
6.165
7.076
7.076
5.254
5.171
5.171
5.171
5.887
6.922
6.922
6.123
6.123
6.082
6.082
5.176
3.969
6.212
6.265
7.964
8.116
7.849
13.067
13.341
20.109
20.155
8.135
9.906
9.933
4.551
11.483
14.568
14.617
3.416
4.391
4.833
5.008
5.012
10.306
10.310
3.371
3.371
6.935
10.889
18.628
18.628
2.009
2.829
3.864
4.142
5.265
5.338
5.294
7.949
8.588
5.708
8.116
8.575
4.538
4.550
5.237
5.249
3.867
3.038
5.129
5.132
3.816
3.275
2.990
1.082
1.082
3.158
7.170
7.287
1.285
1.226
1.234
0.824
0.383
0.897
1.393
1.394
0.103
0.038
0.053
0.313
0.437
0.442
0.574
1.157
1.681
1.681
0.823
1.093
1.118
1.136
0.232
0.672
9.855
9.856
0.029
0.167
1.056
1.056
0.816
0.817
0.173
0.274
0.624
0.640
0.621
0.007
0.017
0.021
1.280
1.327
1.165
1.029
0.976
0.783
0.160
0.190
0.203
1.716
1.972
2.005
0.240
0.145
0.848
0.892
0.781
1.631
1.651
0.330
0.189
0.629
4.045
4.045
0.088
0.110
0.121
0.125
0.163
1.018
24.308
26.244
15.503
0.303
6.337
6.714
3.137
0.130
0.202
0.202
0.083
0.084
0.040
0.147
0.149
0.197
0.209
0.147
0.909
0.931
0.351
0.884
0.909
0.302
0.308
0.183
0.036
1.256
1.259
0.007
0.071
0.155
0.156
0.377
1.291
1.361
0.747
0.705
0.732
0.834
0.848
0.621
0.592
0.801
0.803
0.169
0.207
0.280
0.380
0.390
0.266
1.431
1.440
0.309
0.314
2.845
2.901
1.040
0.860
1.233
1.257
0.603
0.023
0.009
0.004
0.004
0.021
0.038
1.819
1.885
1.576
1.650
1.590
1.614
1.078
1.091
1.531
4.336
4.444
3.260
0.218
0.551
1.192
1.255
0.220
0.576
4.971
5.100
3.953
1.081
0.545
1.146
1.188
1.290
1.490
1.521
0.801
0.810
0.972
1.822
1.895
0.614
1.261
9.420
9.429
5.096
2.222
0.792
0.069
1.579
25.746
26.434
8.219
0.010
0.097
0.098
1.927
1.958
1.281
0.116
2.046
2.067
0.598
1.878
1.886
0.936
0.194
0.152
0.421
0.422
0.184
0.826
1.893
1.902
0.407
0.407
1.111
1.963
1.963
0.266
0.293
0.628
0.628
0.620
0.620
0.424
0.826
0.828
0.731
1.438
11.047
11.051
0.473
1.167
1.167
0.374
0.554
6.397
6.397
2.246
4.409
4.409
0.568
1.533
9.146
9.196
6.539
3.903
4.033
2.797
0.899
17.698
18.076
2.002
1.105
11.777
11.784
5.512
5.835
3.700
3.577
3.577
3.293
7.923
9.182
12.744
12.928
3.240
3.455
3.455
4.599
7.001
11.554
11.684
13.427
13.435
6.403
6.403
6.003
13.489
13.619
11.715
8.299
8.307
8.448
11.055
11.081
7.519
15.380
15.402
14.232
14.586
11.758
12.259
11.767
13.519
22.740
24.345
23.309
18.609
20.197
15.484
15.505
21.065
21.173
17.767
18.907
12.026
12.272
9.989
8.819
8.862
5.335
5.469
5.538
12.254
18.743
19.154
6.609
13.052
13.058
8.325
8.622
7.721
8.308
9.135
10.441
18.293
18.355
39.516
39.573
7.732
16.827
18.487
11.211
8.827
8.833
4.801
11.074
11.758
12.773
9.534
4.875
7.373
31.488
32.024
41.503
104.451
108.143
40.892
0.299
2.702
2.721
1.027
0.872
1.127
1.133
0.511
0.342
0.299
0.031
0.012
1.264
3.387
3.387
3.064
3.188
3.568
3.568
2.397
2.397
2.348
6.277
20.375
20.424
3.163
3.183
3.228
3.953
3.983
1.316
0.287
0.234
1.120
2.010
2.338
2.350
0.392
0.253
0.219
0.268
0.268
0.113
0.411
5.148
5.171
0.434
0.049
0.841
0.841
0.392
0.811
0.818
0.113
0.279
0.279
1.822
1.822
0.023
0.056
0.056
0.100
0.102
0.374
0.798
0.949
1.381
1.381
0.002
0.001
0.001
0.385
1.107
4.834
4.855
0.930
0.353
0.073
0.057
0.078
0.168
0.173
0.151
0.154
0.044
0.086
0.114
0.244
0.262
0.141
0.208
0.208
0.003
0.001
0.144
0.899
0.939
0.781
0.782
0.133
0.001
0.027
0.319
0.319
0.007
0.005
0.001
0.248
0.423
0.430
0.083
0.077
0.021
0.001
0.015
0.033
0.258
0.286
0.280
0.003
0.001
0.029
0.052
0.054
3.244
3.297
1.204
1.205
0.173
0.073
0.088
0.071
0.015
0.161
0.161
0.062
0.066
0.067
0.136
0.152
0.165
0.100
0.145
0.149
0.178
0.187
3.181
3.200
0.483
0.123
0.200
0.204
0.703
1.055
0.982
0.215
0.222
0.223
0.083
0.088
0.089
0.058
0.058
0.054
0.058
0.279
0.280
0.807
0.810
0.792
0.792
0.405
1.895
1.909
1.980
1.176
0.440
0.460
0.358
0.141
0.095
0.101
0.078
0.081
0.483
0.509
0.408
0.663
0.678
0.388
0.216
0.039
0.380
0.681
0.682
0.021
0.125
0.130
0.236
0.956
4.069
4.179
6.201
6.262
0.555
0.006
0.033
0.033
0.098
0.921
1.454
1.454
0.425
0.425
1.301
5.384
5.954
4.818
0.028
0.128
0.128
1.670
1.670
0.556
0.227
0.438
0.439
0.668
0.668
1.169
1.685
2.418
2.419
2.104
2.106
3.221
4.955
5.625
6.897
6.917
2.140
2.140
2.119
2.964
3.524
8.448
8.583
8.166
3.213
2.593
4.120
5.137
5.153
0.825
3.148
3.148
3.385
3.385
2.748
6.170
7.052
6.513
6.460
4.549
5.586
5.586
8.256
8.350
2.070
2.095
1.688
1.625
1.657
0.073
0.487
2.231
2.235
1.897
2.858
9.648
13.874
13.964
3.682
4.253
5.005
5.023
5.482
5.743
4.229
6.039
6.836
18.875
21.959
18.506
7.873
23.762
25.290
17.953
2.990
3.137
11.017
46.660
46.735
6.412
1.894
3.730
4.755
5.699
15.784
52.123
52.670
5.860
0.915
1.376
3.390
5.831
11.230
11.236
5.883
5.883
10.223
10.862
11.426
14.667
14.805
8.796
8.836
6.459
6.856
6.913
5.770
5.657
5.657
7.622
7.622
5.448
4.450
5.075
9.487
9.563
7.648
7.913
20.168
20.225
12.767
7.761
12.217
12.249
4.595
4.582
8.766
9.038
8.671
8.653
7.679
7.964
6.579
2.560
8.374
8.412
6.832
5.043
5.159
7.484
7.484
4.652
3.433
3.279
6.179
6.679
6.689
4.331
5.021
5.024
3.619
3.413
3.413
5.989
5.989
2.736
4.058
4.058
4.129
4.129
3.638
10.343
10.365
3.506
3.494
2.429
0.693
3.350
3.363
4.041
4.056
2.699
3.310
3.463
3.483
0.676
1.043
1.206
1.272
1.510
1.510
0.138
3.239
3.247
27.418
81.838
87.905
7.974
0.126
0.028
0.008
0.018
0.020
0.020
0.008
0.168
0.171
0.070
0.019
0.011
0.047
0.220
0.225
0.772
0.781
0.295
0.213
0.115
0.119
0.066
0.066
0.098
0.100
0.171
0.174
0.302
0.356
0.837
0.837
0.010
0.008
0.091
0.516
1.129
1.151
0.043
0.017
0.001
0.002
0.043
0.213
0.214
0.194
0.195
0.128
0.354
0.386
0.351
0.074
0.048
0.049
0.451
0.495
0.293
0.002
0.002
0.018
0.205
0.205
0.056
0.003
0.049
0.086
0.421
0.446
0.219
0.173
0.187
0.187
0.185
0.045
0.045
0.159
0.258
0.273
0.073
0.208
0.274
0.289
0.198
1.624
1.736
1.695
0.834
0.571
0.319
0.010
1.142
1.201
0.498
0.510
0.362
0.351
0.371
0.516
1.371
1.427
0.813
0.186
0.333
8.041
8.730
3.768
0.899
1.167
1.275
0.920
0.897
0.942
0.614
0.933
1.086
0.854
0.257
0.274
0.566
1.089
1.106
0.765
0.782
0.589
0.403
0.416
0.367
0.844
0.881
0.529
0.284
0.102
0.697
2.326
2.357
0.729
1.374
1.388
1.044
1.071
0.677
1.003
2.239
2.607
6.709
6.784
1.541
1.399
1.206
1.540
1.577
0.826
0.335
0.279
9.913
9.922
0.196
0.018
1.008
1.010
0.055
0.002
0.000
0.418
0.430
0.447
0.452
0.219
0.173
0.058
0.043
1.962
1.962
0.674
0.674
0.114
0.244
2.925
2.950
0.908
0.562
0.061
0.311
0.311
1.544
4.392
6.236
6.254
2.441
3.352
4.356
4.485
4.333
0.563
2.437
2.437
0.170
1.480
1.483
0.945
0.968
3.210
3.213
1.998
2.021
1.483
2.896
2.899
4.161
4.172
4.521
31.921
34.248
9.650
10.060
10.083
1.582
2.729
22.518
23.956
23.958
1.976
3.306
3.318
2.167
2.133
0.870
1.810
4.917
12.767
13.626
13.597
3.850
9.326
10.617
10.041
5.504
5.504
5.522
5.280
5.280
12.427
12.456
9.401
19.193
29.626
29.643
5.787
7.919
5.234
3.718
6.611
7.747
7.798
6.209
6.252
11.069
11.121
11.679
21.009
22.314
12.847
7.377
7.505
10.897
10.902
11.709
13.040
10.331
7.093
9.622
9.742
6.964
10.794
10.975
9.103
4.375
5.788
5.792
6.033
6.037
6.003
5.024
4.800
19.584
21.150
19.066
15.206
7.947
2.361
8.541
8.609
8.962
11.749
12.927
10.770
6.402
6.180
3.888
4.513
4.567
5.840
5.845
7.109
7.472
8.319
8.396
3.706
3.715
3.829
3.829
4.730
6.384
7.512
7.902
37.974
38.380
14.652
5.671
1.974
5.478
6.752
15.396
16.526
10.006
10.087
10.237
1.630
1.068
5.240
6.377
6.458
6.296
5.834
4.509
5.059
16.507
16.913
8.157
1.006
1.105
0.512
0.512
0.556
0.581
0.637
0.637
0.356
0.430
1.829
1.829
1.526
0.978
0.602
1.371
1.385
1.040
1.320
0.936
0.279
0.279
0.127
0.127
0.059
0.194
0.211
0.432
2.678
2.759
2.783
1.154
1.173
0.733
0.259
0.259
0.004
0.108
0.132
0.532
0.532
0.023
0.139
0.699
0.699
0.557
0.661
0.661
0.010
0.507
1.659
1.673
0.579
0.055
0.055
1.184
2.136
2.190
0.836
0.479
0.434
0.608
0.622
0.436
0.323
0.408
0.778
0.797
0.339
0.228
0.040
0.055
0.259
0.267
0.044
0.124
0.131
0.405
0.440
0.419
0.020
0.028
0.028
0.002
0.002
0.004
0.025
0.054
0.057
0.001
0.001
0.002
0.520
0.534
0.256
0.264
0.215
0.295
14.615
15.033
3.137
0.501
0.846
0.846
0.106
0.322
0.922
0.938
0.173
0.019
0.317
0.404
0.409
0.111
0.187
0.187
0.245
0.247
0.331
1.100
1.451
1.554
1.139
0.006
0.002
0.001
0.001
0.001
0.002
0.095
0.445
0.496
0.502
0.519
0.547
0.565
0.109
0.015
0.015
0.121
0.470
0.493
0.165
0.067
3.127
3.472
1.107
2.288
2.295
6.759
7.139
3.772
1.256
1.481
6.349
6.530
1.095
0.492
0.665
0.685
0.230
0.161
2.511
2.518
1.271
1.298
0.837
0.331
0.160
0.090
0.345
1.751
1.849
1.875
0.879
0.893
0.332
0.918
0.961
3.257
3.292
1.015
3.948
3.960
0.156
1.152
1.526
1.527
0.480
0.836
1.075
1.076
0.313
0.313
0.478
0.478
0.860
1.391
1.394
0.592
0.494
5.611
5.865
3.338
1.517
2.232
3.586
3.586
1.432
1.433
3.763
3.763
0.318
10.605
10.607
4.951
2.356
2.555
0.773
0.609
1.040
2.977
5.361
5.420
1.276
1.187
4.231
6.678
7.947
8.117
1.614
1.333
1.333
7.748
7.870
4.977
1.939
1.347
4.463
4.483
2.065
1.829
4.492
5.185
4.860
5.230
5.230
5.829
6.333
6.460
5.511
4.803
7.807
8.241
5.974
6.041
6.092
3.467
3.952
3.952
2.911
7.154
7.259
4.441
6.880
6.905
8.995
9.681
12.900
13.102
8.363
9.719
9.719
3.059
5.279
5.279
5.258
6.644
6.648
6.821
6.822
6.200
6.213
4.714
4.605
4.811
5.902
5.902
6.590
9.420
9.573
6.620
5.017
12.443
12.811
8.373
7.602
5.915
8.811
16.952
17.368
3.347
3.457
14.717
16.825
16.623
19.309
13.889
12.522
9.433
11.786
11.794
9.174
9.388
5.558
5.277
5.546
5.546
4.269
4.275
3.426
4.672
5.454
5.619
4.337
6.657
6.657
29.134
33.110
27.167
4.282
5.876
17.798
18.775
13.907
2.706
4.349
5.137
12.545
14.903
11.403
3.903
4.041
4.044
3.908
4.351
21.001
21.323
6.876
7.084
4.685
7.419
8.128
8.314
7.877
5.333
3.114
1.178
2.132
2.141
0.874
0.818
2.374
2.513
2.516
2.098
2.098
1.240
1.633
1.639
1.085
3.105
3.821
4.692
6.139
6.144
29.053
29.292
3.177
5.432
13.000
13.006
1.970
0.507
0.171
0.205
0.211
0.051
0.148
0.148
0.091
0.666
0.666
0.450
0.125
1.127
1.139
0.450
2.990
2.990
1.407
0.085
0.752
0.767
0.535
1.558
1.606
1.104
0.340
0.207
0.224
0.117
0.094
0.094
0.051
0.003
0.002
0.004
0.092
0.155
0.155
0.165
0.165
0.049
0.100
0.104
0.066
0.014
0.079
0.250
0.271
0.176
0.076
0.283
0.286
0.043
0.119
0.213
0.871
0.871
0.753
0.651
0.211
0.214
0.166
0.082
0.146
0.675
0.683
0.154
0.061
0.151
0.154
0.115
0.008
0.001
0.001
0.042
0.154
0.238
0.248
0.261
0.217
0.233
0.079
0.043
0.005
0.002
0.006
0.033
0.288
0.769
0.777
0.729
0.004
0.005
0.005
0.177
3.135
8.294
8.353
2.934
2.957
8.514
8.516
0.425
0.542
0.551
0.425
0.341
2.576
10.939
10.960
0.397
0.060
0.050
0.054
0.203
0.215
0.434
0.682
1.473
5.902
5.913
0.352
4.403
4.743
4.680
0.053
0.047
0.047
0.022
0.938
0.997
1.035
1.167
0.959
0.144
0.276
2.833
2.878
0.781
0.954
0.965
2.804
2.883
1.468
1.811
1.920
1.083
0.485
0.506
0.450
0.285
0.223
0.391
0.679
1.449
1.449
0.089
0.089
0.013
0.034
0.795
1.568
3.555
4.912
4.916
0.844
0.846
0.418
0.691
0.691
0.368
2.450
5.571
5.606
1.917
0.046
0.058
0.101
0.854
3.009
3.009
1.929
1.903
1.903
0.183
0.051
0.051
0.451
5.129
5.131
0.096
0.211
1.814
1.815
0.847
4.450
5.947
5.979
1.090
5.883
6.079
0.261
1.796
3.769
3.769
1.289
1.289
0.827
0.491
0.199
3.239
3.395
1.599
0.382
2.463
2.463
3.865
4.232
21.341
21.435
12.457
7.133
2.750
0.462
3.715
3.736
4.503
5.111
5.125
3.239
3.239
2.159
3.146
3.146
2.922
4.017
7.835
7.835
3.500
3.515
6.726
6.726
7.770
7.842
7.611
4.429
4.324
8.185
8.214
3.536
9.945
10.866
4.772
7.860
8.066
8.124
5.025
5.025
6.350
6.350
5.144
17.660
39.871
41.891
6.211
9.968
17.093
17.159
8.257
7.468
9.455
10.330
7.889
5.474
4.283
9.632
10.856
7.237
3.823
5.119
13.856
19.074
32.996
35.456
30.463
27.837
3.513
18.758
22.041
22.502
14.790
7.797
7.869
5.402
7.424
7.704
6.623
4.634
4.784
4.789
3.939
6.970
20.018
21.558
9.341
9.355
7.255
5.165
5.165
3.649
5.739
17.764
24.454
25.386
13.989
4.301
3.669
1.974
3.722
4.219
4.219
3.620
3.533
2.819
4.589
4.596
5.364
6.916
6.942
4.621
2.198
2.237
2.924
2.928
3.153
5.103
5.107
3.487
2.034
2.066
2.680
4.724
4.727
1.035
5.679
5.749
5.309
18.222
31.436
31.912
9.721
1.144
0.874
0.270
0.538
0.724
0.813
0.962
1.194
3.801
3.803
3.443
3.336
2.632
1.233
1.240
0.319
0.012
0.020
0.045
5.891
5.972
0.859
0.239
1.112
1.146
0.903
0.788
0.699
0.271
0.597
0.716
0.718
0.704
0.561
0.564
0.188
0.191
0.058
0.095
0.148
0.150
0.036
0.036
0.017
0.021
0.488
3.684
3.718
0.175
0.194
0.194
0.069
0.759
0.788
0.167
0.005
0.001
0.171
0.861
0.893
0.292
0.004
0.024
0.322
0.515
0.515
0.178
0.205
0.222
0.230
0.163
0.147
0.359
0.359
0.054
0.055
0.007
0.001
0.001
0.016
0.046
0.504
2.155
2.201
1.001
0.382
0.214
0.516
0.519
0.420
0.296
0.304
0.318
0.185
19.696
20.749
1.045
0.023
0.024
0.017
0.010
0.198
0.204
0.231
0.262
0.432
0.442
0.457
0.253
0.023
0.001
0.001
0.001
0.002
0.058
0.070
0.643
0.662
0.542
0.180
0.181
0.029
2.091
8.790
8.812
6.847
9.221
9.230
0.628
0.664
0.685
0.258
1.635
1.692
1.030
1.101
1.620
2.625
2.790
2.928
2.725
0.515
0.138
1.209
25.938
26.277
0.940
0.044
0.309
2.057
2.574
2.589
1.853
0.075
0.212
0.975
1.012
1.014
1.030
0.753
1.443
1.479
0.389
2.292
2.374
1.989
1.994
0.241
0.973
1.478
1.481
0.419
1.012
1.016
0.120
0.086
0.086
1.651
1.653
1.746
1.747
0.542
0.755
2.274
2.382
1.459
1.459
0.728
0.737
1.034
1.035
0.542
0.543
0.214
0.921
1.017
1.017
0.043
1.068
1.079
3.291
3.292
0.251
1.629
1.638
0.537
0.537
0.083
0.116
0.307
0.307
0.712
5.228
5.233
1.800
1.892
1.892
1.256
3.011
3.047
0.379
0.157
0.083
0.989
1.521
4.864
4.877
1.928
1.932
3.819
4.856
5.218
5.228
4.606
4.609
3.903
3.903
4.858
7.754
7.999
3.052
3.185
3.189
2.339
1.976
1.976
3.709
3.709
3.386
6.595
6.620
5.670
8.147
8.152
4.488
18.224
19.629
22.307
21.049
22.055
5.519
5.605
5.650
3.224
5.579
6.590
6.600
12.038
26.932
27.740
7.348
11.770
24.779
25.072
10.830
10.881
12.933
13.252
12.795
16.755
17.136
6.480
15.592
28.012
28.365
20.057
11.396
6.737
10.261
25.305
25.880
5.449
5.781
9.873
21.110
21.864
6.307
6.363
5.525
8.225
8.225
7.547
8.128
8.128
13.175
14.048
11.708
11.634
14.451
14.489
4.461
2.159
2.159
1.835
5.429
5.448
6.453
6.530
4.547
4.452
7.492
11.591
13.455
8.369
59.039
59.620
5.610
3.479
2.354
5.948
7.259
7.311
5.510
4.547
4.628
3.560
8.408
12.206
12.473
7.053
10.058
10.085
8.338
5.018
4.283
2.975
7.205
7.235
5.132
6.337
7.333
7.345
5.113
5.120
4.351
3.475
4.184
4.203
4.135
2.547
8.622
9.338
8.796
1.304
1.095
2.877
3.312
3.123
2.824
0.659
0.663
0.040
0.430
0.430
0.395
5.274
43.269
43.370
0.588
0.373
0.119
0.141
0.312
0.312
0.206
0.597
1.396
1.401
0.870
0.198
1.919
10.781
29.932
30.587
13.359
1.256
0.206
0.698
0.716
0.055
0.071
0.071
0.027
0.290
0.431
0.809
0.847
0.195
0.292
0.803
0.809
0.121
0.052
0.058
0.789
1.075
1.126
1.025
0.098
0.098
0.003
0.002
0.016
0.078
0.509
0.580
0.591
0.259
0.105
0.047
0.148
0.260
0.311
0.289
0.040
0.021
0.094
0.099
0.087
0.087
0.002
0.002
0.007
0.100
2.176
2.187
0.117
0.175
0.176
0.023
0.051
0.160
0.260
0.260
0.153
12.195
13.500
9.823
0.035
0.133
0.204
0.217
0.339
0.345
0.283
0.339
0.299
0.024
0.024
0.002
0.102
0.191
0.575
0.576
0.010
0.033
0.058
2.607
2.631
0.117
0.402
0.452
7.997
8.214
6.145
0.742
0.772
0.358
0.365
0.849
0.962
1.000
0.646
0.552
0.685
0.834
0.857
0.372
0.033
0.044
0.284
0.294
0.270
0.301
0.301
0.189
0.147
0.098
3.571
3.683
1.769
0.183
0.627
0.631
0.012
0.001
0.017
0.020
0.078
0.589
0.608
0.625
0.642
0.217
0.763
1.762
1.920
1.920
0.146
4.563
4.563
0.685
0.685
0.175
0.240
0.240
0.038
0.118
0.296
6.495
6.503
0.111
1.531
1.543
0.401
0.164
0.359
0.359
0.111
0.310
3.311
3.320
5.542
5.785
0.392
0.420
2.955
4.240
4.240
3.658
3.658
2.117
0.935
1.660
5.973
6.029
5.659
3.732
3.752
2.887
0.237
5.014
5.982
4.864
3.687
2.242
1.398
1.863
2.853
2.870
1.161
1.583
1.619
0.298
1.074
1.623
1.623
0.364
0.862
0.862
7.544
8.465
5.530
2.767
3.586
3.621
2.845
6.016
7.956
8.485
8.622
21.630
21.634
8.587
9.057
8.250
2.336
2.457
2.469
1.564
2.093
3.418
3.870
4.843
4.868
5.200
5.222
3.985
4.865
4.884
4.138
5.946
6.338
7.431
9.194
9.870
7.814
5.232
7.648
12.293
12.976
13.294
13.323
14.633
14.649
6.351
6.383
3.214
1.425
3.516
4.903
7.855
7.974
14.513
15.463
9.195
18.487
24.781
54.867
58.210
24.229
43.403
44.292
20.751
4.459
7.814
8.103
4.717
24.265
24.265
8.698
8.140
5.974
6.189
2.840
10.924
11.611
8.765
10.145
14.059
14.390
8.373
8.397
6.976
6.988
10.659
11.024
7.432
7.297
8.789
10.665
10.895
9.315
3.743
5.455
5.455
5.043
5.043
7.212
7.218
6.579
8.118
8.994
8.997
2.204
1.747
2.934
2.934
4.492
7.939
8.008
3.365
5.150
5.887
5.896
4.433
6.224
6.292
4.143
3.001
2.925
2.937
3.027
5.425
8.433
8.433
1.263
2.300
3.054
3.536
4.889
4.893
3.257
3.468
3.468
2.024
2.462
3.103
5.983
6.220
2.300
6.420
10.597
10.608
1.674
4.517
4.520
1.934
1.940
2.221
22.771
22.812
3.967
0.411
0.942
0.942
0.145
6.651
6.725
0.124
0.003
0.046
0.117
0.253
0.260
0.751
0.927
0.933
0.466
1.406
1.409
0.117
0.117
0.287
0.290
0.176
0.548
0.565
0.329
0.117
0.107
0.170
0.179
0.275
0.554
0.582
0.594
1.238
1.239
0.176
0.027
0.001
3.421
3.487
0.341
0.142
0.142
1.625
1.625
0.042
0.474
0.611
0.612
0.260
0.294
0.349
0.352
0.008
0.002
0.002
0.001
0.004
0.004
0.001
0.002
0.002
0.086
0.086
0.387
0.387
0.100
0.002
0.002
0.102
2.219
2.286
0.950
0.883
0.553
0.808
0.840
0.368
0.002
0.002
0.006
0.398
0.556
0.709
0.718
0.345
0.116
0.409
0.435
0.594
0.784
2.037
2.072
0.266
0.003
0.002
0.085
0.895
4.665
4.757
1.543
0.485
2.337
3.539
15.767
15.769
0.148
0.833
0.852
3.659
3.689
1.661
18.518
19.130
2.703
0.544
0.912
2.318
2.365
1.049
0.743
0.486
0.295
0.091
1.537
1.584
0.839
3.893
3.996
4.362
4.364
0.392
0.360
3.890
4.748
4.868
0.339
0.574
0.627
0.701
0.702
0.702
0.718
0.005
0.678
0.681
0.174
0.127
0.286
0.287
1.041
3.050
3.050
0.344
0.132
0.134
0.287
0.288
0.934
5.950
5.950
1.435
1.528
0.965
4.381
4.388
0.643
0.913
1.094
1.130
0.922
0.936
0.407
0.239
0.247
0.232
0.232
1.115
1.945
1.964
0.559
0.575
0.231
0.116
0.013
0.131
0.306
0.340
0.345
0.176
0.057
0.372
0.372
0.278
0.293
0.602
1.866
3.170
3.206
3.206
2.772
2.939
2.947
2.491
1.535
3.080
3.328
3.356
2.774
0.239
4.267
5.339
2.561
0.840
1.133
1.919
1.921
2.257
4.614
5.011
1.615
2.003
2.003
1.969
4.449
4.674
1.609
0.843
2.516
2.516
0.896
1.615
4.148
4.186
1.560
1.571
4.403
4.414
3.798
4.825
5.091
1.910
1.505
0.411
1.938
1.943
1.382
1.260
6.063
13.164
14.058
5.352
5.946
5.968
8.495
32.207
33.234
5.113
1.260
1.294
5.174
5.746
7.207
8.504
8.519
4.830
7.236
7.236
6.807
3.886
4.899
7.348
22.902
23.528
13.354
13.519
9.935
16.440
17.532
9.908
5.323
4.273
42.687
45.799
7.645
2.052
3.038
5.794
5.800
5.635
5.296
5.301
2.842
2.773
3.726
6.036
8.983
8.992
9.188
12.140
26.350
26.393
5.950
8.045
8.136
5.840
5.812
6.534
8.256
8.897
7.921
8.571
12.671
13.192
7.567
10.446
16.454
16.770
16.263
6.515
4.735
2.172
0.316
0.765
4.008
4.784
5.641
5.643
4.470
7.803
8.086
1.884
1.599
4.535
4.535
2.651
3.678
3.678
5.018
5.035
3.597
4.066
5.306
5.308
3.069
8.951
9.056
3.168
2.159
2.165
1.692
2.473
2.473
0.093
0.732
0.736
2.657
13.297
13.339
6.809
2.634
2.561
2.565
0.480
0.155
0.155
0.155
0.073
0.023
0.343
0.343
0.032
0.078
0.544
21.995
22.283
10.417
0.206
0.037
0.183
1.262
1.276
0.206
0.754
0.805
0.562
0.441
0.273
0.038
0.026
0.009
0.026
0.045
0.045
0.009
0.001
0.001
0.013
0.035
0.035
0.003
0.304
0.622
0.627
0.124
0.040
0.034
0.338
0.556
0.572
0.147
0.137
0.161
0.242
0.270
0.503
0.523
0.300
0.387
0.477
0.481
0.070
0.245
0.256
0.093
0.235
0.255
0.230
0.242
0.082
0.086
0.088
0.154
0.161
0.071
0.057
0.055
0.354
0.358
0.354
0.181
0.105
0.043
0.369
0.369
0.037
0.037
0.030
0.033
0.023
0.019
0.093
0.113
0.119
0.148
0.160
0.088
0.059
1.001
1.182
1.237
0.198
0.008
0.373
0.374
0.030
0.031
0.239
0.241
0.176
0.140
0.022
0.007
0.007
0.008
0.008
0.001
0.010
0.041
0.044
1.178
1.219
1.214
0.001
0.239
0.402
0.759
1.401
1.401
0.012
0.096
4.280
5.135
5.238
1.062
0.826
0.002
0.005
0.014
0.126
0.331
0.331
0.980
3.025
3.075
0.868
0.371
0.383
0.355
0.524
2.479
2.511
0.931
0.147
0.186
28.682
30.839
14.042
0.327
1.342
13.444
13.495
3.882
3.902
0.137
0.382
1.502
2.366
2.441
0.678
1.344
2.216
2.216
0.114
0.176
0.178
0.163
2.822
4.953
4.955
0.617
0.968
1.855
1.855
0.063
0.790
2.008
2.026
0.416
0.092
0.063
0.015
0.011
0.393
17.681
18.927
6.594
0.334
0.273
0.276
0.160
0.181
1.486
1.495
0.172
0.035
0.155
0.358
3.174
5.609
5.610
0.684
0.804
0.449
0.434
0.993
5.282
5.387
5.178
4.528
4.529
0.307
0.427
0.531
1.423
2.665
2.665
3.828
3.837
2.152
2.899
4.415
4.508
5.400
6.586
6.823
6.493
6.555
5.538
7.227
7.231
6.748
6.757
6.897
6.897
6.029
6.029
30.296
30.304
8.260
2.350
0.931
1.016
1.617
1.626
1.020
1.046
2.676
2.688
4.208
5.711
10.339
15.601
16.198
26.139
26.164
10.728
4.754
4.758
4.503
3.672
4.700
12.837
13.221
7.419
5.736
5.514
4.871
6.955
7.557
15.832
16.066
10.180
10.506
8.530
6.868
10.201
11.517
8.380
4.299
4.904
9.332
10.469
11.530
9.997
6.442
4.273
4.127
4.846
4.847
7.421
7.433
7.055
7.063
4.311
2.863
5.630
7.449
7.449
2.911
1.288
4.050
4.814
4.816
4.436
2.557
2.005
4.700
4.702
3.250
2.764
4.230
10.785
11.119
35.856
36.665
7.058
7.051
6.759
6.766
4.171
3.574
3.577
2.887
1.723
1.401
5.726
7.169
27.510
27.618
19.231
19.735
5.036
1.086
2.452
3.757
3.757
4.240
13.811
13.811
7.458
12.850
19.189
20.077
16.590
13.898
0.834
0.099
0.087
0.735
0.735
0.202
1.286
1.871
1.876
0.236
1.099
2.023
2.024
0.720
1.034
2.673
2.687
1.003
0.815
0.939
0.939
0.688
0.688
2.205
4.748
4.770
1.416
0.386
0.386
0.307
0.307
0.004
0.004
0.061
0.135
0.728
0.728
0.773
1.044
1.046
1.042
1.044
0.258
0.113
1.982
2.411
2.411
0.407
0.423
0.613
0.651
0.709
0.922
1.321
1.339
0.229
1.086
1.760
1.944
1.971
0.994
0.356
0.380
0.082
0.187
0.248
0.248
0.009
0.009
0.174
0.182
0.441
1.220
1.248
0.449
8.854
8.933
0.494
0.005
0.001
0.001
0.006
0.008
0.003
0.009
0.098
0.111
0.104
0.065
0.058
0.455
0.864
0.864
0.001
0.001
0.032
0.137
0.137
0.018
0.001
0.043
0.201
0.209
0.172
0.040
0.240
0.282
0.464
0.595
0.990
1.021
0.634
0.519
0.083
0.097
0.224
0.500
0.503
0.104
0.002
0.004
0.004
0.004
0.007
0.016
1.316
1.329
1.228
0.043
0.175
3.508
3.562
6.648
6.703
1.446
1.064
0.676
9.700
9.773
3.238
12.139
12.162
2.332
2.360
1.032
0.409
0.409
0.099
0.109
0.613
3.055
12.479
12.510
1.293
1.071
7.568
7.635
0.791
0.372
0.892
1.409
1.437
0.713
0.729
0.788
0.793
0.621
1.889
4.148
4.204
1.573
0.258
0.001
0.001
0.489
3.489
3.489
0.040
0.116
0.957
1.686
1.686
0.013
0.004
0.004
0.004
0.092
0.461
0.461
0.325
1.806
1.806
1.307
1.311
3.915
4.035
1.380
0.877
1.041
1.041
0.321
0.242
2.135
2.135
1.939
1.656
1.660
1.979
3.074
15.521
15.845
7.983
3.185
0.752
0.031
0.033
0.033
0.893
2.054
2.554
7.675
7.675
1.900
2.603
4.782
4.795
4.598
5.796
5.804
1.846
10.597
10.617
1.997
4.847
5.262
5.262
3.245
7.917
8.294
1.758
1.396
1.409
1.373
1.065
0.521
0.521
1.515
1.694
2.662
2.897
3.023
4.187
4.206
3.667
5.078
12.133
12.311
6.295
4.394
6.257
7.272
8.572
13.442
13.712
8.023
5.968
4.697
4.697
2.257
6.281
6.295
5.857
4.683
7.248
7.253
6.324
6.281
12.281
13.780
9.098
2.425
6.275
6.275
5.686
5.942
5.947
7.705
12.400
13.245
13.305
8.029
9.107
9.144
12.729
12.734
17.780
30.697
31.688
22.151
23.786
22.919
24.545
21.905
15.520
15.757
23.823
24.517
5.586
6.209
7.164
6.067
2.015
2.199
3.310
3.310
2.147
5.873
5.873
5.637
12.115
12.144
15.676
18.816
19.005
18.462
11.004
11.553
8.843
2.970
3.603
4.790
5.259
5.117
3.878
6.483
6.535
5.211
6.237
6.280
5.812
6.823
7.132
8.134
22.206
26.998
28.242
5.475
17.836
20.081
10.869
1.078
2.430
3.333
4.487
4.496
2.008
4.500
4.500
6.499
6.499
2.681
1.585
9.239
17.386
17.988
3.988
3.180
3.207
2.866
1.560
1.562
0.243
1.506
1.511
1.404
0.781
2.778
11.081
14.613
15.637
1.757
0.981
0.232
0.054
0.858
0.860
0.149
0.019
0.717
1.312
1.317
0.857
0.392
0.105
0.105
0.076
0.082
0.175
0.301
0.507
1.041
1.107
0.687
0.150
0.877
0.908
0.713
0.892
0.919
0.245
0.143
0.208
0.209
0.122
0.122
0.026
0.028
0.048
0.050
0.245
0.249
0.086
0.302
0.302
0.040
0.001
0.001
0.002
0.044
0.217
0.223
0.326
1.897
1.897
0.038
0.038
0.201
0.601
0.604
1.254
1.271
0.828
0.583
0.532
0.562
0.177
0.085
0.036
0.227
0.236
0.110
0.003
0.003
0.003
0.002
0.003
0.003
0.027
0.084
0.101
0.101
0.173
0.178
0.454
0.464
0.167
0.393
0.422
0.267
0.099
0.244
0.693
0.694
0.117
0.117
0.000
0.002
0.294
2.602
2.706
1.198
0.488
1.808
4.795
4.820
2.693
2.710
0.466
1.207
1.285
1.953
1.994
0.611
0.157
0.650
0.672
0.387
0.427
0.704
1.348
1.359
0.360
0.493
0.931
0.956
0.341
0.101
0.084
0.407
4.704
4.750
1.109
0.161
0.038
0.448
1.318
1.866
1.893
0.410
0.006
0.003
0.151
0.269
6.064
6.255
2.461
0.002
0.437
0.464
0.043
0.001
1.300
1.475
1.489
0.907
0.907
0.447
1.012
2.389
2.389
0.326
0.729
0.729
1.476
1.499
1.186
0.984
1.004
2.200
2.217
0.575
0.901
1.816
1.919
1.361
2.880
2.887
7.628
7.635
0.031
0.115
0.115
2.352
7.398
7.423
5.142
0.656
0.703
0.706
0.406
0.049
0.496
0.496
0.409
0.193
0.357
0.373
2.337
2.462
2.468
0.378
2.566
4.470
4.556
4.508
6.289
6.332
2.743
3.310
3.315
0.897
3.082
3.816
3.858
2.292
2.292
3.098
3.101
1.784
4.295
5.078
5.571
5.032
5.405
5.406
4.738
2.855
3.572
3.572
2.417
4.523
5.752
5.906
2.226
4.798
4.798
7.042
8.145
6.882
4.760
5.413
5.413
7.396
7.750
7.933
11.933
12.593
8.869
8.872
11.049
11.184
10.453
10.527
9.074
6.501
6.516
4.932
7.057
7.087
3.445
5.212
13.752
13.946
19.125
21.278
6.772
10.917
15.010
15.019
8.018
8.394
8.398
5.241
6.479
8.377
13.708
17.585
17.654
21.575
21.942
15.783
11.465
18.349
18.379
29.145
30.237
16.585
6.021
18.703
18.910
4.024
6.505
7.471
7.510
10.475
10.824
6.986
7.358
7.369
7.141
16.208
16.215
6.357
7.666
9.861
15.272
15.859
13.319
41.689
43.746
17.626
3.127
27.722
28.339
2.568
3.086
3.092
2.381
9.723
10.075
12.439
18.772
18.986
7.137
2.858
2.215
2.047
5.017
5.030
4.126
2.182
1.382
1.388
1.679
2.479
2.802
4.365
7.406
7.555
5.521
5.521
4.513
4.907
4.914
3.648
1.046
3.577
4.752
5.127
5.146
2.718
0.723
13.037
15.968
15.975
0.058
0.144
0.612
1.516
2.460
3.495
3.500
2.121
0.971
1.001
0.656
0.571
2.292
2.292
1.060
0.039
0.116
0.528
0.530
0.611
0.614
0.214
0.216
0.078
0.012
0.290
1.762
1.801
0.697
0.699
0.131
0.085
0.031
0.080
1.318
1.318
0.087
0.084
0.009
0.199
0.199
0.219
0.653
0.655
0.387
0.144
0.145
0.039
0.111
0.639
1.074
1.113
1.028
0.105
0.166
0.166
0.032
0.003
0.003
0.001
0.003
0.024
0.029
0.009
0.002
0.005
0.005
0.001
0.218
0.218
0.066
0.553
0.563
0.303
0.217
0.228
0.026
0.004
0.001
0.002
0.096
0.097
0.169
0.726
0.727
0.724
2.037
2.038
0.130
0.133
0.597
1.148
1.207
1.163
0.062
0.490
1.016
1.048
0.562
0.635
0.683
0.658
0.684
0.256
0.057
0.016
0.001
0.002
0.035
0.041
0.010
0.006
0.006
0.001
0.001
0.008
0.013
0.031
0.673
0.675
0.013
0.139
0.952
0.952
0.835
0.247
0.247
0.093
0.119
0.120
0.080
0.080
0.026
2.355
2.359
0.003
0.096
0.173
0.249
0.263
0.319
0.323
0.543
2.878
2.878
2.396
5.675
5.886
2.219
2.271
1.137
1.105
0.005
0.002
0.091
0.651
0.651
0.551
0.579
0.304
0.240
0.378
0.378
0.035
0.035
0.194
0.416
0.515
2.262
2.268
2.516
2.532
2.969
2.970
0.580
4.313
6.740
6.805
1.230
1.926
1.930
1.579
1.545
0.369
0.383
0.264
0.264
1.068
1.370
1.370
3.144
3.179
1.206
0.331
1.659
1.695
1.076
2.243
5.585
5.585
0.402
0.789
2.761
2.828
0.572
0.514
0.029
0.096
0.626
1.374
1.374
0.741
1.541
5.197
5.256
2.762
1.474
0.906
0.906
0.791
2.298
2.298
6.812
18.809
18.828
1.971
0.438
0.438
0.301
0.427
1.103
1.103
2.153
8.538
8.549
6.582
32.912
53.377
53.388
1.244
3.196
3.207
5.483
5.484
2.224
2.228
1.390
2.824
4.736
4.751
2.274
1.601
1.721
4.459
4.475
3.419
3.435
4.113
4.121
1.098
1.102
1.562
1.566
2.224
2.224
4.802
4.993
6.048
6.083
9.702
9.741
6.450
11.217
11.697
17.898
17.992
6.818
6.843
3.769
3.631
3.991
4.257
5.106
7.109
8.234
8.234
5.318
10.853
10.863
3.443
5.693
8.475
8.480
2.886
12.595
12.595
1.663
5.057
41.943
45.648
44.760
13.256
13.399
11.771
2.776
12.317
21.471
21.596
31.419
34.722
15.857
11.968
6.212
5.212
5.938
6.436
5.876
8.374
8.698
13.006
13.242
9.848
14.637
36.544
36.967
3.482
10.910
12.587
6.378
4.166
7.159
7.271
9.358
9.433
4.445
3.736
4.575
4.575
3.358
9.764
11.467
12.032
4.590
9.845
9.862
4.044
3.740
0.990
0.501
0.501
0.729
1.427
3.621
3.787
2.137
4.288
4.295
2.177
2.568
3.511
3.515
2.523
2.967
3.764
4.501
4.502
1.804
4.043
6.943
6.947
11.912
56.006
58.390
4.446
0.556
0.459
0.274
0.044
0.048
0.064
0.064
0.004
0.109
0.113
0.185
0.608
0.628
0.201
0.254
0.596
0.636
0.395
0.556
0.564
0.193
0.113
0.013
0.193
0.193
0.027
0.163
0.163
0.145
0.432
0.461
0.351
0.291
0.889
0.894
0.692
0.912
6.961
7.835
5.530
1.178
0.991
0.109
0.110
0.001
0.012
0.124
0.242
0.242
0.042
0.047
0.077
0.078
0.099
0.099
0.024
0.295
0.593
0.612
0.440
0.432
0.038
0.147
0.150
0.688
0.731
1.206
1.242
1.201
1.206
0.636
0.161
0.281
0.595
0.858
0.890
0.858
0.193
0.193
0.160
0.120
3.477
3.722
0.232
0.001
0.015
0.192
0.194
0.080
0.002
0.101
0.109
0.191
0.197
0.136
0.410
0.484
0.484
0.067
0.005
0.012
0.771
0.771
0.149
0.159
0.645
0.645
0.174
0.175
0.052
0.275
0.953
0.989
1.021
1.057
0.904
0.909
0.715
0.725
0.069
0.070
0.317
13.218
13.243
0.372
5.208
5.209
0.570
0.582
0.784
1.136
1.141
0.311
0.364
0.227
0.273
2.232
2.233
0.409
0.208
0.211
0.814
4.847
4.847
2.163
2.193
1.081
0.815
0.834
0.658
0.686
0.509
0.509
0.586
4.633
4.633
1.565
0.502
1.152
1.153
0.259
0.074
0.026
0.610
0.612
0.440
1.247
3.490
3.538
2.229
0.854
11.815
11.824
2.136
1.115
0.287
0.240
0.116
0.117
0.058
0.017
0.221
3.949
3.949
1.459
1.006
0.587
2.428
2.428
0.211
3.885
3.887
1.625
0.952
0.980
1.625
1.711
1.712
1.611
1.627
1.178
3.143
3.143
2.565
4.343
4.368
1.849
4.559
5.121
5.121
4.115
4.126
2.977
3.079
3.135
1.111
1.626
1.658
0.929
2.458
2.460
14.447
15.327
3.210
1.617
7.124
11.870
11.870
5.258
5.451
4.105
2.781
6.335
6.474
3.561
8.108
8.135
30.585
32.972
9.412
5.088
2.874
5.883
6.008
0.677
0.438
0.438
0.725
3.507
4.942
9.266
9.336
10.922
12.053
4.985
6.062
8.319
8.324
5.678
7.691
32.864
32.864
8.638
8.638
7.530
11.356
11.460
6.962
5.472
4.889
6.307
8.561
16.241
49.026
50.604
35.462
16.957
4.899
2.553
6.787
9.974
10.268
9.196
9.433
7.782
10.093
10.377
12.011
12.832
19.211
20.413
7.329
17.452
18.773
16.684
7.695
9.223
9.331
14.791
16.098
8.073
7.279
4.909
4.909
5.141
5.141
4.460
4.460
6.059
13.225
13.570
19.608
20.121
8.322
17.826
20.024
13.835
19.710
20.580
10.692
8.624
8.629
5.562
10.649
14.494
14.726
5.273
4.758
8.461
8.541
5.190
7.989
8.765
7.231
1.944
1.944
9.810
10.000
2.676
3.761
8.426
8.651
7.531
6.728
6.808
6.521
5.653
9.709
9.929
4.378
1.173
0.675
0.445
0.996
1.380
1.420
1.343
1.343
1.248
1.281
0.610
0.171
0.320
0.781
1.657
1.679
0.781
0.664
0.123
4.728
4.750
5.479
5.563
3.898
1.694
4.439
4.493
2.129
0.599
0.402
0.407
0.320
0.115
0.115
0.046
0.309
17.538
17.991
2.406
0.162
0.001
0.002
0.058
0.058
0.037
0.119
0.126
0.111
0.087
0.801
0.834
0.242
0.940
0.979
5.075
5.221
3.103
0.625
0.063
0.083
0.073
0.002
0.008
0.177
1.001
1.058
0.362
0.380
0.387
0.373
0.036
0.036
0.031
0.032
0.190
0.191
0.371
0.635
0.684
0.489
0.517
0.212
0.083
0.407
0.693
0.713
0.242
0.007
0.132
0.397
0.415
0.172
0.063
0.188
0.195
0.049
0.350
6.855
7.283
2.056
0.030
0.071
0.209
0.218
0.460
0.523
0.701
0.731
0.100
0.055
0.083
0.367
1.960
2.027
1.742
0.558
0.572
0.122
0.134
0.138
0.277
0.347
0.575
0.977
1.009
0.632
0.641
1.963
2.155
0.277
0.005
0.005
0.002
0.068
0.068
0.493
1.391
1.463
0.688
0.462
0.462
0.015
0.484
3.475
25.954
25.973
1.814
0.636
1.005
1.077
0.398
0.030
0.528
1.204
1.227
0.518
0.310
0.065
0.365
0.801
0.828
0.578
0.177
0.046
0.655
2.593
2.601
0.427
0.471
0.968
0.968
0.033
0.033
0.333
1.159
4.953
4.988
1.665
0.419
0.429
0.927
1.010
1.017
0.775
2.371
2.371
1.501
1.612
1.094
1.119
0.839
3.469
3.478
0.183
0.856
0.869
0.607
1.298
1.298
0.383
3.305
3.317
0.655
0.339
0.027
0.501
1.124
1.152
1.070
1.070
0.856
3.901
3.910
4.416
4.417
2.919
0.960
2.636
2.782
2.786
6.323
6.326
1.904
0.551
1.295
1.594
1.534
3.737
3.737
5.030
5.030
3.538
3.541
1.109
4.920
7.840
8.633
7.543
2.420
4.817
4.865
2.901
4.817
4.817
2.325
2.853
4.915
4.917
3.990
1.753
13.952
14.023
5.436
5.867
1.740
1.771
2.055
2.055
1.953
5.498
5.498
4.438
6.475
6.497
7.540
20.099
21.474
17.334
15.084
4.997
4.997
4.908
9.333
15.754
15.940
15.648
20.724
40.543
41.067
31.802
11.568
13.071
18.212
18.423
13.190
7.006
7.109
4.352
6.422
6.428
4.395
9.844
18.769
24.218
26.099
25.040
12.325
10.785
10.936
10.509
15.926
16.915
13.915
6.255
8.649
13.206
13.931
11.633
15.082
20.569
20.659
11.301
12.533
13.125
10.064
8.679
9.011
8.973
8.994
13.559
13.950
7.502
12.354
13.695
11.708
50.307
55.225
23.954
20.431
11.073
0.901
13.928
17.120
6.052
2.584
2.643
3.143
3.143
2.410
2.274
2.323
2.329
2.527
2.527
3.127
3.265
4.575
5.591
11.643
12.785
9.280
6.367
6.594
6.313
4.407
4.991
6.111
18.527
19.631
17.129
12.189
4.877
4.159
8.806
9.280
25.217
25.712
23.416
2.984
0.126
0.113
0.143
0.631
0.633
0.436
0.434
0.373
0.373
0.207
0.211
0.103
0.514
0.514
0.442
0.875
8.896
9.600
3.523
0.251
0.081
0.920
13.931
13.933
0.008
0.271
0.701
0.722
0.504
0.111
0.307
0.308
1.159
1.211
0.539
0.754
1.486
4.729
4.737
3.071
0.207
0.002
0.001
0.046
0.046
1.052
1.251
1.264
1.041
1.041
0.002
0.010
0.011
0.002
0.002
0.002
0.001
0.001
0.001
0.001
0.001
0.002
0.002
0.015
0.016
0.007
0.005
0.003
0.079
0.079
0.012
0.673
0.977
0.982
0.191
0.040
0.123
0.145
0.190
0.190
0.206
0.210
0.198
0.208
0.109
0.068
0.221
0.391
0.400
0.159
0.151
0.128
0.074
0.139
12.415
12.457
1.826
1.752
1.793
1.329
0.807
0.776
1.163
1.211
0.349
0.255
0.256
0.002
0.097
0.937
1.053
1.083
0.807
1.637
1.651
0.639
0.663
0.355
0.283
0.731
0.849
1.172
1.189
0.293
0.573
0.609
0.299
0.299
0.337
0.677
0.691
0.227
34.138
34.156
0.674
0.677
0.793
0.817
0.837
1.167
1.852
1.970
0.661
0.363
0.137
0.024
0.057
0.123
0.287
0.288
0.329
0.454
8.133
8.456
1.959
1.991
1.786
0.950
0.070
1.718
1.793
1.516
0.279
0.246
0.253
1.602
10.258
10.258
4.224
4.225
0.010
0.010
0.000
0.000
0.260
0.262
0.228
0.045
0.813
0.870
0.870
1.018
1.045
0.571
0.874
0.875
0.050
1.758
2.940
3.251
2.941
2.943
3.821
3.891
4.500
4.500
2.655
2.663
0.685
1.605
1.663
1.101
1.104
1.068
0.148
1.135
1.156
1.181
0.210
0.191
0.247
1.806
1.812
1.237
0.777
0.193
0.088
0.505
0.562
0.586
0.586
0.354
0.354
0.524
0.526
0.256
0.491
0.584
2.219
2.220
0.854
1.389
2.721
2.728
1.594
0.354
1.678
1.701
1.136
0.757
0.754
1.485
1.488
1.070
0.868
0.562
3.422
3.964
8.791
9.653
5.651
3.726
3.791
8.205
8.303
1.182
2.267
2.267
2.430
5.754
5.814
12.300
28.634
31.558
10.158
4.176
8.140
17.132
17.186
15.152
17.300
15.147
7.831
6.188
6.269
6.665
6.668
5.370
14.626
20.731
42.051
45.708
45.784
2.608
3.235
3.522
7.543
12.824
12.875
9.640
20.105
22.790
13.162
14.716
20.450
20.706
9.231
13.124
13.175
18.647
18.910
8.068
19.146
20.086
10.644
10.848
5.376
9.223
10.620
12.021
10.613
5.117
5.803
5.821
10.821
10.913
8.630
6.690
6.690
4.424
4.424
3.495
3.495
5.625
5.639
4.649
9.420
11.603
40.642
40.688
4.756
2.133
2.462
3.334
3.334
3.584
4.013
4.831
14.238
15.145
12.552
3.920
3.920
2.456
2.087
1.969
1.809
3.863
6.182
6.186
9.851
35.526
37.543
38.213
42.373
25.638
15.310
17.553
7.239
5.025
2.101
0.893
0.571
0.066
0.066
0.179
0.302
1.029
2.009
4.421
7.583
7.625
2.160
0.273
0.025
0.025
5.259
5.360
5.262
0.124
0.136
0.099
0.081
0.725
0.734
0.330
0.359
0.262
0.375
0.394
0.185
1.789
1.841
0.793
0.267
0.010
0.003
0.000
0.001
0.057
0.068
0.180
0.214
0.225
0.220
0.355
0.372
0.291
0.250
0.250
0.198
0.199
0.134
0.058
0.047
0.001
0.001
0.003
0.008
0.055
0.266
0.509
0.727
0.784
0.299
0.261
0.070
0.377
0.402
0.345
0.210
0.218
0.009
0.003
0.001
0.025
0.195
0.197
0.295
1.528
1.580
0.759
0.767
0.399
0.155
0.155
0.254
0.261
0.293
0.329
0.361
0.116
0.002
0.059
0.059
0.014
0.142
0.150
0.161
0.186
0.129
0.634
0.667
0.371
0.129
0.356
0.694
0.707
0.153
0.159
0.082
0.001
0.014
0.014
0.133
0.135
0.133
8.389
9.284
4.286
0.378
0.281
0.201
0.280
0.292
0.274
0.289
0.148
0.481
0.481
0.325
1.895
1.895
0.632
0.040
3.052
3.063
1.607
1.619
0.063
0.150
0.290
0.290
0.290
0.511
4.900
32.456
34.801
7.399
0.680
1.174
1.175
0.061
0.490
10.695
10.695
0.052
0.658
0.688
0.213
0.418
0.419
0.006
0.126
0.263
0.266
0.153
0.509
3.202
3.205
0.026
0.028
0.073
0.104
0.111
0.781
0.781
0.018
0.493
1.973
1.974
0.065
0.167
0.285
0.380
0.381
0.830
1.177
1.196
0.684
0.691
0.261
0.510
0.515
0.818
0.819
0.157
0.161
0.157
0.663
0.681
0.186
0.025
0.173
2.117
2.117
1.769
1.777
0.916
5.241
9.396
9.871
5.759
1.069
1.069
0.371
0.419
0.995
0.995
0.465
1.256
4.443
4.466
2.647
2.647
0.674
0.181
0.419
9.443
9.443
3.810
3.849
3.019
3.029
1.524
3.073
3.116
3.050
3.948
4.502
4.512
2.897
3.180
3.180
2.205
1.695
6.151
7.654
18.942
31.979
34.730
32.557
2.845
1.003
1.493
1.512
4.263
6.646
6.670
6.519
6.561
6.816
6.910
3.985
7.857
8.582
8.332
8.464
4.715
4.814
4.220
17.607
19.670
12.562
12.147
12.190
11.460
12.463
12.618
12.293
10.400
8.350
7.065
7.860
12.642
21.899
27.068
27.731
24.400
24.445
10.749
11.038
11.133
11.616
5.539
6.399
6.430
17.794
18.796
27.126
27.320
19.605
22.290
14.640
8.177
8.887
8.887
8.945
8.965
9.859
10.080
12.724
22.754
23.084
3.881
6.258
11.695
11.889
11.892
7.560
23.665
23.838
9.737
5.203
6.900
6.900
5.038
5.038
7.745
7.779
3.106
3.916
6.782
6.816
6.623
6.640
5.365
8.543
10.423
10.749
8.381
7.270
4.017
4.025
6.846
15.984
16.244
9.322
1.563
1.328
2.947
3.584
3.586
3.499
5.656
5.659
4.768
1.515
1.430
0.780
3.241
5.514
5.519
1.877
1.425
1.425
0.859
1.321
3.117
3.117
5.001
5.001
3.488
3.976
6.308
6.366
5.213
9.443
9.641
1.498
0.098
0.042
0.976
1.451
1.451
19.468
34.867
36.258
9.543
0.289
1.169
1.642
1.689
0.552
0.342
0.035
0.109
0.361
0.373
5.441
5.546
0.701
1.549
1.610
1.202
1.052
1.056
0.395
0.043
0.044
0.069
0.076
0.058
0.031
0.031
0.000
0.008
0.044
0.045
0.025
0.108
0.118
0.060
0.063
0.063
0.028
0.004
0.058
0.058
0.002
0.004
0.025
0.066
0.749
0.805
0.368
0.039
0.084
0.088
0.099
0.121
0.284
0.300
0.764
0.774
1.749
1.800
0.179
0.003
0.001
0.000
0.267
0.647
0.721
0.450
0.202
0.117
0.005
0.057
0.061
0.264
0.810
0.820
0.109
0.111
0.289
0.296
0.050
0.392
1.337
1.417
0.734
0.151
0.789
0.802
2.564
2.564
0.010
0.116
0.716
0.738
0.180
9.581
9.594
0.038
0.024
0.260
0.269
0.659
0.667
0.131
0.386
0.387
0.017
0.018
0.009
0.016
0.018
0.102
0.110
1.944
1.969
1.346
1.394
0.812
0.828
1.945
1.955
0.530
5.178
5.221
14.611
14.623
0.034
0.061
0.362
1.020
4.695
4.767
0.996
0.217
1.366
2.130
2.253
4.226
4.250
0.637
3.107
3.528
0.831
0.869
0.757
0.672
0.448
0.677
0.834
0.849
0.923
0.923
0.030
0.108
3.343
3.373
2.150
1.451
7.214
7.224
0.204
0.262
0.262
0.160
0.286
0.286
0.733
0.753
0.176
1.066
2.869
2.893
0.243
0.300
2.523
2.528
1.213
1.214
0.502
2.847
2.852
2.030
1.110
1.496
1.523
0.612
0.680
0.688
0.354
0.034
0.320
0.529
0.529
0.653
1.871
1.872
0.795
0.794
1.677
8.023
8.353
5.412
6.059
3.945
3.949
1.784
2.641
2.659
1.634
1.647
0.875
0.943
0.948
0.785
0.789
0.266
0.673
4.511
4.665
1.973
1.587
2.105
3.894
13.383
31.925
58.888
58.892
0.296
0.317
1.696
1.696
0.406
0.406
0.757
5.235
5.271
3.610
11.598
11.618
13.080
14.588
4.920
5.311
5.311
5.230
5.398
7.084
7.084
9.170
11.877
14.792
26.328
29.339
15.934
3.610
4.006
21.317
26.003
23.505
17.692
8.443
5.963
6.088
10.293
11.822
11.773
7.916
7.992
4.222
4.325
6.278
8.879
20.869
23.584
23.943
20.004
18.144
12.366
10.794
5.544
5.478
23.796
25.629
9.118
6.316
12.056
12.067
6.012
13.737
14.167
6.637
6.649
9.127
9.191
6.337
6.426
6.503
6.560
4.611
4.611
5.121
7.853
16.515
36.807
37.176
12.311
7.197
7.203
15.604
18.381
18.980
6.624
5.598
10.089
15.744
16.298
13.802
2.032
5.579
5.579
8.050
8.323
5.037
2.140
2.140
3.060
3.892
3.896
4.090
6.789
7.542
7.685
5.220
5.545
5.569
4.566
4.621
2.346
4.998
6.393
20.610
31.485
32.821
15.207
1.887
3.187
6.092
6.595
1.712
0.309
0.709
2.427
2.427
1.006
1.006
2.235
2.235
0.644
0.644
0.239
0.510
0.517
0.057
7.566
11.871
11.970
0.345
0.032
0.466
0.466
0.078
0.080
0.072
0.061
0.059
0.468
1.004
1.004
1.282
1.332
0.260
0.155
0.263
0.705
0.899
1.045
1.185
1.192
0.004
0.002
0.083
0.183
0.919
0.945
0.241
0.221
0.121
0.214
1.066
1.067
0.408
0.408
0.268
0.733
0.755
0.312
0.083
0.083
0.688
0.710
0.106
0.020
0.001
0.002
0.001
0.035
0.055
0.055
0.049
0.121
0.370
0.384
0.306
0.129
10.957
24.049
24.677
9.887
0.328
0.005
0.002
0.002
0.114
0.121
0.758
0.798
0.155
0.200
0.311
0.328
0.106
0.059
0.017
3.735
9.626
14.936
15.191
1.166
0.493
0.741
0.749
0.221
0.001
0.001
0.002
0.003
0.004
0.031
0.033
0.033
0.019
0.001
0.002
0.002
0.479
0.688
0.512
0.245
0.489
1.001
1.018
1.263
1.294
0.309
0.155
0.154
0.643
0.661
0.275
0.223
0.821
0.936
0.970
0.947
0.459
0.533
0.537
0.154
0.279
0.279
0.068
2.287
2.320
0.634
0.458
0.458
0.001
0.008
0.075
5.632
5.661
0.557
23.442
24.036
8.940
2.034
0.778
0.952
0.985
0.838
0.552
0.358
0.105
0.013
0.330
0.437
3.571
3.645
1.230
1.561
1.572
0.348
0.083
0.052
0.449
0.451
0.052
0.013
0.539
0.539
0.748
13.776
13.796
1.755
1.869
9.007
9.064
0.985
0.878
0.993
1.119
0.912
0.162
0.597
7.859
9.608
7.764
2.404
2.438
1.089
3.265
3.265
0.113
0.009
2.168
2.169
0.905
3.013
3.027
1.424
0.973
2.523
2.523
5.139
5.938
1.453
0.487
0.295
0.283
0.806
0.806
0.016
0.045
1.408
1.412
0.405
2.663
2.664
1.856
1.869
0.737
0.264
5.938
6.999
4.667
7.856
8.669
4.344
13.949
15.084
7.134
0.375
17.771
19.538
13.826
3.232
0.721
0.360
0.638
2.233
2.287
3.474
5.353
14.446
26.736
28.136
11.687
8.171
6.222
1.755
2.452
2.482
3.066
3.090
3.728
9.188
17.465
18.068
8.579
8.036
13.513
23.675
24.686
5.324
2.312
2.312
4.071
8.662
8.662
8.464
8.635
6.839
4.642
15.262
15.847
4.831
2.146
6.208
6.212
2.989
4.076
4.080
3.965
3.647
3.647
3.191
1.709
3.389
4.536
4.541
3.145
1.948
3.974
3.979
3.136
6.656
7.102
6.348
3.776
16.526
17.672
12.843
2.518
2.616
5.452
5.554
2.209
3.414
6.103
7.930
8.621
18.005
18.010
13.044
14.582
15.757
11.839
3.747
3.551
1.763
9.532
30.304
30.931
7.563
10.066
10.070
9.857
9.965
13.613
15.546
9.854
2.525
2.525
0.035
0.458
2.992
3.298
4.249
4.287
3.392
3.406
4.751
4.756
2.660
3.511
15.739
15.902
7.034
4.940
2.248
2.622
2.768
1.723
1.406
0.341
0.318
0.170
1.171
1.228
1.018
0.173
0.009
0.001
0.037
0.146
1.544
2.298
2.300
2.112
2.126
2.500
2.507
0.560
0.038
0.017
0.254
0.380
0.994
1.024
0.646
0.198
0.200
0.220
0.324
4.045
4.065
2.522
0.630
0.379
0.822
1.099
1.404
1.472
0.931
0.341
0.346
0.343
0.347
0.013
0.003
0.031
0.031
1.308
1.355
0.770
0.010
-0.000
0.003
0.039
0.042
0.022
0.002
0.150
0.430
0.434
0.112
0.434
1.541
3.801
3.828
0.064
0.008
0.033
0.033
0.001
0.035
0.334
1.145
1.202
0.959
0.985
0.692
0.221
0.846
0.890
0.319
0.894
0.926
0.437
0.461
0.475
0.398
0.005
0.001
0.001
0.003
0.496
0.540
