20150101
3.216
9.973
16.139
16.436
0.810
0.575
0.829
0.842
0.430
0.001
0.001
0.002
0.008
0.093
0.098
0.146
0.149
0.099
0.001
0.002
0.039
0.469
0.719
0.501
0.190
0.464
0.640
0.655
1.340
1.359
0.289
0.091
0.085
0.189
0.197
0.129
0.123
0.355
0.555
0.576
0.447
0.218
0.734
0.736
0.357
0.357
0.267
0.050
2.150
2.176
0.511
0.239
0.239
0.002
0.004
0.113
6.631
6.661
0.649
22.743
23.345
9.916
1.284
0.629
0.567
0.581
0.438
0.449
0.385
0.108
0.006
0.424
0.463
3.467
3.528
1.261
1.324
1.342
0.164
0.088
0.058
0.199
0.199
0.062
0.004
0.640
0.640
0.366
13.839
13.856
0.843
0.914
7.615
7.633
0.803
0.699
0.583
0.627
0.571
0.106
0.215
8.951
10.803
8.065
3.053
3.087
1.813
3.104
3.104
0.058
0.003
0.675
0.688
0.798
4.588
4.605
1.943
0.728
2.587
2.587
3.196
4.253
1.176
0.339
0.339
0.133
0.877
0.877
0.009
0.009
0.485
0.487
0.129
0.784
1.302
1.563
1.575
1.192
0.031
6.615
8.407
3.970
5.261
5.596
2.377
11.204
12.543
7.366
0.265
20.728
23.250
12.006
3.693
0.532
0.449
0.455
0.839
0.863
1.678
4.313
17.637
29.702
31.486
12.366
5.731
5.560
2.523
3.267
3.297
4.431
4.490
2.547
9.105
15.244
15.581
6.606
7.923
11.835
17.140
18.015
4.024
1.073
1.073
1.308
3.827
4.614
8.953
9.091
4.145
4.555
14.051
14.553
3.173
0.484
3.799
3.804
3.012
2.054
2.685
2.689
2.229
2.234
1.202
0.949
0.939
2.151
2.151
1.147
1.027
1.515
1.515
2.068
5.123
5.672
4.301
2.111
16.649
17.569
13.279
3.331
2.278
4.119
4.193
0.940
1.832
4.570
5.868
7.303
20.440
20.445
11.608
14.924
16.017
9.752
2.331
2.224
0.588
9.037
23.927
24.721
8.699
9.492
9.492
10.125
10.440
12.333
14.048
9.641
3.441
2.059
0.058
0.160
1.514
2.371
3.596
3.613
2.534
2.552
2.528
2.534
1.709
5.515
13.199
13.386
7.754
3.917
2.948
3.103
3.231
1.266
0.866
0.227
0.120
0.071
0.514
0.952
0.983
0.202
0.065
0.039
0.082
0.082
4.180
4.226
2.347
0.781
0.782
1.195
1.209
0.596
0.036
0.014
0.322
0.487
0.614
0.743
0.743
0.182
0.191
0.201
0.240
3.345
3.581
3.612
0.670
0.097
0.412
0.905
1.012
1.059
0.901
0.536
0.547
0.550
0.562
0.058
0.003
0.013
0.036
0.782
0.945
0.953
0.024
-0.000
0.003
0.024
0.032
0.016
0.003
0.180
0.631
0.646
0.133
0.288
0.584
2.491
2.519
0.176
0.007
0.044
0.044
0.005
0.020
0.212
0.548
0.573
0.673
0.689
0.513
0.132
0.555
0.583
0.261
0.647
0.671
0.369
0.384
0.345
0.319
0.015
0.001
0.001
0.001
0.407
0.641
