20150101
16264820.0
9960368.0
9480792.0
12775482.0
15901254.0
15901252.0
11705666.0
15271578.0
18425280.0
18712538.0
18712536.0
18569116.0
18434400.0
17729080.0
17741404.0
17741404.0
18387120.0
18904230.0
18904228.0
18491792.0
18326740.0
16227584.0
16227584.0
14957512.0
14277676.0
13023184.0
13053708.0
15161764.0
15161764.0
14278360.0
18021312.0
18021312.0
16491336.0
15277464.0
15301658.0
15301656.0
14536696.0
14536696.0
12646104.0
12762516.0
12934582.0
16606484.0
16606484.0
20080860.0
20080860.0
19437492.0
22709562.0
22709560.0
20211600.0
15965658.0
18452132.0
18452132.0
22836878.0
22894032.0
22894032.0
21237114.0
14934638.0
17752106.0
17818134.0
17818134.0
11716800.0
17679708.0
19324212.0
19324212.0
18567216.0
16649829.0
17257668.0
17724766.0
20454878.0
24167394.0
24167392.0
22607084.0
19278124.0
19141400.0
19141400.0
21708196.0
21708196.0
20391248.0
24895004.0
24895004.0
24772700.0
24772700.0
26066062.0
28306982.0
28306982.0
23467138.0
26962356.0
26962356.0
20753620.0
18331722.0
18331722.0
18311500.0
21037362.0
21037362.0
23063182.0
23063418.0
20832728.0
19805028.0
21655296.0
22979042.0
22980730.0
20396158.0
19119994.0
20270214.0
25100786.0
26875434.0
26881910.0
23413992.0
30410504.0
30422872.0
26491506.0
25031938.0
23986318.0
24006684.0
23860976.0
23584416.0
25811966.0
25842166.0
21966476.0
26192572.0
26220088.0
21794690.0
21828164.0
23174312.0
29252312.0
29296636.0
27056352.0
29818672.0
29877676.0
26587508.0
23834008.0
24275990.0
24301256.0
20890790.0
20456606.0
20297324.0
24121784.0
25770040.0
25828268.0
22834328.0
18930708.0
19712028.0
19741400.0
18803572.0
25398348.0
25474000.0
20264952.0
24442124.0
24509528.0
20989660.0
18576176.0
21236732.0
22904860.0
26674500.0
26742252.0
24937336.0
20555004.0
21454392.0
21519824.0
20051488.0
14357480.0
13940868.0
12304584.0
13933864.0
15491652.0
25924488.0
25994436.0
20638912.0
20702808.0
19334584.0
20888816.0
20976876.0
20919464.0
12522228.0
15326400.0
15353396.0
17756900.0
17782240.0
11295492.0
12346828.0
20844800.0
21066888.0
23544534.0
23589648.0
16948576.0
17002608.0
14540536.0
14562616.0
14210956.0
18795912.0
18813460.0
13348872.0
22317022.0
22347968.0
17479246.0
18362264.0
18385570.0
21190240.0
21916856.0
21951736.0
20860274.0
19035402.0
18300170.0
14796320.0
17585044.0
19780424.0
22606628.0
22645508.0
21582640.0
21613930.0
19693614.0
14578918.0
17732552.0
17744530.0
20167566.0
20179362.0
17703272.0
12046294.0
12766348.0
17210918.0
19913792.0
19924126.0
19583408.0
17384410.0
17394330.0
16596600.0
9990718.0
9992588.0
9403840.0
15018462.0
15021144.0
7877634.0
9734038.0
15385716.0
15774884.0
18513016.0
18517292.0
15552686.0
10554346.0
10425236.0
13753910.0
13756240.0
14839854.0
15134850.0
15137156.0
12074390.0
10152136.0
11779698.0
13495454.0
22236420.0
22237596.0
22046464.0
19243978.0
18138156.0
12515224.0
17889506.0
17889876.0
17621352.0
16960164.0
18222356.0
19539016.0
19539036.0
18539380.0
18539386.0
14614880.0
14614880.0
12097091.0
10385555.0
11179038.0
15808122.0
18867044.0
20392220.0
22060052.0
22060052.0
20121252.0
17209844.0
16615588.0
21458522.0
22556860.0
22593032.0
22593032.0
20098060.0
18545264.0
15868192.0
17113064.0
17113064.0
16580720.0
16853554.0
16853554.0
19375762.0
21094212.0
21094212.0
16749878.0
14747860.0
15158016.0
15158016.0
18468164.0
18468164.0
16376338.0
16376336.0
18196510.0
18196508.0
16686440.0
19012300.0
19405468.0
19405468.0
18912312.0
12190096.0
10395190.0
10395188.0
14456300.0
14456300.0
13721314.0
13721312.0
13461826.0
18451356.0
18451356.0
16218132.0
10146220.0
10146220.0
10619410.0
16275164.0
18598616.0
18598616.0
17524810.0
17524808.0
15920476.0
14807312.0
15680620.0
15680620.0
10955644.0
12116424.0
12116424.0
11545380.0
11545380.0
8350608.0
11869736.0
16660352.0
16660352.0
14981532.0
14837920.0
13729828.0
13729828.0
13437100.0
10577424.0
10306168.0
10306168.0
10878260.0
10878260.0
10048804.0
11092654.0
11092652.0
14187358.0
14187356.0
10993244.0
11195080.0
11196008.0
12171870.0
16228876.0
16643376.0
16732534.0
16732532.0
16118172.0
15454560.0
12892912.0
