20150101
16636176.0
10703880.0
10531998.0
13734874.0
17219278.0
17219276.0
12310524.0
16096248.0
18918860.0
18990142.0
18990140.0
18884532.0
18675120.0
17890512.0
18058724.0
18058724.0
18827086.0
19400864.0
19400864.0
19338070.0
19338068.0
16507996.0
16507996.0
15245796.0
14854060.0
13442438.0
13442436.0
15330508.0
15330508.0
15145196.0
19523448.0
19523448.0
17425668.0
15435372.0
15504340.0
15504340.0
16371992.0
16371992.0
13634482.0
13309808.0
13664686.0
18776680.0
18776680.0
21543820.0
21543820.0
20648612.0
23143172.0
23143172.0
20788364.0
16866666.0
20918160.0
20918160.0
24108090.0
24460168.0
24460168.0
23820504.0
17669754.0
18152682.0
18205960.0
18205960.0
12468832.0
18095446.0
19982530.0
19982528.0
19877780.0
17680292.0
18133384.0
18541742.0
20901964.0
24843496.0
24843496.0
23863296.0
20453232.0
20082948.0
20082948.0
22544328.0
22544328.0
21602908.0
25817388.0
25817388.0
26646848.0
26646848.0
27933906.0
29457414.0
29457414.0
25359130.0
28756388.0
28756388.0
22751100.0
19928032.0
19928032.0
20811444.0
22938658.0
22938658.0
24269200.0
24269448.0
22072182.0
20891202.0
22856078.0
24275878.0
24277736.0
21798176.0
20545332.0
22504670.0
26316524.0
28152952.0
28159666.0
24559390.0
32079328.0
32093872.0
28994450.0
29008578.0
25434998.0
25457700.0
25087688.0
25337808.0
27727272.0
27761526.0
23964724.0
28266528.0
28299060.0
23204338.0
23242470.0
24551464.0
30518264.0
30565432.0
28942876.0
31185176.0
31252792.0
29268108.0
25903048.0
25883712.0
25913064.0
22525836.0
22143980.0
22067900.0
25484404.0
27332564.0
27398304.0
24549296.0
20675992.0
21062640.0
21090404.0
19635172.0
26612168.0
26693784.0
21607388.0
26005920.0
26082868.0
23580908.0
20591494.0
22449188.0
23970460.0
28011516.0
28088984.0
26457040.0
21916708.0
22053880.0
22120456.0
20799732.0
15216868.0
14782512.0
13461156.0
15837160.0
16445872.0
27481084.0
27559300.0
21760492.0
21831300.0
21030972.0
21874460.0
22264232.0
22324996.0
14577272.0
17391272.0
17419664.0
19163916.0
19194668.0
12549956.0
13771752.0
22740336.0
22835492.0
25118926.0
25168248.0
18457776.0
18521888.0
16342612.0
16368104.0
14590336.0
19667356.0
19689048.0
14398800.0
23708552.0
23742572.0
18552658.0
21064550.0
21090790.0
21800092.0
22222844.0
22260504.0
21696366.0
19998782.0
18695792.0
16373204.0
19332268.0
20821690.0
23142568.0
23183326.0
22200214.0
22233144.0
20311214.0
16030080.0
19307124.0
19320864.0
21474194.0
21488138.0
18716156.0
12984542.0
13878850.0
18951642.0
21226046.0
21237656.0
21082222.0
18082296.0
18143216.0
18146282.0
11467768.0
11470282.0
10847440.0
16830520.0
16833776.0
9345106.0
11322116.0
16960156.0
17476208.0
19991518.0
19996074.0
16960404.0
12214202.0
12781682.0
15526972.0
15529814.0
17250070.0
17365584.0
17368258.0
14067810.0
11932002.0
13437690.0
14940340.0
23382978.0
23384300.0
23096720.0
20655602.0
18718340.0
13821888.0
18308846.0
18548908.0
18549268.0
18108422.0
18874176.0
20016776.0
20016800.0
20152124.0
20152124.0
16221414.0
16221414.0
14037039.0
11573783.0
12034621.0
16223146.0
19400560.0
20992542.0
22761082.0
22761080.0
20865960.0
17870830.0
16841990.0
21885616.0
23158064.0
23158064.0
23051562.0
20617604.0
19307532.0
16216436.0
17665578.0
17665578.0
17124444.0
17439370.0
17439370.0
20099958.0
21988006.0
21988006.0
17365054.0
15748004.0
16108864.0
16108864.0
19600146.0
19600146.0
17223756.0
17223756.0
18836748.0
18836748.0
17465376.0
19450936.0
19995578.0
19995576.0
19494384.0
13459180.0
11023272.0
11181520.0
15559352.0
15559352.0
14178896.0
14178896.0
14168822.0
19101762.0
19101760.0
16679384.0
11916618.0
11916616.0
11281380.0
17228940.0
19042676.0
19042676.0
18355488.0
18355488.0
16736784.0
15448748.0
16400624.0
16400624.0
11115536.0
12477884.0
12477884.0
11715172.0
11715172.0
9057376.0
12874140.0
17691540.0
17691540.0
16336712.0
15396916.0
14253052.0
14253052.0
13826712.0
11189680.0
10808752.0
10808752.0
11490120.0
11490120.0
10988788.0
11268112.0
11268112.0
15279376.0
15279376.0
11909240.0
11909236.0
11533492.0
12808576.0
16614292.0
17023664.0
17070770.0
17070768.0
16419940.0
15774456.0
13086208.0
