20150101
16554932.0
10311600.0
9647166.0
13440588.0
16155644.0
16155644.0
12557108.0
15712260.0
18444578.0
18754446.0
18754444.0
18600364.0
18573164.0
18042504.0
18067696.0
18067696.0
18579468.0
18999196.0
18999192.0
18763148.0
18602200.0
17105468.0
17105468.0
15656928.0
15151732.0
14118428.0
14118428.0
16039608.0
16039608.0
15145776.0
18460304.0
18460304.0
17357224.0
16350924.0
15998534.0
15998532.0
15433654.0
15433654.0
13967328.0
14115088.0
14351312.0
17657418.0
17657416.0
20173052.0
20173052.0
19445850.0
22678184.0
22678184.0
20711296.0
16349904.0
18762894.0
18762894.0
22831004.0
22831004.0
22823110.0
21239546.0
14981432.0
18844722.0
19143514.0
19143514.0
11358998.0
19046258.0
20920452.0
20920452.0
19985448.0
18187420.0
18716756.0
19543496.0
21754284.0
24932736.0
24932732.0
23354476.0
20354316.0
20318060.0
20318060.0
23209950.0
23209948.0
21428976.0
25598806.0
25598804.0
25237026.0
25237026.0
25954776.0
28223438.0
28223438.0
24195644.0
26912912.0
26912912.0
21367420.0
19134518.0
19614074.0
19996998.0
21411414.0
22074324.0
24359560.0
24359784.0
23179690.0
21492144.0
23789674.0
24403966.0
24405666.0
22220188.0
20697896.0
21292480.0
25421788.0
27036080.0
27042812.0
24389718.0
30467262.0
30478950.0
27300050.0
25444956.0
25037544.0
25260980.0
25281612.0
24062024.0
26721928.0
26751930.0
22806942.0
27405102.0
27436250.0
23155310.0
23189388.0
24460540.0
29609344.0
29651112.0
27326804.0
29766172.0
29821816.0
26530480.0
24740280.0
25347096.0
25370328.0
21817626.0
21864388.0
21437804.0
24946188.0
25993016.0
26052024.0
23988760.0
20410208.0
21054860.0
21084860.0
19876062.0
25872396.0
25952516.0
21656896.0
25556764.0
25628504.0
21955444.0
19661350.0
22843720.0
23906024.0
27036504.0
27105072.0
25296996.0
21458056.0
22065632.0
22131608.0
20508648.0
14621072.0
13294160.0
12677632.0
14804556.0
15792596.0
26053372.0
26127612.0
20286092.0
20351052.0
18146012.0
20535568.0
20617880.0
19818260.0
11890444.0
14307924.0
14333136.0
17187988.0
17205960.0
9787984.0
11506452.0
21008112.0
21058012.0
22903024.0
22946384.0
16186696.0
16233912.0
13730600.0
13750356.0
12956924.0
17689228.0
17701772.0
12129172.0
21533650.0
21561376.0
16291086.0
17101292.0
17120818.0
19631128.0
20829328.0
20863136.0
20291524.0
18146008.0
17230564.0
13606280.0
16038818.0
18567878.0
21587640.0
21623484.0
20620364.0
20650244.0
18752954.0
13241616.0
16686908.0
16698118.0
19185082.0
19195770.0
16985460.0
10926854.0
11947456.0
16317862.0
19176446.0
19186008.0
18434416.0
16568404.0
16577992.0
16410872.0
9337156.0
9338548.0
8936382.0
14522230.0
14524568.0
7025698.0
9557030.0
15408662.0
15413372.0
18163586.0
18167444.0
14712004.0
9723544.0
10702642.0
13826838.0
13829228.0
14584166.0
14829454.0
14831644.0
12320986.0
9615170.0
12102332.0
13635104.0
21956288.0
21957334.0
21916860.0
19641048.0
17246732.0
11796600.0
17413194.0
17413544.0
17409050.0
16093692.0
17530548.0
19228228.0
19228228.0
17876432.0
17876432.0
13848292.0
13848292.0
12445749.0
10528642.0
11145941.0
15415470.0
18645580.0
20075330.0
21853696.0
21853696.0
19708924.0
17080840.0
16694552.0
21437656.0
22693080.0
22777742.0
22777740.0
20475560.0
19079700.0
15720820.0
16501442.0
16501442.0
15832108.0
17188776.0
17188776.0
19640448.0
20894064.0
20894064.0
17664366.0
15437810.0
15437810.0
15287728.0
18333868.0
18333868.0
16552444.0
16552444.0
18091824.0
18091824.0
16470244.0
18589542.0
18985988.0
18985988.0
18936068.0
12409668.0
11027384.0
11027384.0
15268412.0
15268412.0
14384470.0
14384468.0
14427648.0
18278278.0
18278276.0
15837144.0
10483260.0
10483260.0
11295228.0
16501736.0
18445892.0
18445892.0
17573848.0
17573848.0
16142364.0
14981484.0
15765396.0
15765396.0
11308588.0
12747218.0
12747216.0
11651792.0
11651788.0
8895872.0
12834540.0
16651060.0
16651060.0
15215956.0
15080792.0
14381904.0
14317308.0
13950172.0
11112064.0
10770816.0
10770816.0
11635692.0
11635692.0
10986792.0
11427588.0
11897120.0
14185896.0
14185896.0
11875168.0
11875168.0
11710220.0
12844144.0
16484712.0
16612674.0
16637964.0
16637964.0
16010684.0
15320624.0
13388492.0
