20150101
3.887
12.262
19.819
20.313
2.296
3.171
3.291
2.583
0.701
0.582
0.300
0.306
0.509
0.632
0.842
0.924
0.908
0.240
0.264
0.085
1.248
2.040
2.450
2.548
1.926
2.258
2.909
3.020
2.793
2.842
1.637
1.671
1.867
2.447
2.521
2.281
2.344
2.491
3.235
3.386
3.352
3.394
1.506
1.292
1.658
1.720
0.923
0.756
3.342
3.417
0.948
1.348
1.348
0.302
0.307
1.300
9.778
9.861
2.566
24.805
25.547
12.691
4.055
3.052
3.265
3.394
3.206
2.645
2.573
1.881
0.806
2.663
2.796
5.156
5.272
3.811
2.904
3.039
1.676
1.780
1.214
1.336
1.341
0.858
0.886
1.908
1.909
1.016
17.462
17.527
2.466
2.618
11.558
11.677
2.710
2.848
2.975
3.296
3.396
2.055
2.910
12.976
15.254
10.923
4.383
4.420
4.460
5.176
5.177
1.691
3.154
3.314
2.998
2.346
6.479
6.513
3.249
2.339
4.382
4.412
6.782
8.542
3.973
2.726
1.663
1.427
1.013
0.786
1.001
1.314
1.550
2.042
2.080
2.215
4.365
4.530
3.862
3.680
2.998
13.165
16.387
8.697
7.194
7.403
4.168
13.708
15.607
12.508
3.274
32.871
36.290
18.346
8.567
2.399
2.665
2.706
4.065
4.189
4.609
9.170
31.019
44.355
46.695
19.492
9.572
7.297
5.773
7.025
7.132
9.719
9.867
4.851
12.024
18.369
18.493
8.745
10.677
15.297
21.867
22.901
5.832
2.745
2.574
2.616
3.597
10.159
13.305
13.498
4.951
7.051
20.074
20.733
3.703
0.949
5.268
8.686
9.395
2.841
2.860
2.874
3.237
3.237
1.985
1.989
1.966
2.533
2.533
2.017
2.017
1.672
1.676
3.334
7.078
7.812
4.526
4.702
24.618
25.720
16.854
6.941
4.707
6.162
6.279
2.400
4.281
7.592
10.756
12.853
30.089
30.113
15.125
18.760
19.788
12.010
3.806
3.571
2.214
14.342
26.102
27.473
14.542
15.566
15.008
14.917
15.631
17.728
20.078
11.560
8.040
3.951
0.764
0.808
2.447
3.893
6.054
6.083
4.293
4.310
3.272
3.284
3.774
10.557
15.094
15.371
11.516
5.701
7.536
8.527
8.857
3.494
1.782
0.857
0.178
0.283
1.461
3.392
3.531
1.006
0.505
0.295
0.575
0.783
9.053
9.151
3.825
1.066
0.874
2.019
2.079
1.738
0.485
0.876
1.731
1.887
1.871
1.655
1.655
1.119
1.280
1.320
1.361
3.205
5.590
5.600
0.495
0.986
3.315
3.746
3.934
4.083
3.590
2.177
2.215
2.329
2.424
1.100
0.322
0.954
1.323
3.156
3.828
3.899
0.384
0.014
0.003
0.320
0.693
0.700
0.559
1.256
2.582
2.671
1.280
1.644
2.811
5.030
5.135
1.066
0.628
1.583
1.809
1.868
1.228
1.969
2.708
2.849
2.969
3.061
2.144
1.784
2.420
2.553
2.166
2.778
2.902
2.324
1.884
2.196
2.286
0.217
0.001
0.032
0.621
1.507
1.587
