20150101
16052856.0
9947276.0
10024596.0
12250568.0
16680022.0
16680020.0
10354510.0
14970716.0
18907308.0
18975424.0
18975424.0
18875196.0
18435124.0
17304856.0
17435620.0
17435620.0
18468366.0
19370664.0
19370664.0
19284414.0
19284412.0
14700248.0
14700248.0
13907380.0
13445996.0
11378252.0
11378252.0
13729386.0
13729384.0
13719656.0
18741696.0
18741696.0
15820348.0
13199796.0
14209074.0
14209072.0
14705934.0
14705934.0
11908536.0
10672670.0
10672668.0
16895668.0
16895668.0
21312326.0
21312324.0
21082496.0
23279272.0
23279272.0
19678516.0
16319756.0
20543824.0
20543824.0
24206928.0
24657416.0
24657416.0
24079300.0
17725300.0
16020616.0
16020616.0
15505314.0
13177768.0
15095600.0
16642553.0
16782226.0
16782224.0
14305839.0
15202385.0
15202385.0
18207210.0
23268876.0
23268876.0
22219832.0
18160460.0
17566044.0
17566040.0
19446052.0
20638612.0
20638612.0
24271606.0
24271604.0
25852980.0
25852980.0
27894220.0
29496010.0
29496010.0
23577140.0
28738216.0
28738216.0
21679140.0
18136160.0
18136160.0
17261702.0
22359588.0
22359588.0
21623670.0
21624008.0
17181938.0
17344560.0
18489210.0
21120888.0
21122674.0
17844886.0
17029694.0
20038254.0
25393656.0
27627824.0
27633648.0
22230370.0
31750460.0
31766536.0
27810270.0
27821990.0
22990768.0
23012466.0
21754568.0
24002116.0
25356474.0
25390862.0
21922642.0
25350500.0
25374044.0
20149702.0
20185808.0
21735884.0
29681040.0
29734680.0
28974828.0
31117764.0
31191708.0
29063968.0
23828368.0
23565186.0
23599740.0
22496312.0
19818152.0
19853884.0
23493044.0
26687684.0
26752012.0
22019780.0
17972004.0
18233296.0
18259020.0
17113020.0
25461756.0
25531348.0
19287724.0
23118792.0
23182420.0
21241568.0
18175854.0
18699884.0
21615820.0
27056656.0
27129496.0
25372960.0
19698136.0
21015572.0
21081948.0
20056732.0
16683236.0
16704392.0
15171440.0
13610600.0
15103620.0
26922908.0
26989948.0
22606396.0
23680448.0
23738952.0
22790476.0
25090464.0
25168248.0
16237912.0
19850790.0
19883452.0
20509336.0
20557792.0
16332644.0
15980340.0
23021080.0
24741848.0
26741708.0
26795764.0
20733904.0
20577092.0
18730304.0
18410312.0
17594848.0
22355244.0
22389984.0
17297922.0
25706108.0
25748960.0
21597874.0
23898906.0
23934704.0
25462516.0
25533452.0
25005460.0
23174856.0
22296278.0
21383762.0
19263760.0
23109850.0
23895022.0
25494926.0
25542598.0
24364354.0
24400656.0
22521846.0
19356440.0
21550442.0
21566342.0
23924330.0
23941168.0
20699112.0
15546664.0
15669536.0
21305812.0
23145516.0
23609816.0
23617776.0
20261276.0
20273196.0
18724900.0
13484990.0
13228438.0
11716602.0
17894540.0
17898478.0
11438870.0
11443116.0
16989840.0
18398268.0
21065392.0
21070984.0
19067740.0
14214372.0
11542968.0
14779518.0
14782164.0
17737740.0
18175190.0
18178072.0
13697876.0
13179210.0
13180772.0
14878542.0
24221022.0
24222634.0
23575386.0
20846978.0
20847766.0
16133678.0
19432516.0
19433190.0
20046868.0
20047430.0
20556606.0
20890752.0
20890864.0
21865456.0
21865514.0
17780808.0
17780808.0
13114475.0
11548583.0
12623140.0
17342974.0
19962656.0
21824698.0
23338444.0
23338442.0
22056864.0
18433636.0
16952782.0
22045596.0
22871640.0
22871638.0
22656182.0
19852248.0
18391704.0
16868890.0
18991176.0
18991176.0
18736344.0
18736344.0
16590130.0
19503056.0
22576312.0
22576312.0
15581254.0
14710034.0
16154294.0
16154292.0
20172338.0
20172338.0
17198642.0
17198640.0
19248434.0
19248432.0
18073790.0
20446704.0
20938686.0
20938684.0
19607504.0
13456392.0
10217426.0
11042184.0
14220574.0
14220572.0
13201912.0
13201912.0
12750572.0
19752804.0
19752804.0
18063152.0
11705736.0
11705736.0
10466320.0
17091490.0
19619148.0
19619148.0
18719028.0
18719028.0
16912612.0
15594720.0
16587416.0
16587416.0
11291220.0
11426948.0
11426948.0
11877512.0
11877512.0
8293952.0
10952136.0
18075378.0
18075376.0
16511840.0
15162760.0
13107960.0
13107960.0
12959124.0
11172720.0
11172720.0
10546984.0
10494460.0
10494460.0
9620996.0
10953020.0
10953020.0
15468270.0
15468268.0
10202698.0
10602750.0
10929608.0
11784654.0
16263516.0
17249760.0
17403184.0
17403184.0
16831288.0
16311868.0
12362876.0
