20150101
1.68
1.92
2.37
1.81
1.25
1.59
1.33
1.10
1.28
1.10
1.15
1.18
1.20
1.45
1.52
1.26
0.75
0.74
1.01
1.06
1.30
1.74
1.69
1.24
1.52
1.97
2.09
1.99
2.16
1.08
0.86
0.71
1.08
0.94
1.00
0.85
0.82
1.26
1.38
1.11
0.73
0.47
1.16
0.91
0.82
0.77
0.77
0.91
1.19
1.16
1.00
1.23
1.11
0.92
0.96
1.25
1.65
1.50
1.44
2.02
1.61
2.07
2.08
1.48
1.45
1.02
1.56
1.61
0.76
0.63
0.80
1.13
1.21
1.48
1.46
1.46
1.67
1.24
0.67
0.81
0.82
0.58
0.88
0.69
0.78
0.89
1.07
1.07
1.89
1.23
1.11
1.21
1.44
1.56
1.51
0.90
1.24
1.35
1.35
1.04
0.88
1.30
1.33
0.90
1.32
1.23
1.52
1.39
1.05
0.87
0.84
0.81
0.95
0.94
1.07
1.11
0.80
1.27
1.20
0.83
1.03
1.33
1.23
1.18
0.89
0.82
0.66
0.67
0.95
0.89
0.98
0.88
1.02
1.14
1.37
1.42
0.74
0.95
1.09
1.36
1.24
1.11
1.15
1.17
0.99
1.20
1.29
1.18
1.19
1.24
1.30
1.45
1.22
1.11
1.18
1.20
1.29
1.31
1.39
1.13
1.22
1.19
1.35
1.59
1.56
1.48
1.52
1.23
1.30
1.15
1.28
1.60
1.35
1.19
1.12
1.08
1.21
1.37
1.24
1.18
1.28
1.28
1.27
1.23
0.54
0.86
1.16
1.51
0.73
0.95
1.28
1.25
0.92
0.86
0.82
0.81
0.72
1.09
0.86
0.89
0.52
0.57
0.71
0.63
0.82
0.73
0.75
0.70
0.57
0.72
0.77
0.85
0.90
0.96
0.96
0.78
1.12
1.17
0.90
0.52
0.76
1.02
1.10
1.09
1.21
1.04
1.08
1.14
1.07
1.27
0.76
0.34
0.98
1.22
1.16
1.00
1.00
0.88
0.98
0.97
0.97
0.94
1.12
1.12
1.13
1.20
0.81
0.99
1.05
1.17
1.06
0.97
1.06
1.10
1.20
1.14
1.18
1.31
1.27
1.12
1.02
1.15
1.15
0.87
1.11
1.14
1.17
1.17
1.11
1.17
1.15
1.00
0.98
1.12
1.14
1.25
1.33
1.21
1.19
1.21
1.30
0.94
0.83
0.74
0.76
0.77
0.74
1.22
0.83
0.75
0.77
0.87
1.35
1.39
1.45
1.09
1.17
1.02
1.45
1.25
1.37
1.05
0.98
0.50
0.68
0.86
1.19
1.31
1.69
1.53
0.73
1.34
1.31
1.43
1.34
0.97
1.24
1.25
1.20
1.45
1.47
1.50
0.79
0.77
0.76
0.94
0.80
0.87
0.80
1.41
1.66
1.14
1.13
1.14
0.95
1.59
1.25
1.30
0.84
1.32
1.25
1.26
1.36
1.56
1.78
1.84
1.96
2.05
1.65
1.52
2.01
1.92
1.60
1.74
1.45
2.20
2.54
2.26
1.55
2.13
2.15
1.74
1.11
1.60
1.79
