20150101
0.87
0.67
0.72
0.56
0.89
0.45
0.48
0.83
1.51
1.38
1.44
1.44
1.30
1.15
1.06
1.11
1.29
1.47
1.38
1.46
1.38
1.07
1.07
0.96
0.77
0.70
0.74
0.57
0.61
0.98
0.82
1.03
0.96
0.73
0.80
0.86
0.72
0.60
0.46
0.64
0.70
0.68
0.67
1.06
1.01
1.07
1.10
0.90
0.88
1.11
0.99
0.86
1.66
1.64
1.36
0.83
0.67
0.80
0.64
0.42
0.57
0.57
0.80
0.79
0.54
0.74
0.69
0.66
0.99
1.16
0.94
0.80
0.89
0.73
0.68
0.68
0.66
1.10
0.93
1.00
1.01
0.87
1.27
1.05
0.98
0.96
0.89
0.70
0.53
0.91
0.83
1.05
0.71
0.62
0.64
0.74
0.65
0.64
1.01
0.86
0.72
0.44
0.67
0.81
0.72
0.74
0.59
1.21
0.94
1.10
0.90
0.69
0.67
0.91
0.69
1.03
0.98
0.64
1.00
0.84
0.78
0.55
0.72
0.97
0.83
0.80
0.92
1.05
0.74
0.62
0.54
0.56
0.55
0.63
0.50
0.64
0.74
0.86
0.61
0.67
0.58
0.64
0.43
0.37
0.72
0.35
0.46
0.68
0.74
0.69
0.55
0.58
0.62
0.83
0.88
0.71
0.55
0.56
0.54
0.58
0.64
0.57
0.63
0.44
0.57
0.74
0.67
0.74
0.73
0.78
0.71
0.68
0.59
0.55
0.67
0.53
0.56
0.62
0.68
0.64
0.76
0.87
0.61
0.58
0.82
0.63
0.43
0.37
0.70
0.70
0.81
0.71
0.59
0.55
0.76
0.64
0.58
0.70
0.63
0.86
0.80
0.61
0.56
0.50
0.74
0.93
0.87
0.85
0.70
0.64
0.68
0.72
0.68
0.72
0.64
0.55
0.55
0.49
0.55
0.64
0.55
0.58
0.56
0.55
0.55
0.45
0.60
0.57
0.60
0.59
0.41
0.78
0.62
0.60
0.57
0.56
0.47
0.60
0.74
0.76
0.77
0.70
0.65
0.58
0.50
0.42
0.65
0.55
0.81
0.88
0.86
0.75
0.59
0.58
0.49
0.52
0.50
0.59
0.57
0.76
0.67
0.63
0.72
0.58
0.71
0.53
0.56
0.49
0.40
0.70
0.81
1.08
1.13
0.89
0.76
0.40
0.59
0.94
1.03
1.02
0.87
0.67
0.71
0.74
0.76
0.64
0.79
0.68
0.98
1.12
1.17
1.00
0.72
0.82
0.56
0.98
0.80
0.83
0.79
0.64
0.67
0.58
0.76
0.83
0.91
0.88
0.59
0.52
0.25
0.37
0.63
0.58
0.78
0.51
0.75
1.35
0.85
0.62
0.67
0.58
0.41
0.83
1.11
1.01
1.11
0.93
0.94
0.96
0.93
0.54
0.47
0.67
0.64
0.51
0.64
0.42
0.99
0.93
1.06
0.84
0.96
0.96
0.74
0.56
0.43
0.55
0.45
0.57
0.66
0.65
0.50
0.66
0.71
0.69
0.78
0.94
0.77
0.64
1.04
1.34
1.37
1.16
0.95
0.57
0.99
