20150101
0.83
0.78
1.12
0.74
0.77
0.58
0.36
0.88
1.56
1.38
1.35
1.31
1.20
1.09
1.03
1.00
1.03
1.30
1.27
1.47
1.38
1.07
1.09
0.99
0.82
0.81
0.85
0.81
0.66
0.86
0.77
0.84
0.90
0.83
0.78
0.72
0.72
0.71
0.68
0.71
0.70
0.63
0.61
0.87
0.98
0.99
1.06
0.92
0.84
1.15
1.00
0.88
1.63
1.62
1.39
0.90
0.88
0.90
0.72
0.41
0.63
0.75
0.81
0.76
0.63
0.73
0.76
0.73
1.01
1.03
0.94
0.85
0.93
0.81
0.81
0.76
0.77
1.10
0.85
0.99
0.95
0.76
1.29
1.04
0.97
0.95
0.91
0.69
0.72
0.92
0.88
0.95
0.86
0.83
0.69
0.70
0.72
0.81
0.94
0.89
0.81
0.45
0.71
0.80
0.83
0.75
0.63
1.17
0.94
1.06
0.81
0.66
0.72
0.88
0.60
0.95
0.98
0.61
1.01
0.80
0.74
0.72
0.81
1.00
0.91
0.74
0.91
1.02
0.78
0.53
0.52
0.57
0.59
0.68
0.69
0.67
0.70
0.81
0.53
0.65
0.65
0.61
0.53
0.47
0.68
0.41
0.55
0.68
0.69
0.72
0.67
0.72
0.65
0.84
0.86
0.77
0.66
0.71
0.64
0.74
0.62
0.54
0.59
0.50
0.70
0.70
0.71
0.69
0.78
0.77
0.66
0.69
0.46
0.57
0.74
0.60
0.60
0.55
0.57
0.75
0.84
0.89
0.68
0.69
0.90
0.66
0.46
0.41
0.69
0.68
0.64
0.75
0.69
0.67
0.89
0.67
0.68
0.82
0.67
0.85
0.81
0.70
0.56
0.58
0.79
1.03
0.96
0.85
0.79
0.71
0.73
0.79
0.69
0.78
0.69
0.60
0.67
0.61
0.64
0.74
0.65
0.62
0.65
0.65
0.63
0.60
0.71
0.60
0.65
0.67
0.47
0.83
0.55
0.66
0.59
0.64
0.57
0.62
0.70
0.75
0.74
0.71
0.65
0.62
0.59
0.48
0.67
0.54
0.84
0.85
0.89
0.73
0.66
0.65
0.57
0.60
0.53
0.66
0.62
0.78
0.73
0.62
0.55
0.56
0.68
0.59
0.62
0.46
0.44
0.65
0.77
1.06
1.10
0.91
0.74
0.50
0.64
0.94
1.00
1.00
0.82
0.65
0.67
0.78
0.75
0.68
0.82
0.71
0.99
1.14
1.24
0.99
0.80
0.86
0.60
0.95
0.87
0.86
0.80
0.73
0.67
0.65
0.80
0.91
1.00
0.91
0.70
0.57
0.67
0.59
0.60
0.56
0.77
0.60
0.79
1.31
0.84
0.65
0.68
0.76
0.61
0.82
1.09
1.04
1.14
0.90
0.89
0.91
0.87
0.63
0.59
0.70
0.73
0.67
0.70
0.76
0.94
0.92
0.94
0.85
0.87
0.88
0.76
0.64
0.76
0.75
0.72
0.68
0.72
0.68
0.70
0.80
0.73
0.77
0.76
0.90
0.89
0.66
1.07
1.28
1.34
1.13
0.90
0.63
1.08
