20150101
3.279
9.588
15.271
15.526
0.809
0.366
0.584
0.590
0.307
0.001
0.001
0.002
0.003
0.003
0.022
0.029
0.051
0.051
0.001
0.002
0.002
0.388
0.611
0.371
0.136
0.312
0.638
0.650
1.174
1.195
0.232
0.083
0.075
0.277
0.286
0.136
0.136
0.427
0.561
0.582
0.543
0.266
0.555
0.558
0.214
0.270
0.270
0.046
2.095
2.118
0.535
0.266
0.266
0.001
0.005
0.068
5.909
5.932
0.504
23.005
23.599
9.204
1.273
0.573
0.563
0.578
0.428
0.335
0.222
0.053
0.010
0.288
0.350
3.314
3.376
1.077
1.261
1.268
0.194
0.066
0.048
0.316
0.317
0.056
0.006
0.486
0.486
0.486
13.681
13.693
1.158
1.247
7.675
7.704
0.720
0.608
0.572
0.636
0.556
0.075
0.343
8.252
10.039
7.839
2.676
2.709
1.272
3.004
3.004
0.073
0.003
1.151
1.152
0.665
3.731
3.744
1.655
0.734
2.423
2.423
3.997
4.893
1.089
0.242
0.210
0.098
0.824
0.824
0.009
0.009
0.834
0.837
0.208
1.418
1.419
1.557
1.570
0.910
0.025
5.752
7.115
3.686
5.835
6.392
2.984
11.882
13.060
6.441
0.163
18.654
20.790
11.988
2.942
0.408
0.295
0.295
0.975
0.999
2.086
4.343
15.415
27.533
29.135
11.415
6.251
5.749
1.938
2.694
2.724
3.498
3.533
2.771
8.579
15.906
16.366
7.516
7.829
11.758
19.102
20.042
4.567
1.649
1.649
2.330
5.872
5.872
8.529
8.676
5.034
3.988
13.434
13.945
3.809
0.829
4.734
4.734
2.077
2.869
3.256
3.261
2.648
2.648
1.603
0.935
1.603
3.086
3.086
2.049
1.248
2.556
2.561
2.160
5.677
6.172
5.261
2.586
16.071
17.084
12.872
2.699
1.905
4.727
4.805
1.420
2.508
5.055
6.461
7.190
18.936
18.936
12.020
14.523
15.742
10.379
2.831
2.723
0.754
8.963
27.224
27.944
7.954
9.551
9.551
9.638
9.834
12.624
14.435
9.664
2.266
2.111
0.029
0.271
2.146
2.770
3.820
3.847
2.829
2.843
3.511
3.514
2.065
4.319
14.243
14.397
7.180
4.325
2.143
2.397
2.520
1.269
1.012
0.227
0.225
0.126
0.728
0.769
0.791
0.143
0.019
0.004
0.033
0.038
2.571
2.602
2.196
1.216
1.217
1.781
1.786
0.405
0.022
0.008
0.210
0.249
0.665
0.684
0.557
0.103
0.104
0.113
0.252
3.749
3.771
2.779
0.647
0.172
0.441
0.847
0.909
0.956
0.668
0.272
0.275
0.295
0.298
0.014
0.003
0.010
0.010
0.837
0.867
0.643
0.012
-0.000
0.003
0.025
0.028
0.009
0.001
0.109
0.391
0.397
0.052
0.256
0.896
2.761
2.782
0.106
0.006
0.023
0.023
0.001
0.017
0.166
0.635
0.665
0.642
0.656
0.472
0.122
0.496
0.525
0.211
0.597
0.617
0.299
0.310
0.296
0.225
0.005
0.001
0.001
0.001
0.363
0.411
