19950101
0.191
0.193
0.083
0.194
0.200
0.202
0.145
23.875
23.902
0.842
0.422
0.649
0.652
0.222
1.565
12.570
16.765
16.777
1.964
2.032
1.318
0.567
0.559
0.225
0.226
0.111
0.117
0.461
0.699
0.708
0.496
0.222
0.270
0.578
0.665
1.626
1.629
0.567
0.564
0.579
0.534
0.371
0.336
0.339
5.604
5.749
5.771
2.095
2.128
1.297
1.332
3.532
7.478
11.468
11.488
0.259
0.583
1.058
1.093
0.700
0.291
0.297
0.277
0.336
0.353
6.504
6.514
0.939
0.988
0.959
0.969
0.723
0.750
0.208
0.196
1.792
1.800
0.281
0.923
0.923
0.124
0.502
1.159
1.195
26.580
27.974
2.531
1.153
1.179
1.008
0.276
0.459
0.474
0.408
2.499
2.600
0.503
0.503
0.729
0.747
0.620
1.364
1.404
1.150
1.157
1.058
1.060
0.706
0.463
2.503
2.512
1.593
1.507
1.514
1.362
1.209
0.766
0.736
0.756
1.433
1.434
0.419
0.332
0.726
0.733
0.591
0.831
1.884
9.825
9.831
3.749
8.477
8.477
5.473
5.479
5.146
2.062
4.845
4.937
4.943
2.407
2.432
2.438
0.702
2.561
2.567
0.683
0.843
2.044
2.167
2.235
1.966
2.075
2.136
1.727
2.027
2.205
2.962
2.976
1.959
3.604
4.239
9.249
9.269
11.890
17.835
24.592
30.025
31.104
31.268
7.617
7.051
12.347
13.160
9.228
6.580
2.061
3.126
3.147
2.601
36.066
44.330
44.616
5.215
8.473
8.536
9.267
6.656
4.094
4.094
24.146
24.264
3.767
4.268
4.275
3.579
7.930
8.968
8.278
5.960
4.623
4.553
3.307
3.029
2.082
2.082
2.465
14.677
14.684
1.943
3.502
4.714
9.314
10.688
11.065
3.161
1.627
2.640
2.645
2.542
5.238
6.168
6.235
85.549
88.891
60.366
54.560
7.687
0.377
0.806
6.163
6.251
0.873
0.796
2.288
2.288
1.870
5.269
6.390
6.416
12.227
12.573
2.356
0.333
4.563
4.584
5.764
5.764
4.953
4.012
3.087
1.712
1.610
1.614
1.193
0.917
2.791
4.332
4.336
3.979
3.882
3.894
3.492
7.881
8.859
9.098
9.114
4.032
4.032
16.091
40.717
41.459
12.355
0.676
1.545
1.548
1.548
0.571
0.434
0.757
0.757
1.223
1.947
1.951
1.727
1.776
2.162
1.526
1.378
3.263
3.285
0.430
0.463
0.773
0.873
0.881
0.581
0.597
0.384
0.152
0.056
0.152
0.275
0.279
0.209
0.198
0.066
0.205
0.210
0.132
0.087
0.017
36.108
63.814
63.821
0.243
0.437
0.437
0.470
0.910
0.929
0.449
0.466
0.165
0.261
0.297
0.304
0.170
0.304
0.310
0.259
0.303
0.306
0.252
0.422
0.426
0.300
0.211
0.219
0.419
0.420
0.334
0.343
0.329
0.375
0.375
0.290
0.993
1.011
0.279
0.124
0.360
0.360
0.660
0.689
0.854
0.881
0.382
13.229
13.235
0.215
0.263
0.264
0.225
0.528
0.550
0.461
1.346
1.348
0.469
0.701
0.726
0.269
0.331
0.815
0.857
0.511
0.610
0.613
28.319
29.384
24.561
0.254
0.411
0.416
0.179
0.113
0.327
0.348
0.361
0.372
0.234
0.118
0.347
0.352
0.281
0.488
0.503
0.326
0.323
0.264
0.560
0.581
1.083
1.575
14.210
14.757
6.210
0.125
0.235
0.367
0.377
0.228
0.342
14.528
14.627
0.719
0.458
0.247
0.247
1.984
6.214
6.235
0.457
0.171
0.346
0.347
3.710
9.449
9.449
0.469
1.592
2.902
2.902
0.810
3.287
3.403
1.259
1.338
1.342
0.595
0.598
0.352
0.148
0.155
0.325
12.445
12.453
10.038
10.045
5.114
1.774
1.857
4.024
4.045
0.535
0.394
0.399
1.668
1.668
0.305
0.306
0.156
0.156
0.147
0.150
0.101
0.085
0.124
0.127
0.128
0.345
0.812
0.814
0.123
0.098
0.400
0.405
2.359
2.372
3.386
3.392
1.937
0.904
0.927
13.857
14.626
2.365
1.677
6.362
6.551
1.578
3.360
3.543
4.111
2.219
2.328
2.953
8.868
8.882
1.569
4.633
4.808
2.963
2.966
1.292
2.340
2.340
1.665
0.926
1.250
5.001
8.485
8.517
16.979
17.657
5.283
7.446
7.695
7.796
10.322
10.615
5.350
2.734
6.706
6.706
5.243
5.474
4.135
4.135
4.113
4.175
3.378
3.384
3.090
2.621
2.638
7.892
7.988
9.474
9.519
23.508
27.722
19.694
7.559
6.034
6.322
6.322
3.504
3.509
2.680
19.317
21.738
15.126
4.791
6.256
14.556
16.865
42.606
44.651
14.363
12.771
6.012
21.067
23.040
8.011
8.102
4.135
3.321
4.552
4.552
3.540
2.924
2.940
4.389
15.828
16.250
10.472
5.319
4.241
4.246
2.826
15.839
17.425
6.222
6.260
4.127
3.068
3.847
20.617
20.641
16.746
9.147
3.899
7.746
7.903
7.395
7.419
3.709
3.709
2.446
2.446
0.546
2.607
3.306
3.519
3.890
7.172
7.176
8.862
9.236
5.460
5.975
6.306
5.773
5.344
3.965
1.834
1.989
2.586
7.599
7.612
13.991
13.995
4.936
4.936
1.439
1.400
1.400
0.984
1.989
2.865
3.673
3.746
8.372
8.587
5.924
5.310
5.310
2.541
2.558
2.702
6.353
6.383
5.153
2.018
2.136
2.248
2.283
1.308
0.842
0.781
0.856
1.024
1.024
1.204
1.207
0.447
0.400
0.476
0.485
0.944
2.278
2.316
1.744
1.893
4.566
16.711
16.713
0.345
0.849
0.864
0.511
0.512
0.153
0.159
0.125
0.018
0.254
0.260
0.217
0.538
0.541
0.318
0.186
0.413
0.431
0.285
0.293
0.470
0.480
0.659
0.663
0.969
0.978
0.760
0.726
0.204
0.169
0.608
0.616
0.233
0.067
0.104
0.123
0.131
0.128
0.077
0.066
0.122
0.192
0.193
0.497
0.737
0.773
0.401
0.194
0.194
0.027
0.215
0.415
0.470
0.476
0.219
0.035
0.191
0.206
0.137
0.425
0.426
0.007
0.007
0.046
0.103
0.132
0.335
0.344
0.185
0.191
0.340
0.340
0.188
0.178
0.114
0.101
0.329
1.072
1.073
0.182
2.657
7.445
7.461
0.198
0.262
0.426
0.427
0.070
0.281
0.453
0.461
1.102
1.689
1.734
0.930
2.293
2.329
1.010
1.103
1.119
0.435
0.474
0.645
0.680
0.336
0.036
1.111
1.151
0.819
0.407
0.201
3.256
3.272
0.984
1.691
1.693
0.284
2.410
5.446
5.557
1.717
0.276
0.542
1.289
1.291
0.723
0.749
0.759
0.736
4.711
4.752
1.529
1.540
1.409
1.424
1.232
1.668
1.673
4.095
4.132
1.772
1.802
0.684
1.939
1.957
2.590
2.591
0.577
0.577
6.159
7.519
7.525
3.349
3.366
4.012
4.146
4.157
0.513
0.971
0.972
4.241
4.339
4.289
2.594
0.477
1.219
1.220
0.549
0.272
0.273
0.679
3.711
3.715
1.706
1.735
0.606
2.005
2.005
2.010
1.884
3.164
3.378
2.695
1.769
1.771
1.034
0.639
0.758
6.059
6.062
4.703
2.235
2.235
0.503
0.290
0.291
0.819
0.824
1.006
1.010
2.247
3.373
3.378
5.566
6.117
6.949
6.583
3.532
3.416
4.077
5.261
6.023
6.026
5.224
5.126
5.136
2.069
1.645
4.355
4.386
4.308
11.870
12.010
9.636
9.501
8.824
6.300
27.578
27.671
30.511
33.506
6.264
6.279
12.118
14.518
6.926
5.022
4.665
4.784
4.789
15.920
67.523
73.042
35.828
20.878
20.902
15.435
19.937
28.841
57.014
59.481
16.133
3.183
8.921
9.099
22.594
23.351
7.543
15.098
16.814
3.745
2.852
5.129
5.135
3.029
3.029
2.627
2.627
4.035
7.519
7.525
2.928
2.928
2.970
2.971
1.916
3.500
4.555
4.578
4.745
4.829
3.828
7.827
16.750
29.695
29.787
10.736
11.445
11.468
3.595
13.768
15.585
13.360
2.300
3.157
3.329
4.574
4.963
7.526
7.530
1.558
1.558
5.785
10.013
14.693
14.695
2.152
2.152
2.025
3.145
5.253
5.325
3.085
4.509
4.674
5.585
10.062
10.382
3.560
3.576
4.250
4.259
2.335
3.440
4.509
4.515
5.123
5.170
4.468
4.471
3.193
5.655
7.316
7.373
1.395
2.336
2.351
2.514
2.516
0.812
1.406
1.410
0.182
0.100
0.068
0.274
0.284
0.247
1.032
1.051
1.765
1.765
0.645
1.369
1.389
1.245
0.276
1.111
11.546
11.548
0.124
0.407
1.685
1.687
0.990
0.991
0.175
0.362
0.494
0.634
0.637
0.120
0.120
0.135
1.430
1.456
0.840
0.709
0.606
0.403
0.289
0.282
0.295
1.623
1.973
1.992
0.218
0.165
0.454
0.477
0.563
1.493
1.505
0.185
0.143
0.567
4.151
4.151
0.105
0.110
0.118
0.107
0.105
1.001
29.191
31.373
18.036
0.222
7.689
8.082
4.866
0.129
0.213
0.213
0.046
0.048
0.075
0.176
0.182
0.136
0.140
0.147
0.871
0.904
0.378
0.470
0.485
0.175
0.179
0.105
0.018
1.636
1.659
0.172
0.049
0.102
0.102
0.251
0.803
0.827
0.537
0.373
0.385
0.449
0.456
0.335
0.330
0.428
0.429
0.101
0.131
0.168
0.282
0.288
0.208
1.109
1.113
0.343
0.349
3.098
3.131
0.623
0.428
0.582
0.592
0.406
0.234
0.236
0.026
0.243
0.244
0.131
1.007
1.027
1.002
0.816
0.700
0.716
1.861
1.869
2.124
6.221
6.361
4.499
0.189
0.488
1.061
1.088
0.260
0.939
6.891
6.969
3.414
0.667
0.672
0.852
0.865
0.908
0.950
0.963
0.476
0.478
1.517
2.560
2.616
1.048
1.561
11.549
11.557
4.902
1.710
1.032
1.090
1.010
33.316
34.056
10.837
0.423
0.179
0.147
2.657
3.385
3.386
0.798
1.589
1.598
0.333
0.954
0.955
0.521
0.217
0.182
0.543
0.642
0.872
1.470
2.150
2.204
1.286
0.822
1.805
3.416
3.416
1.495
1.514
1.185
1.189
0.990
0.994
1.151
1.277
1.277
1.333
2.872
13.084
13.086
0.415
0.897
0.897
0.583
0.636
6.473
6.473
1.380
4.465
4.465
0.816
1.122
8.213
8.221
5.161
14.927
15.341
3.676
1.312
22.559
23.813
1.769
2.150
15.200
15.262
6.978
7.332
4.314
4.399
2.610
1.743
11.454
14.164
10.095
8.575
3.455
2.318
2.165
2.311
4.545
8.138
8.245
16.175
16.183
4.069
3.769
5.873
12.452
12.560
11.485
7.378
7.163
11.918
12.298
11.845
6.307
12.872
12.885
8.840
9.065
11.504
12.354
10.209
12.484
24.345
26.128
16.109
18.276
20.732
15.561
15.570
23.871
23.927
21.121
22.394
15.302
15.479
6.255
14.223
14.672
5.227
3.967
6.134
11.193
19.353
19.684
6.666
18.737
18.743
4.790
8.941
9.665
10.355
10.783
10.925
20.266
20.459
29.589
29.612
6.415
17.192
19.228
12.072
7.396
7.401
3.895
10.099
12.322
13.948
11.427
3.353
4.670
43.069
43.274
51.659
111.481
116.132
39.223
2.123
5.673
5.673
0.635
0.635
1.339
1.339
0.199
0.131
0.529
0.529
0.044
3.269
3.437
1.220
2.678
2.715
2.727
2.478
1.731
1.575
1.575
6.613
21.595
21.707
2.179
4.220
4.447
5.525
5.574
1.441
0.475
0.200
1.241
2.180
2.470
3.315
3.466
0.607
0.392
0.336
0.336
0.177
0.713
4.673
4.684
1.818
0.196
0.886
0.898
0.490
0.977
0.996
0.253
0.449
0.453
1.973
1.971
0.502
0.502
0.099
0.099
0.636
0.800
1.381
1.460
1.448
1.449
0.410
0.015
0.009
0.401
1.399
5.202
5.222
0.703
0.296
0.085
0.083
0.080
0.132
0.136
0.135
0.137
0.088
0.089
0.108
0.149
0.157
0.065
0.121
0.121
0.014
0.015
0.142
1.462
1.506
0.570
0.515
0.181
0.077
0.033
1.156
1.156
0.101
0.055
0.004
0.304
0.390
0.399
0.207
0.209
0.034
0.006
0.019
0.031
0.323
0.342
0.302
0.024
0.024
0.081
0.087
0.081
2.110
2.145
0.981
0.983
0.138
0.099
0.149
0.149
0.092
0.226
0.226
0.097
0.098
0.040
0.070
0.077
0.087
0.078
0.211
0.219
0.130
0.171
2.615
2.625
0.294
0.138
0.232
0.239
1.112
1.558
1.458
0.822
0.822
0.263
0.141
0.143
0.115
0.042
0.048
0.052
0.175
0.175
0.143
0.427
0.430
0.734
0.734
0.349
2.926
2.936
1.535
0.792
0.452
0.466
1.543
1.543
0.089
0.246
0.247
0.228
0.228
0.226
0.280
0.413
0.424
0.325
0.173
0.165
0.496
0.746
0.747
0.018
0.138
0.297
1.571
1.577
4.190
4.275
6.247
6.274
1.353
0.715
0.445
0.887
0.931
0.718
0.728
0.802
0.802
0.553
2.385
7.297
8.167
6.037
0.797
0.816
3.783
3.785
1.238
0.433
0.268
0.687
0.967
0.967
0.597
1.177
2.722
4.467
4.505
2.544
2.624
3.523
7.017
8.899
8.910
4.977
3.046
1.911
3.973
4.018
5.565
9.547
9.706
9.689
4.651
4.496
4.422
6.439
6.451
2.597
2.078
2.862
6.129
6.133
5.324
6.370
7.542
10.690
10.735
3.181
5.239
5.239
7.819
7.864
7.419
7.428
2.381
7.059
7.087
0.296
0.766
1.987
3.536
3.536
2.478
8.315
10.703
10.745
4.058
4.065
3.919
2.471
4.239
4.337
4.149
7.828
9.370
23.369
27.716
19.171
7.104
24.841
26.665
17.605
3.996
4.121
10.758
45.014
45.089
7.518
5.048
2.711
2.844
5.727
14.909
63.256
63.653
5.987
0.904
1.502
3.989
4.277
14.914
14.932
5.762
5.762
6.585
8.744
9.429
21.183
21.782
12.198
8.231
5.589
5.595
5.232
2.952
3.116
3.116
4.835
4.835
3.400
3.400
3.236
5.214
5.265
6.895
8.058
28.612
28.618
11.301
4.715
12.748
12.792
4.532
5.429
8.179
8.520
11.035
11.541
14.720
15.017
7.894
3.489
8.311
8.349
6.023
2.621
8.258
10.308
9.724
3.022
2.435
2.441
4.857
6.368
6.378
3.346
3.349
2.730
1.947
1.601
2.242
4.546
4.549
3.099
3.099
2.162
2.942
2.942
4.469
10.000
10.012
4.164
2.368
1.893
0.330
3.104
3.136
6.444
6.466
5.878
5.921
3.242
3.159
1.930
2.493
3.021
3.121
2.516
1.732
0.754
3.031
3.604
31.475
87.744
93.888
12.943
0.445
0.095
0.078
0.010
0.043
0.121
0.183
0.201
0.204
0.101
0.100
0.120
0.120
0.294
0.300
0.806
0.819
0.572
0.479
0.138
0.205
0.206
0.181
0.065
0.159
0.356
0.361
0.752
0.763
0.709
0.710
0.025
0.026
0.121
0.325
0.692
0.705
0.094
0.094
0.007
0.022
0.087
0.310
0.311
0.401
0.402
0.191
0.299
0.316
0.242
0.161
0.146
0.148
0.250
0.294
0.408
0.423
0.095
0.008
0.197
0.197
0.134
0.103
0.114
0.139
0.866
0.904
0.665
0.286
0.377
0.377
0.223
0.044
0.046
0.104
0.144
0.152
0.104
0.238
0.251
0.213
0.145
0.626
0.778
0.799
0.443
0.287
0.149
0.005
1.750
1.828
1.154
1.162
0.605
0.634
0.650
0.390
0.901
0.930
1.016
1.043
0.686
8.466
9.289
4.536
0.502
0.575
0.634
0.606
0.639
0.660
0.362
0.820
1.044
0.941
0.228
0.239
0.370
0.657
0.666
0.451
0.460
0.334
0.284
0.290
0.244
0.681
0.712
0.725
0.746
0.275
0.749
1.596
1.615
0.461
0.643
0.650
0.646
0.659
0.911
1.512
1.807
1.831
7.259
7.291
0.978
0.999
0.822
1.037
1.052
0.651
0.333
0.253
12.469
12.479
0.423
0.370
1.152
1.154
0.260
0.260
0.079
0.326
0.330
0.417
0.417
0.142
0.149
0.103
0.043
2.234
2.235
2.120
2.120
0.299
1.256
5.235
5.292
1.905
1.422
0.522
1.479
1.496
1.064
4.453
8.542
8.553
3.055
3.797
5.177
5.322
3.536
1.880
2.194
2.197
0.382
1.441
3.182
3.193
1.330
3.068
3.077
0.985
1.070
1.214
2.618
3.009
4.767
4.835
6.213
37.226
39.872
10.725
10.847
10.861
4.011
6.242
28.745
29.141
25.716
4.017
3.485
3.496
4.634
4.680
0.767
1.833
4.323
10.300
12.064
12.098
6.957
9.960
11.222
10.824
5.695
5.695
5.504
3.239
4.778
10.824
10.870
8.674
40.346
45.159
42.444
12.069
10.611
10.703
10.334
7.816
7.833
5.383
5.213
5.234
10.691
10.717
8.519
32.216
34.100
16.574
8.682
7.059
9.725
9.725
6.127
7.647
8.012
6.011
5.681
8.540
8.540
6.943
6.999
5.067
2.945
4.603
4.616
3.547
3.572
2.834
2.709
4.036
21.687
23.448
19.379
17.820
15.115
2.497
8.269
12.782
13.108
8.962
10.213
9.973
6.547
3.756
3.765
3.511
3.176
3.579
3.584
4.757
5.079
7.793
7.974
1.903
1.917
1.672
2.207
3.285
7.200
7.458
7.150
38.508
39.111
15.477
5.696
2.398
4.741
8.669
28.012
30.223
11.911
13.453
13.922
2.779
0.968
4.803
5.671
5.759
6.496
7.582
7.595
5.571
17.207
17.557
8.288
2.005
2.055
0.887
0.999
1.280
1.299
0.787
0.788
0.443
0.616
1.189
1.320
1.320
0.586
0.307
3.812
3.828
2.758
3.580
1.535
0.833
0.836
0.348
0.638
0.638
0.384
0.387
1.316
3.969
4.173
3.414
2.004
2.035
1.273
0.791
0.793
0.364
0.212
0.349
0.912
0.912
0.018
0.338
0.919
0.922
0.755
0.585
0.585
0.719
1.245
2.128
2.139
1.030
0.443
0.446
1.625
2.417
2.515
1.156
0.680
0.416
1.281
1.349
0.780
0.507
0.386
0.600
0.614
0.352
0.246
0.028
0.040
0.391
0.406
0.104
0.366
0.366
0.498
0.536
0.517
0.057
0.055
0.057
0.004
0.002
0.013
0.013
0.030
0.031
0.004
0.002
0.035
0.779
0.799
0.412
0.361
0.365
0.166
17.731
18.309
3.262
0.373
0.494
0.494
0.116
0.218
0.491
0.503
0.148
0.058
0.322
0.346
0.348
0.074
0.210
0.210
0.119
0.120
0.249
0.636
0.765
0.802
0.697
0.037
0.037
0.005
0.004
0.008
0.011
0.083
0.283
0.352
0.355
0.448
0.462
0.378
0.060
0.083
0.085
0.216
0.646
0.659
0.162
0.108
2.606
2.987
1.549
2.890
2.892
6.342
6.731
3.489
1.567
1.758
7.133
7.271
0.737
0.295
0.494
0.504
0.157
0.216
2.701
2.707
1.241
1.255
0.946
0.638
0.187
0.334
1.498
2.711
2.723
2.447
1.812
1.832
0.570
1.428
1.470
3.314
3.342
1.436
5.652
5.665
0.695
1.147
1.845
1.846
1.263
1.325
1.334
0.516
0.218
0.234
0.462
0.815
0.819
2.226
2.228
1.578
1.101
8.228
8.504
6.126
2.776
2.778
5.665
5.665
2.295
2.297
4.732
4.733
3.082
14.652
14.654
5.921
2.488
2.696
1.784
1.746
2.323
3.630
6.788
6.798
1.621
1.637
4.417
8.343
8.356
8.191
0.964
1.624
1.926
9.791
9.935
4.145
1.811
1.708
5.427
5.446
3.130
2.931
9.525
11.089
7.693
5.120
5.123
7.175
7.212
6.092
5.709
7.027
9.446
9.867
7.786
6.197
6.231
4.066
5.064
7.634
7.638
3.404
3.404
3.990
4.967
4.976
8.291
8.999
9.947
10.836
6.825
7.950
7.950
1.609
4.049
4.049
3.556
3.299
3.303
7.899
7.900
2.962
3.286
3.286
2.541
2.024
4.193
4.193
3.606
5.337
5.380
3.106
2.204
12.619
12.952
7.786
6.419
3.496
8.237
16.820
17.517
2.738
2.331
21.885
25.189
22.043
25.206
16.987
17.500
17.513
8.522
8.600
7.836
7.910
2.565
2.523
3.848
3.854
2.706
2.718
1.802
2.736
5.918
6.370
3.292
5.607
5.607
32.102
36.824
28.187
8.197
8.368
18.702
21.377
21.402
3.188
6.633
6.847
12.338
14.854
14.353
3.170
3.170
3.105
2.696
8.609
33.433
33.777
4.345
4.410
4.462
10.843
10.877
10.424
7.583
4.964
2.526
1.410
2.640
2.646
1.394
1.676
1.683
2.832
2.839
2.312
1.295
0.998
2.005
2.008
1.658
6.678
6.719
5.301
5.632
5.643
36.279
36.877
6.332
6.235
18.956
19.008
4.140
1.623
0.643
0.364
0.370
0.273
0.336
0.342
0.410
0.860
1.105
1.105
0.940
1.150
2.096
2.096
2.916
2.921
0.615
0.262
0.547
0.560
1.218
1.303
1.281
0.759
0.258
0.229
0.245
0.175
0.177
0.180
0.134
0.023
0.028
0.120
0.351
0.354
0.318
0.664
0.665
0.535
0.489
0.363
0.370
0.114
0.081
0.351
0.368
0.163
0.092
0.197
0.203
0.077
0.101
0.181
1.093
1.446
1.474
1.165
0.296
0.277
0.111
0.053
0.169
0.612
0.618
0.133
0.063
0.244
0.248
0.107
0.113
0.113
0.024
0.052
0.135
0.183
0.188
0.186
0.146
0.139
0.108
0.108
0.100
0.059
0.059
0.125
0.449
0.822
0.826
0.434
0.392
0.212
0.212
0.129
4.137
8.570
8.593
3.040
3.055
9.055
9.057
0.249
0.426
0.689
0.699
0.528
1.946
11.952
11.960
0.204
0.084
0.084
0.038
0.170
0.175
0.223
0.356
1.097
5.567
5.573
0.255
4.825
5.024
4.341
0.058
0.484
0.484
0.281
0.655
0.676
1.602
1.701
0.772
0.207
0.208
2.698
2.726
0.764
0.801
0.808
3.053
3.140
1.293
1.009
1.931
2.009
0.907
0.607
0.471
0.222
0.266
0.266
0.386
2.147
2.147
0.611
0.612
0.365
0.313
1.225
1.890
5.030
6.270
6.272
0.645
0.647
0.557
1.135
1.923
1.960
2.817
5.947
5.979
2.739
0.087
0.221
0.417
0.847
2.805
2.945
2.955
3.168
3.168
0.593
1.005
1.236
3.290
5.242
5.244
0.406
0.751
3.081
3.091
2.030
6.605
7.236
7.257
2.035
9.614
9.700
1.082
2.161
8.381
8.383
1.722
2.229
3.138
3.491
3.594
6.558
6.852
2.730
1.318
2.779
2.779
4.514
5.868
22.443
22.556
15.936
5.004
3.062
1.689
5.579
5.604
5.025
5.037
4.937
3.042
4.097
4.863
4.866
4.443
2.814
4.071
9.229
9.233
4.140
3.341
3.677
3.677
6.419
6.585
6.473
3.742
8.409
9.110
8.510
4.588
8.586
9.074
6.621
5.523
6.513
6.527
2.908
1.998
4.443
4.450
4.320
12.979
56.050
58.655
6.454
8.586
16.988
17.139
5.698
9.836
9.843
8.553
7.968
4.704
4.704
13.600
15.159
5.375
1.599
5.810
18.501
23.679
38.266
41.003
39.759
30.989
4.283
25.811
27.048
26.147
20.126
8.652
8.744
6.599
8.718
9.461
4.682
2.095
2.650
2.650
1.960
5.735
21.766
24.073
9.934
9.958
5.962
2.940
2.920
3.268
3.775
17.904
23.817
24.725
14.501
3.934
2.920
1.525
3.350
3.355
3.258
3.258
1.747
1.028
2.941
2.944
6.874
7.028
6.781
3.082
0.935
1.298
1.903
2.034
2.619
3.227
3.233
2.696
1.890
1.906
2.892
3.937
3.940
1.514
3.872
4.445
4.515
23.711
35.640
36.109
11.020
1.928
1.125
1.028
0.656
0.388
0.868
0.975
0.975
2.972
2.980
4.783
4.822
2.712
1.269
1.221
1.224
0.102
0.135
0.137
7.267
7.411
0.998
0.248
1.255
1.296
0.957
0.968
0.763
0.380
0.757
0.788
1.160
1.210
0.636
0.640
0.272
0.274
0.084
0.134
0.138
0.110
0.127
0.129
0.095
0.115
0.626
2.905
2.919
0.524
0.543
0.402
0.335
2.404
2.492
0.607
0.220
0.013
0.240
1.078
1.105
0.570
0.110
0.039
0.421
0.528
0.528
0.116
0.151
0.196
0.206
0.151
0.138
0.564
0.568
0.231
0.304
0.306
0.004
0.008
0.052
0.365
0.612
1.142
1.183
0.700
0.417
0.220
0.868
0.871
0.784
0.704
0.710
0.442
0.187
22.958
24.351
1.706
0.106
0.117
0.117
0.017
0.111
0.114
0.125
0.153
0.192
0.195
0.199
0.172
0.025
0.020
0.001
0.001
0.002
0.028
0.034
0.429
0.442
0.381
0.097
0.097
0.019
1.879
10.821
10.830
8.068
11.501
11.505
0.380
0.554
0.571
0.308
0.890
0.922
0.544
0.554
0.739
1.751
1.863
2.665
2.665
0.619
0.210
0.993
28.899
29.106
0.670
0.258
0.348
2.237
2.502
2.258
0.985
0.459
0.611
1.003
1.041
0.686
0.702
0.719
1.329
1.352
0.505
2.202
2.245
1.434
1.440
0.677
1.116
1.162
1.067
0.649
0.963
0.976
0.607
0.636
0.636
3.335
3.351
2.742
2.743
0.572
2.776
2.787
2.139
2.004
2.038
0.825
0.699
1.238
1.239
0.291
0.309
0.734
0.734
1.097
1.097
0.365
3.179
3.265
4.498
4.498
0.700
2.035
2.047
1.212
1.212
0.495
0.487
1.217
1.219
2.030
9.002
9.007
3.625
4.348
4.355
1.641
3.868
3.890
0.346
0.195
0.224
2.967
4.100
6.369
6.386
1.556
3.400
3.531
5.922
6.007
3.910
7.082
7.086
4.717
4.721
5.905
8.126
8.320
2.882
2.213
1.918
1.836
1.944
1.975
3.391
3.684
5.145
6.464
6.474
5.539
8.895
8.895
4.336
22.535
23.525
26.007
24.177
25.304
12.099
12.291
7.879
4.513
6.641
6.646
5.322
18.426
31.591
32.268
7.419
13.019
45.524
46.020
17.986
10.547
15.038
15.190
20.583
20.632
19.123
7.290
21.421
43.036
43.389
22.474
13.667
12.393
12.490
28.871
29.529
4.341
4.569
8.544
26.967
27.583
18.264
19.171
8.121
6.155
6.155
3.808
4.708
4.708
10.351
13.826
13.882
8.560
13.603
13.684
3.231
1.392
1.182
2.660
10.528
10.557
11.134
11.224
3.050
2.188
5.343
7.102
8.012
6.310
66.536
67.403
5.505
4.547
5.638
3.036
5.729
5.758
4.366
4.309
4.337
2.111
8.250
14.337
14.515
4.669
7.462
7.527
7.402
4.582
2.300
1.690
3.168
7.819
7.819
5.253
6.007
6.052
4.915
3.585
2.740
3.058
3.210
3.229
2.107
2.782
8.095
8.812
8.470
1.656
1.573
2.820
3.650
3.665
2.385
2.547
2.556
0.615
0.373
0.386
0.343
7.132
56.988
57.230
1.115
0.935
0.632
0.465
1.036
1.067
0.465
0.408
1.216
1.221
0.887
0.184
1.682
13.258
37.675
38.715
15.208
0.777
0.132
1.050
1.072
0.402
0.218
0.218
0.379
0.563
0.789
1.186
1.213
0.463
0.523
0.806
0.811
0.155
0.058
0.156
0.622
0.810
0.838
0.830
0.180
0.180
0.097
0.098
0.057
0.228
0.902
0.910
0.784
0.391
0.183
0.054
0.134
0.361
0.392
0.327
0.201
0.201
0.299
0.311
0.228
0.191
0.015
0.038
0.044
0.094
2.766
2.780
0.137
0.167
0.169
0.104
0.147
0.206
0.217
0.173
0.107
14.167
15.752
13.262
0.022
0.080
0.164
0.175
0.204
0.208
0.316
0.397
0.398
0.103
0.103
0.002
0.192
0.207
1.319
1.346
0.145
0.090
0.091
1.457
1.470
0.092
0.239
0.254
8.101
8.316
7.016
0.377
0.390
0.158
0.190
0.377
0.670
0.688
0.379
0.384
0.504
1.098
1.125
0.654
0.031
0.032
0.169
0.303
0.303
0.574
0.574
0.549
0.560
0.560
3.476
3.586
1.692
0.368
1.182
1.210
0.295
0.263
0.750
0.762
0.382
0.272
0.281
0.419
0.428
0.290
0.481
1.365
2.202
2.204
0.089
4.836
4.836
1.239
1.258
0.728
1.118
1.127
0.581
0.668
2.566
6.278
6.327
2.178
2.242
1.276
0.270
0.106
0.283
0.283
0.186
0.324
3.792
3.797
6.764
7.100
1.253
1.216
2.609
3.691
3.691
5.198
5.198
4.011
1.637
1.414
6.255
6.265
4.613
4.230
4.250
3.226
0.569
5.197
7.100
7.108
4.674
3.744
2.534
2.950
4.221
4.235
2.033
1.050
1.066
0.388
1.058
1.740
1.740
1.215
1.223
1.219
9.884
10.354
5.358
2.254
1.940
2.383
2.587
5.436
7.791
9.210
9.218
22.175
22.183
10.931
11.820
8.983
4.025
3.461
3.468
4.382
4.515
3.727
4.078
4.196
4.211
7.498
7.530
3.210
8.136
8.187
5.162
6.545
6.953
6.982
11.082
11.978
8.213
3.778
7.760
11.955
13.948
13.804
13.827
14.458
14.512
7.989
8.009
3.172
1.135
2.337
3.437
5.707
5.827
9.759
10.385
6.103
20.751
26.811
56.572
60.381
29.117
51.064
52.291
29.663
7.219
14.230
14.874
5.330
24.529
24.535
10.293
10.311
8.256
8.342
3.558
13.378
14.525
8.281
8.655
10.102
10.311
5.539
5.011
4.725
4.731
6.447
6.670
5.654
5.657
6.548
7.048
6.913
6.929
2.084
3.403
3.403
2.739
3.264
5.518
5.521
5.188
9.041
9.047
5.414
0.633
4.379
4.423
2.440
2.358
4.332
4.335
2.273
4.646
7.083
7.117
2.918
3.951
4.011
2.043
1.885
1.806
2.281
6.737
6.752
6.518
6.522
1.368
1.613
3.864
3.868
3.672
4.482
4.486
3.845
3.849
1.678
2.081
3.054
4.083
4.343
2.002
6.646
19.226
19.328
1.532
3.312
3.312
4.532
4.535
2.935
25.799
25.839
4.381
0.741
2.054
2.064
0.853
7.522
7.640
0.287
0.210
0.213
0.349
0.368
0.358
0.497
0.643
1.267
1.273
1.365
1.369
0.204
0.176
0.204
0.207
0.468
0.747
0.768
0.481
0.252
0.476
0.627
0.644
0.642
0.980
1.100
1.309
1.713
1.751
0.541
0.424
0.175
5.619
5.760
1.061
1.287
1.287
3.425
3.425
0.460
0.860
0.860
0.677
0.537
0.256
0.534
0.536
0.155
0.155
0.075
0.078
0.031
0.028
0.027
0.027
0.012
0.297
0.300
0.729
0.730
0.372
0.268
0.013
0.147
2.025
2.054
0.512
0.486
0.256
0.410
0.431
0.235
0.002
0.002
0.003
0.263
0.268
0.427
0.432
0.213
0.132
0.240
0.279
1.208
1.227
1.485
1.504
0.201
0.019
0.019
0.088
0.395
3.557
3.613
1.212
0.363
2.945
4.332
19.750
19.750
0.132
0.392
0.399
3.632
3.643
1.916
22.869
23.648
3.264
0.318
0.730
1.565
1.580
0.561
0.462
0.249
0.155
0.059
0.787
0.802
0.979
4.390
4.467
4.711
4.714
0.251
0.205
4.456
5.885
5.913
0.160
0.405
0.434
0.657
0.664
0.526
0.548
0.311
0.717
0.719
0.250
0.163
0.288
0.288
1.076
4.248
4.250
1.075
0.278
0.262
0.508
0.540
1.953
8.558
8.558
1.182
1.212
0.768
5.771
5.775
1.229
1.261
1.215
0.933
0.535
0.540
0.247
0.348
0.524
0.525
0.399
1.051
1.594
1.597
0.490
0.506
0.209
0.111
0.061
0.109
0.314
0.314
0.182
0.178
0.196
1.242
1.242
1.242
0.927
0.587
2.028
3.712
4.787
4.793
3.730
4.543
5.623
5.624
4.420
4.421
5.048
5.141
3.014
1.080
4.992
6.769
4.330
1.857
1.954
1.955
1.804
1.889
4.136
4.748
1.797
1.981
1.981
3.221
4.846
5.154
1.736
1.923
2.009
1.687
1.113
1.693
2.009
2.021
0.688
2.754
4.875
4.886
3.842
4.586
4.991
2.448
2.876
2.876
2.415
2.421
1.321
1.294
6.218
13.425
14.696
3.703
6.746
6.957
8.939
35.250
35.688
5.202
1.210
0.983
3.692
3.725
4.009
4.596
4.612
2.714
4.485
4.485
3.997
2.492
3.351
9.824
28.559
29.237
15.798
15.915
9.065
18.332
20.872
15.083
3.997
2.640
36.469
38.796
7.046
2.847
2.889
2.942
2.969
2.529
2.630
2.630
1.575
1.490
1.856
5.362
10.183
10.188
8.064
12.924
25.437
25.446
11.527
11.527
5.721
5.759
2.688
4.420
6.515
7.022
6.912
8.423
12.350
12.857
5.257
6.912
11.126
23.581
23.595
5.615
3.683
1.765
0.301
0.971
2.616
2.873
2.881
2.746
4.181
7.230
7.677
1.882
1.840
3.043
3.045
1.080
1.557
1.557
2.796
2.800
2.564
5.029
5.140
3.714
3.140
12.411
12.530
3.288
1.763
1.753
1.609
2.940
2.942
1.413
0.679
0.686
2.895
14.226
14.340
8.789
3.132
2.968
2.972
0.823
0.823
0.306
0.201
0.069
0.160
0.288
0.288
0.069
0.590
1.290
27.326
27.633
12.735
0.878
0.805
0.695
2.478
2.506
0.366
2.021
2.154
0.915
0.456
0.278
0.088
0.113
0.117
0.078
0.113
0.115
0.072
0.043
0.013
0.050
0.087
0.088
0.080
0.314
1.110
1.134
0.514
0.264
0.110
0.796
0.799
0.617
0.383
0.358
0.157
0.152
0.169
0.282
0.293
0.161
0.209
0.275
0.278
0.146
0.585
0.605
0.134
0.151
0.161
0.175
0.187
0.081
0.111
0.115
0.116
0.120
0.109
0.113
0.118
0.527
0.531
0.239
0.446
0.447
0.030
0.260
0.260
0.038
0.047
0.063
0.064
0.030
0.066
0.094
0.105
0.115
0.136
0.145
0.090
0.037
0.625
0.868
0.910
0.219
0.025
0.135
0.136
0.021
0.024
0.204
0.205
0.139
0.134
0.109
0.072
0.053
0.005
0.005
0.001
0.007
0.056
0.056
0.825
2.289
2.303
0.004
0.316
0.321
0.781
1.473
1.473
0.031
0.193
3.979
4.974
5.114
1.221
1.228
0.264
0.817
0.860
0.677
0.726
1.530
1.572
1.455
1.383
0.413
0.274
0.282
0.219
0.497
2.399
2.417
0.627
0.182
0.119
31.879
34.255
17.146
0.452
0.948
15.657
15.720
2.151
2.159
0.241
0.347
1.640
1.940
1.964
0.532
0.818
1.242
1.245
0.571
0.739
0.741
0.273
2.742
5.641
5.641
0.715
2.069
2.565
2.570
1.002
1.200
1.208
1.158
0.267
0.235
0.140
0.075
0.079
0.785
23.500
25.858
11.754
0.791
1.178
1.181
1.518
1.530
2.139
2.147
0.525
0.168
0.169
0.282
3.190
4.480
4.485
0.573
0.731
1.254
1.270
1.366
7.072
7.129
5.634
4.297
4.297
0.601
0.650
0.650
1.195
4.437
4.621
5.412
5.423
1.643
2.327
3.823
3.826
6.334
9.640
10.064
6.979
7.041
5.533
8.048
8.069
8.666
8.666
6.922
4.500
4.530
5.017
32.095
32.125
10.017
7.286
3.048
3.057
2.633
2.650
2.193
2.218
8.709
8.717
3.006
3.069
9.589
16.922
20.432
34.635
34.771
13.802
8.709
8.735
4.929
1.366
2.130
11.091
11.283
7.394
7.465
7.553
7.557
4.044
4.073
10.251
10.418
6.446
6.742
4.052
4.152
13.589
15.682
9.951
2.786
4.470
9.809
15.047
16.242
10.702
3.927
1.972
2.097
2.381
2.382
4.235
4.239
3.959
3.967
3.585
2.232
5.160
5.179
4.071
1.084
0.852
1.706
2.403
2.996
2.996
0.852
1.276
2.932
2.932
1.571
1.442
2.726
6.742
10.059
40.639
41.538
6.771
5.886
3.098
3.098
2.701
2.239
1.936
1.380
0.960
0.771
3.205
10.128
37.636
37.756
22.667
23.438
8.214
1.777
3.127
3.808
3.808
3.418
16.977
16.977
8.682
15.149
19.693
20.683
18.240
16.584
2.050
0.690
0.642
1.155
1.156
1.221
3.182
3.198
2.222
0.312
1.529
2.346
2.346
1.900
1.903
2.897
2.908
0.969
0.897
1.451
1.451
0.416
0.417
1.508
5.307
5.341
1.021
0.371
0.374
0.347
0.305
0.084
0.059
0.066
0.255
0.496
0.502
0.688
1.030
1.032
1.454
1.460
0.325
0.223
2.631
2.770
2.518
0.297
0.308
0.319
0.342
0.717
1.141
1.830
1.878
0.917
1.430
1.562
1.569
0.866
0.597
0.316
0.224
0.147
0.106
0.159
0.160
0.008
0.006
0.143
0.159
0.552
1.694
1.733
0.312
10.239
10.276
0.227
0.028
0.007
0.034
0.034
0.026
0.026
0.023
0.116
0.247
0.250
0.095
0.065
0.293
0.959
0.967
0.221
0.019
0.039
0.085
0.087
0.044
0.002
0.101
0.119
0.136
0.143
0.055
0.156
0.172
0.311
0.418
0.787
0.815
0.457
0.468
0.174
0.116
0.119
0.399
0.402
0.054
0.005
0.005
0.003
0.002
0.006
0.006
2.117
2.134
1.901
0.454
0.598
4.015
4.078
8.711
8.773
1.163
0.563
0.543
13.167
13.211
3.651
20.178
20.190
0.841
0.849
0.434
0.233
0.235
0.094
0.124
0.388
1.743
14.457
14.477
0.751
0.617
9.264
9.310
0.545
0.643
1.502
1.810
1.838
0.699
0.704
0.625
0.630
0.501
2.056
4.323
4.354
1.951
1.987
0.341
0.004
0.652
2.895
2.920
0.593
0.760
0.764
1.055
1.074
0.430
0.172
0.227
0.228
0.232
0.723
0.723
0.875
1.594
1.603
1.309
1.315
3.379
3.463
3.087
3.088
1.977
1.977
0.282
0.356
1.514
1.808
1.808
2.597
2.597
1.576
3.652
19.800
20.289
9.000
4.193
0.610
0.131
0.054
0.031
0.311
1.201
1.381
9.364
9.364
0.814
2.408
4.220
4.254
4.469
5.031
5.042
2.490
20.303
20.346
2.007
6.115
7.678
7.678
7.008
9.426
9.832
1.697
2.236
5.327
5.327
1.471
0.313
0.316
0.539
0.833
1.656
5.261
5.309
5.289
5.376
3.865
5.597
12.918
13.019
4.717
4.322
6.589
8.283
8.832
24.656
24.777
7.320
7.402
9.222
9.222
4.452
5.934
5.954
4.654
3.730
4.996
5.078
5.078
3.923
5.746
6.508
4.348
3.398
5.193
5.193
3.147
3.622
3.645
9.929
15.821
17.050
18.187
18.324
8.249
8.326
11.715
11.720
19.237
39.411
41.910
24.732
26.335
23.083
26.308
26.997
19.292
19.557
29.290
30.715
11.953
22.443
24.926
12.853
2.388
2.388
1.830
1.830
0.861
2.719
2.719
7.628
14.277
14.513
12.882
24.330
24.510
22.651
8.020
8.413
7.018
1.163
1.944
4.819
5.433
4.663
3.045
3.958
3.982
4.715
5.254
5.273
4.357
5.480
7.788
14.130
34.602
44.093
46.828
15.495
15.693
18.244
15.504
1.505
2.223
2.533
4.334
4.366
2.906
5.520
5.520
6.023
6.023
1.707
0.894
8.884
19.560
20.346
5.713
4.213
4.235
2.978
1.488
1.489
0.620
1.701
1.706
1.345
1.687
7.127
9.581
18.756
20.234
3.958
4.168
1.017
0.756
1.701
1.703
0.174
0.178
0.519
1.173
1.371
1.615
1.632
0.279
0.282
0.291
0.353
0.496
0.626
1.083
2.048
2.272
1.376
0.227
1.239
1.351
1.185
1.795
1.814
0.265
0.287
0.578
0.580
0.151
0.151
0.081
0.084
0.056
0.058
0.257
0.262
0.266
0.266
0.297
0.297
0.028
0.001
0.001
0.061
0.403
0.411
0.275
1.420
1.420
0.029
0.029
0.292
0.371
0.372
1.259
1.269
0.392
0.302
0.321
0.336
0.139
0.101
0.036
0.172
0.176
0.066
0.010
0.014
0.015
0.017
0.018
0.019
0.033
0.049
0.079
0.091
0.154
0.159
0.293
0.299
0.156
0.291
0.308
0.159
0.123
0.187
0.334
0.335
0.147
0.147
0.012
0.012
0.245
1.972
2.044
0.876
0.258
1.895
5.588
5.606
2.829
2.845
0.384
0.870
1.113
1.306
1.327
0.313
0.208
0.445
0.462
0.311
0.243
0.443
1.708
1.717
0.345
0.625
0.699
0.716
0.313
0.315
0.293
0.435
4.655
4.677
1.817
0.333
0.052
0.689
1.239
1.419
1.431
0.515
0.204
0.134
0.240
0.941
6.049
6.180
2.844
0.369
1.054
1.141
0.604
0.789
1.164
1.165
0.500
0.794
0.794
0.812
1.120
2.827
2.829
0.332
0.366
0.366
1.033
1.043
0.840
0.598
0.607
2.575
2.585
0.622
0.922
3.152
3.211
2.682
4.445
4.451
9.795
9.799
0.115
0.154
0.240
2.146
8.441
8.667
8.670
1.356
1.253
0.789
0.462
0.079
0.363
0.532
0.647
0.830
1.219
1.219
1.748
1.754
1.321
0.875
4.933
4.982
2.256
6.443
8.744
8.868
6.446
7.165
7.172
2.793
3.938
4.212
4.285
9.116
9.117
5.658
3.299
2.810
3.951
4.309
5.177
5.180
4.879
4.884
4.838
3.014
4.795
4.795
5.283
5.301
9.461
9.510
8.809
8.816
5.849
8.865
10.214
10.289
5.085
4.287
3.489
3.568
7.668
8.283
13.991
14.718
8.235
8.250
10.065
11.605
11.855
9.469
7.299
5.890
5.998
4.746
6.199
6.952
7.068
3.732
13.144
13.294
20.894
22.930
6.578
11.685
17.456
17.460
6.850
5.504
5.508
4.249
6.496
7.837
11.172
16.153
16.770
20.553
21.390
19.022
10.425
16.093
16.119
35.512
37.052
22.542
6.341
15.088
15.179
3.045
3.830
5.422
5.430
8.225
8.573
6.644
6.817
6.779
5.895
16.518
16.518
3.110
6.168
6.527
11.224
12.259
12.784
50.025
53.120
20.225
5.215
28.498
29.178
2.302
2.237
2.278
1.764
7.583
8.238
13.398
27.349
27.849
10.620
3.741
2.260
1.944
4.449
5.288
5.301
2.886
1.182
1.530
1.995
2.247
2.977
3.706
7.477
7.677
3.700
3.655
3.157
3.681
3.687
1.892
1.117
4.520
4.520
4.087
3.448
2.583
1.550
15.904
17.879
17.182
0.267
1.633
1.637
1.311
3.370
3.442
3.235
2.075
1.243
1.490
1.501
1.116
2.758
2.759
0.743
0.207
0.162
0.890
0.892
0.336
0.344
0.287
0.292
0.130
0.160
0.686
2.757
2.802
0.690
0.693
0.460
0.386
0.276
0.662
2.861
2.864
0.403
0.254
0.006
0.094
0.094
0.175
0.493
0.497
0.263
0.215
0.216
0.077
0.140
0.632
1.028
1.051
0.575
0.445
0.536
0.537
0.095
0.020
0.006
0.001
0.003
0.024
0.040
0.042
0.066
0.068
0.128
0.135
0.392
0.392
0.163
0.443
0.447
0.264
0.167
0.171
0.014
0.005
0.002
0.006
0.046
0.059
0.273
0.473
0.715
1.167
2.988
2.989
0.514
0.530
0.764
1.133
1.161
0.810
0.095
0.545
0.792
0.803
0.280
0.260
0.279
0.311
0.317
0.144
0.146
0.067
0.010
0.007
0.051
0.064
0.024
0.028
0.028
0.001
0.001
0.007
0.052
0.052
0.303
0.305
0.072
0.100
0.721
0.720
0.908
0.909
0.587
0.164
0.190
0.193
0.573
0.575
0.153
2.039
2.045
0.041
0.106
0.166
0.239
0.240
0.246
0.251
0.384
1.229
1.229
2.283
6.172
6.341
2.228
2.260
1.665
1.665
0.054
0.054
0.222
0.758
0.770
0.517
0.314
0.193
0.234
0.747
0.757
0.416
0.416
0.214
0.759
2.303
3.632
3.634
3.767
3.770
3.357
3.358
2.934
5.451
7.270
7.289
2.132
2.590
2.592
1.574
1.574
0.983
1.055
1.133
1.138
1.570
1.579
1.130
2.176
2.200
0.640
0.618
1.942
2.378
2.385
2.011
4.551
4.552
3.887
2.571
5.237
5.320
0.604
0.375
0.139
0.130
1.002
2.629
2.629
2.946
3.256
6.715
6.734
4.302
2.387
0.898
1.180
1.188
2.005
2.305
9.885
23.416
23.435
3.939
1.830
1.830
0.575
0.590
0.850
1.689
3.300
12.369
12.406
8.664
36.238
62.141
62.145
1.611
5.171
5.182
5.724
5.729
7.735
7.762
2.084
5.086
6.808
6.831
2.274
1.305
5.277
8.039
8.233
6.044
4.857
4.763
4.853
1.834
1.873
1.963
1.967
2.189
2.189
3.704
3.774
3.774
3.396
12.358
12.385
13.374
14.025
14.188
24.159
24.193
11.786
11.909
3.147
2.703
1.855
2.003
2.383
3.108
6.852
6.852
3.073
10.947
10.967
1.386
4.396
4.396
3.799
2.013
13.517
13.522
0.932
2.516
48.751
53.621
50.379
12.555
19.506
20.686
5.748
20.023
26.389
26.406
44.960
48.064
20.795
15.267
6.503
7.258
6.167
6.698
6.719
17.002
17.015
11.948
13.002
10.047
21.160
41.673
41.831
3.478
12.234
13.549
4.320
3.353
4.847
4.926
7.598
7.644
3.233
3.609
3.798
3.800
2.075
7.608
10.690
11.266
2.708
5.985
5.992
3.076
3.078
0.459
2.687
2.695
1.007
1.432
2.485
2.551
1.538
3.443
3.447
0.941
2.400
3.963
3.976
0.824
4.603
4.603
2.483
2.485
0.866
3.645
6.226
6.242
12.327
55.954
59.059
6.987
1.369
1.075
0.862
0.552
0.306
0.318
0.318
0.056
0.282
0.286
0.520
0.874
0.890
0.334
0.548
0.560
0.580
0.306
0.415
0.419
0.181
0.177
0.126
0.244
0.244
0.122
0.164
0.164
0.136
0.248
0.262
0.216
0.231
0.547
0.548
0.468
0.556
8.124
9.113
6.569
0.912
0.905
0.256
0.257
0.016
0.016
0.200
0.392
0.392
0.034
0.062
0.094
0.197
0.231
0.234
0.111
0.291
0.357
0.452
0.540
0.540
0.043
0.129
0.130
0.418
0.445
0.588
0.605
0.510
0.515
0.414
0.141
0.129
0.321
0.492
0.545
0.548
0.156
0.156
0.141
0.142
4.226
4.588
0.349
0.001
0.018
0.248
0.250
0.048
0.018
0.084
0.090
0.083
0.086
0.058
0.225
0.243
0.203
0.077
0.069
0.122
0.362
0.361
0.246
0.259
0.833
0.833
0.229
0.231
0.056
0.198
0.628
0.644
0.734
0.752
0.493
0.508
0.589
0.599
0.077
0.070
0.211
15.457
15.467
0.214
5.940
5.940
0.286
0.291
0.446
0.626
0.628
0.257
0.560
0.560
0.340
2.126
2.126
0.317
0.552
0.666
1.707
8.018
8.056
1.483
1.498
0.603
0.495
0.504
0.329
0.345
0.256
0.474
0.550
5.680
5.682
1.382
0.975
0.812
0.812
0.468
0.055
0.292
1.643
1.674
0.798
1.403
1.699
2.413
2.416
1.007
12.481
12.484
0.984
0.829
0.262
0.250
0.104
0.105
0.117
0.119
0.235
1.920
1.920
1.479
1.367
1.100
2.583
2.585
1.662
6.441
6.459
1.675
1.373
1.152
1.152
1.128
1.492
3.269
3.279
1.395
3.127
3.194
2.393
2.453
2.466
3.313
9.766
9.787
4.868
4.675
4.759
2.192
2.213
1.527
0.566
1.111
1.132
1.480
3.393
3.408
15.843
16.588
3.483
3.112
10.221
14.076
14.079
5.829
6.339
6.350
3.783
6.082
6.159
4.725
9.975
10.035
46.590
49.810
9.618
3.128
2.073
5.147
5.180
4.368
4.373
1.169
4.893
4.898
5.293
9.574
9.612
27.327
30.369
6.138
7.096
13.282
13.314
4.449
4.855
41.778
41.778
8.064
8.064
8.850
14.472
14.714
9.134
5.224
5.183
5.291
4.626
14.528
71.249
73.214
41.424
17.829
5.163
1.949
4.595
8.896
11.016
12.135
11.393
8.004
8.401
9.768
13.327
14.049
15.843
16.720
6.106
18.494
33.012
35.534
8.543
4.568
4.590
12.118
13.122
4.811
3.796
3.580
3.580
2.840
2.840
2.484
3.110
5.665
13.759
14.132
18.998
19.278
9.191
24.241
28.297
17.000
21.233
22.362
16.000
8.403
8.446
5.622
12.447
17.621
18.031
4.281
4.039
9.577
9.643
3.805
9.965
11.093
10.146
2.557
3.263
6.565
6.698
4.528
2.355
5.040
5.128
5.097
3.721
7.191
7.196
7.862
10.886
11.027
4.330
1.715
1.058
0.983
0.882
1.155
1.252
2.115
2.115
2.005
2.020
1.856
1.856
0.727
1.839
2.799
2.845
1.095
0.833
0.418
4.426
4.439
4.750
4.863
4.322
2.730
7.285
7.413
3.454
0.720
0.755
0.776
0.543
0.138
0.138
0.048
0.543
20.326
20.819
2.673
0.585
0.667
0.605
0.179
0.072
0.059
0.510
0.512
0.296
0.464
1.259
1.339
1.113
1.393
1.445
5.588
5.682
2.219
0.855
0.129
0.103
0.103
0.028
0.048
0.186
0.617
0.641
0.177
0.290
0.865
0.875
0.139
0.064
0.058
0.061
0.385
0.388
0.420
0.457
0.487
0.453
0.472
0.179
0.411
0.416
0.419
0.433
0.178
0.097
0.204
0.236
0.248
0.095
0.067
0.076
0.079
0.065
0.229
7.488
8.164
2.780
0.034
0.058
0.164
0.173
0.304
0.319
0.490
0.517
0.168
0.038
0.097
0.229
0.633
1.651
1.651
0.471
0.476
0.201
0.088
0.088
0.180
0.210
0.246
0.483
0.498
0.411
0.418
0.812
0.877
0.170
0.277
0.277
0.036
0.106
0.106
0.208
0.515
0.535
0.309
0.273
0.277
0.213
0.353
2.460
28.186
28.199
0.754
0.312
0.720
0.822
0.763
0.242
0.318
0.901
0.913
0.363
0.252
0.094
0.298
0.533
0.545
0.379
0.073
0.033
0.499
1.406
1.409
0.412
0.432
1.103
1.104
0.418
0.074
0.316
1.461
7.108
7.125
1.070
0.314
0.323
0.690
1.460
3.076
3.080
4.038
4.052
1.672
1.838
1.437
1.470
0.678
3.617
3.626
0.254
1.735
1.743
1.753
3.187
3.189
1.563
4.497
4.514
3.319
1.522
0.492
0.624
1.489
1.521
1.527
1.172
4.232
5.503
5.524
4.667
4.668
1.944
0.980
4.869
4.881
2.832
5.738
5.744
1.607
5.718
5.721
4.716
4.716
5.339
5.342
4.526
4.527
3.322
3.329
2.283
6.342
9.262
10.168
8.355
2.716
4.184
4.204
2.226
7.991
7.991
3.199
3.213
3.849
3.850
3.159
2.605
20.942
21.119
7.163
8.126
2.876
2.889
2.605
6.799
6.799
4.793
4.793
3.013
9.168
9.182
8.636
22.619
24.248
16.908
12.652
4.895
4.913
2.765
14.489
17.627
13.997
14.760
17.720
38.116
39.101
35.705
12.309
13.542
13.855
11.893
9.563
12.358
12.558
3.941
3.449
3.449
2.546
9.833
25.986
26.926
35.365
36.884
15.547
12.752
11.212
11.239
13.385
13.763
8.168
3.865
5.238
12.601
13.385
12.282
15.347
23.634
23.731
12.452
12.989
12.881
13.098
11.768
12.300
8.978
8.983
11.524
11.741
4.646
7.675
10.693
11.469
69.208
76.606
35.711
18.010
9.315
0.782
26.939
30.294
5.955
2.491
2.269
1.585
1.585
0.988
0.988
1.162
1.163
0.915
0.915
1.339
1.742
2.980
3.009
13.960
15.950
9.549
8.730
9.125
5.612
3.165
3.513
3.971
12.248
19.316
19.530
15.030
5.717
3.635
7.417
8.575
24.596
25.066
24.008
2.976
0.554
0.558
0.799
2.297
2.298
1.137
1.169
0.519
0.507
0.927
0.933
0.447
0.300
0.300
0.227
1.640
10.075
10.749
4.286
0.386
0.353
0.790
15.527
15.529
0.083
0.241
1.036
1.051
0.881
0.292
0.922
0.951
2.108
2.314
1.510
1.281
2.251
5.426
5.448
3.203
0.723
0.010
0.001
0.196
0.208
1.580
1.802
2.377
2.440
1.749
0.277
0.117
0.117
0.071
0.011
0.067
0.068
0.022
0.031
0.032
0.155
0.156
0.129
0.010
0.082
0.265
0.321
0.327
0.140
0.141
0.067
0.695
1.225
1.236
0.521
0.117
0.120
0.120
0.228
0.229
0.184
0.186
0.123
0.129
0.083
0.087
0.175
0.272
0.280
0.222
0.188
0.139
0.065
0.099
15.801
15.837
1.104
0.727
0.788
0.811
0.516
0.590
1.009
1.040
0.241
0.295
0.298
0.280
0.280
0.767
0.802
0.700
0.519
0.837
0.844
0.424
0.554
0.560
0.214
0.640
0.657
0.608
0.618
0.189
0.357
0.377
0.319
0.245
0.124
0.286
0.291
0.152
40.499
40.510
0.466
0.363
0.577
0.588
0.424
0.805
1.229
1.322
0.382
0.360
0.364
0.237
0.214
0.214
0.126
0.147
0.165
0.325
8.807
9.146
1.645
1.675
1.320
1.001
0.191
1.202
1.234
0.876
0.177
0.177
0.183
1.811
13.693
13.693
3.316
3.320
0.565
0.565
0.082
0.066
0.610
0.610
0.153
0.224
1.751
1.754
0.819
0.621
0.636
0.395
1.571
1.571
0.159
3.832
4.185
4.492
3.163
2.943
4.480
4.627
7.116
7.118
2.307
2.311
0.695
1.106
1.146
0.828
0.905
0.907
1.339
1.551
1.586
1.097
0.268
0.321
0.321
0.976
1.757
1.762
0.896
0.255
0.195
0.373
2.451
2.451
1.654
1.059
0.610
2.655
2.655
1.134
1.142
0.787
1.103
1.106
1.161
3.638
4.128
4.135
3.678
1.545
1.298
1.094
0.950
0.917
2.862
2.866
1.524
1.277
1.425
1.425
2.750
4.122
8.151
9.496
9.534
5.038
5.168
10.456
10.613
4.290
4.295
3.916
2.939
3.720
3.791
23.385
36.769
39.546
9.360
4.870
6.774
17.924
17.972
12.370
21.850
22.300
8.032
3.856
3.916
4.821
4.826
2.723
18.328
20.623
48.565
50.879
50.918
3.356
3.369
3.401
4.232
7.141
9.410
9.416
31.938
35.038
16.889
11.181
14.441
14.511
8.924
18.008
18.046
19.344
19.939
6.904
10.554
11.104
10.906
11.034
3.241
6.086
12.986
14.766
8.369
2.155
2.484
2.594
7.265
7.419
4.567
3.098
3.098
2.123
2.126
1.587
1.587
3.070
3.145
2.248
8.719
17.114
42.146
42.221
5.610
4.817
4.817
4.102
2.094
2.316
3.134
3.788
13.784
25.694
25.694
2.777
2.777
1.478
1.011
0.973
0.954
1.922
4.212
4.217
15.381
40.707
42.633
43.738
48.498
26.218
17.322
21.803
11.796
4.160
2.390
1.856
1.875
0.614
0.850
0.850
0.345
1.275
1.445
4.617
6.655
6.676
2.265
1.505
0.546
0.551
7.243
7.367
5.542
0.227
0.194
0.189
0.193
0.662
0.681
0.641
0.322
0.276
0.283
0.292
0.403
1.383
1.425
0.669
0.158
0.074
0.038
0.014
0.015
0.055
0.055
0.209
0.212
0.176
0.204
0.229
0.290
0.291
0.443
0.446
0.257
0.259
0.126
0.086
0.086
0.085
0.037
0.038
0.027
0.071
0.185
0.373
0.478
0.508
0.350
0.355
0.132
0.347
0.360
0.212
0.151
0.128
0.013
0.002
0.002
0.024
0.275
0.334
0.341
0.935
0.960
0.498
0.501
0.142
0.118
0.118
0.141
0.214
0.306
0.323
0.206
0.164
0.165
0.128
0.128
0.007
0.119
0.132
0.081
0.115
0.115
0.748
0.776
0.305
0.083
0.214
0.510
0.520
0.091
0.094
0.046
0.003
0.045
0.046
0.076
0.077
0.138
8.526
9.676
6.207
0.275
0.142
0.117
0.185
0.191
0.135
0.126
0.069
0.568
0.568
0.305
2.297
2.299
1.568
0.236
2.135
2.144
1.316
1.324
0.133
0.130
0.173
0.173
0.248
0.260
5.544
37.683
40.342
9.481
0.383
0.662
0.663
0.138
0.449
13.647
13.647
0.016
0.278
0.291
0.126
0.269
0.272
0.561
0.565
0.166
0.591
0.607
0.653
3.736
3.742
0.473
0.484
0.483
0.155
0.159
0.956
0.957
0.867
0.894
2.382
2.388
0.512
0.181
0.508
0.536
0.368
0.591
1.514
1.520
0.900
0.905
0.381
0.230
0.247
1.126
1.128
0.353
0.361
0.238
0.358
0.367
0.160
0.110
0.780
3.529
3.541
2.982
2.847
1.450
6.779
10.481
10.970
6.156
1.925
1.926
0.583
1.616
1.769
1.710
1.815
1.659
2.820
2.838
2.790
2.790
2.345
1.519
1.958
14.244
14.387
4.290
4.321
3.787
3.795
3.555
4.645
4.734
2.578
5.908
5.911
4.298
2.634
2.670
3.550
3.553
2.414
4.921
6.026
21.561
34.947
37.579
37.766
2.120
0.867
2.317
4.201
4.672
5.892
5.944
4.018
4.150
4.390
4.442
2.991
6.557
7.230
7.301
7.739
6.349
4.140
4.084
24.733
27.512
12.845
11.328
11.380
9.331
9.661
10.103
10.475
8.205
8.217
4.578
4.601
18.419
28.645
34.602
29.916
29.712
29.240
15.062
15.592
9.097
8.622
3.191
3.460
3.867
17.413
20.995
28.220
28.424
21.440
23.333
9.879
6.005
6.042
5.499
4.122
4.126
4.224
8.632
16.985
27.867
28.081
4.060
4.150
11.461
11.756
12.742
6.767
22.387
22.641
10.116
7.687
7.635
7.635
3.071
3.071
6.345
6.345
1.802
2.565
6.287
6.302
4.537
4.749
4.954
10.333
10.486
9.804
6.385
4.526
2.533
2.812
8.823
20.374
20.672
10.925
3.093
7.126
7.160
5.858
4.868
2.503
4.331
4.343
7.050
7.052
2.795
2.125
2.826
3.241
3.149
0.893
0.893
0.782
1.838
1.843
1.920
1.921
2.977
2.979
2.648
3.380
4.715
5.882
5.895
12.455
12.611
1.542
0.352
0.161
0.622
0.771
0.771
21.097
44.068
45.822
11.705
0.524
2.455
3.145
3.182
0.892
0.293
0.193
0.426
2.020
2.038
7.787
7.966
1.339
1.614
1.672
1.652
0.850
0.827
0.429
0.110
0.136
0.140
0.132
0.074
0.106
0.109
0.078
0.063
0.082
0.084
0.078
0.120
0.131
0.078
0.152
0.152
0.031
0.007
0.030
0.030
0.008
0.008
0.026
0.046
0.766
0.826
0.403
0.131
0.138
0.080
0.099
0.112
0.199
0.211
0.316
0.489
1.780
1.857
1.032
0.875
0.214
0.009
0.365
1.069
1.140
0.526
0.261
0.065
0.014
0.018
0.052
0.158
0.367
0.371
0.074
0.078
0.120
0.122
0.028
0.237
0.900
0.942
0.417
0.073
0.301
0.310
2.496
2.496
0.008
0.088
0.440
0.448
0.130
9.230
9.237
0.060
0.017
0.205
0.211
0.313
0.318
0.155
0.208
0.208
0.069
0.073
0.063
0.042
0.026
0.082
0.117
1.067
1.074
0.804
0.830
0.559
0.569
2.102
2.107
0.261
6.949
7.002
15.307
15.315
0.091
0.046
0.195
0.619
6.028
6.109
0.617
0.177
0.775
2.063
2.146
3.827
3.838
0.324
3.523
3.998
0.502
0.517
0.418
0.336
0.359
0.404
0.621
0.637
0.757
0.757
0.201
0.596
3.353
3.373
1.632
1.662
6.439
6.443
0.580
0.657
0.692
0.366
0.227
0.227
0.503
0.520
0.674
1.697
4.360
4.378
0.658
1.047
2.609
2.610
0.461
0.462
0.746
3.717
3.722
2.848
2.240
2.323
2.345
1.368
0.713
0.719
0.355
0.135
0.570
1.155
1.156
2.087
2.729
2.730
2.478
2.478
1.840
7.869
8.246
5.703
7.513
7.581
4.910
2.753
2.157
1.668
2.547
2.551
0.575
0.793
2.226
2.268
1.788
0.369
1.304
4.957
5.004
2.521
2.539
3.555
4.061
15.253
39.051
73.557
73.557
0.429
0.626
2.442
2.468
1.427
1.158
1.259
7.520
7.591
3.280
11.577
11.593
19.219
21.164
6.906
5.601
5.606
3.656
5.514
6.555
8.277
8.287
10.557
20.601
30.385
34.021
20.250
6.698
2.331
22.992
32.127
33.122
18.856
8.384
5.223
4.162
6.746
8.993
8.993
8.226
9.058
4.477
3.444
4.869
8.520
21.799
24.656
24.123
22.860
15.255
8.911
5.843
3.819
3.841
22.463
24.139
8.449
6.567
8.052
8.057
4.015
8.993
9.450
4.872
4.885
6.375
6.490
3.675
3.083
4.127
4.204
2.223
2.223
2.853
9.611
26.948
39.450
39.768
14.184
5.802
4.974
18.610
22.578
23.241
7.713
4.968
8.057
28.151
28.451
12.031
1.529
3.057
3.102
6.732
6.964
2.398
0.916
1.106
1.720
1.724
1.704
2.418
6.341
10.000
10.249
6.286
6.670
6.694
5.632
5.672
2.089
3.048
7.859
20.617
42.586
44.152
19.151
4.875
5.299
6.385
6.821
2.814
1.573
1.649
2.127
2.127
0.892
0.760
1.292
1.292
1.697
1.699
0.928
1.046
1.051
0.313
7.905
12.063
12.125
0.265
0.095
0.691
0.691
0.104
0.214
0.513
0.513
0.618
1.358
1.370
0.720
1.347
1.421
0.780
0.331
0.255
0.668
1.432
2.823
3.029
3.081
0.024
0.011
0.057
0.192
0.993
1.002
0.598
0.601
0.233
0.401
1.293
1.308
0.711
0.717
0.440
0.988
1.013
0.340
0.347
0.349
1.384
1.438
0.307
0.132
0.028
0.014
0.014
0.075
0.077
0.078
0.080
0.318
0.333
0.282
0.202
0.118
13.643
31.937
33.081
12.109
0.520
0.552
0.052
0.002
0.093
0.099
0.495
0.524
0.173
0.105
0.174
0.186
0.076
0.077
0.077
2.694
10.625
17.636
17.989
0.808
0.718
1.062
1.070
0.574
0.508
0.001
0.002
0.005
0.036
0.044
0.071
0.128
0.128
0.047
0.002
0.016
0.421
0.716
0.515
0.137
0.287
0.518
0.528
1.117
1.134
0.274
0.276
0.080
0.198
0.203
0.171
0.172
0.392
0.499
0.516
0.389
0.236
0.702
0.703
0.901
0.914
0.674
0.328
2.663
2.694
0.598
0.782
0.782
0.273
0.279
0.218
7.517
7.544
0.477
24.238
24.927
10.657
1.301
0.517
0.653
0.667
0.366
0.354
0.278
0.073
0.058
0.590
0.627
3.709
3.765
1.196
1.387
1.397
0.337
0.340
0.271
0.574
0.931
0.931
0.448
1.181
1.182
0.918
16.110
16.122
1.262
1.352
10.112
10.133
0.786
0.628
0.587
0.645
0.666
0.200
0.633
11.066
13.248
9.849
3.938
3.972
2.662
4.055
4.055
0.867
1.678
1.684
1.414
1.502
5.658
5.681
2.771
1.478
3.589
3.591
5.464
6.948
1.663
0.504
0.532
0.532
0.695
0.695
0.856
0.858
1.355
1.506
1.535
1.432
1.830
1.875
2.853
2.855
2.028
10.525
13.066
5.545
6.105
6.486
3.618
13.796
15.380
10.245
2.205
29.505
32.544
16.041
5.359
1.312
1.453
1.453
2.417
2.452
3.114
6.860
27.108
41.265
43.398
16.845
7.527
6.446
4.319
5.613
5.696
7.002
7.084
4.313
11.185
18.671
18.931
8.898
10.458
14.688
22.488
23.587
5.938
2.353
2.358
2.174
5.568
11.301
12.987
13.180
5.457
6.447
18.803
19.448
4.269
0.838
4.789
7.286
7.838
3.150
3.500
3.500
3.615
3.615
2.059
1.884
2.243
3.624
3.624
1.966
1.966
2.584
2.584
3.168
7.450
8.160
5.834
3.791
22.389
23.579
15.488
5.344
3.889
6.892
6.990
1.959
4.007
6.759
9.683
11.270
27.508
27.512
14.405
18.441
19.636
12.230
3.478
3.487
1.788
13.137
29.330
30.623
12.853
13.558
13.558
13.902
14.377
17.483
19.895
11.117
5.095
2.969
0.385
0.522
2.677
3.733
5.538
5.558
4.016
4.024
3.739
3.742
3.179
8.740
15.940
16.165
10.487
5.900
5.302
6.101
6.366
2.680
1.554
0.580
0.265
0.168
1.156
1.907
1.953
0.348
0.233
0.082
0.113
0.113
6.362
6.414
3.408
1.242
1.248
1.850
1.858
0.931
0.247
0.224
0.417
0.527
0.650
0.834
0.834
0.238
0.243
0.232
0.308
3.489
4.673
4.682
0.594
0.448
0.974
1.451
1.470
1.327
1.054
0.541
0.547
0.659
0.670
0.202
0.013
0.267
0.346
0.975
1.301
1.306
0.203
0.009
0.003
0.019
0.024
0.019
0.016
0.289
0.899
0.917
0.108
0.283
0.855
3.045
3.064
0.337
0.033
0.430
0.435
0.118
0.018
0.398
0.668
0.694
0.713
0.728
0.621
0.169
0.535
0.558
0.440
0.898
0.923
0.414
0.429
0.281
0.247
0.013
0.001
0.001
0.001
0.429
0.527
