20150101
15944328.0
10365224.0
10620010.0
12601684.0
17135464.0
17135464.0
10666080.0
14910192.0
19017408.0
19017592.0
19017592.0
18916452.0
18485440.0
17384588.0
17451478.0
17451476.0
18457012.0
19462024.0
19462024.0
19627692.0
19627692.0
14791392.0
14791392.0
13875172.0
13631484.0
11378772.0
11378772.0
13527262.0
13527260.0
14052692.0
19217008.0
19217008.0
16208788.0
13222184.0
14083832.0
14083828.0
15484694.0
15484694.0
12307388.0
11096106.0
11168808.0
17760548.0
17760548.0
21298292.0
21760780.0
21760780.0
23300424.0
23300424.0
19795764.0
16837112.0
21473294.0
21473294.0
24377814.0
24980712.0
24980712.0
24742164.0
18785208.0
16436986.0
16436986.0
16135184.0
13369300.0
15467894.0
16946316.0
17560960.0
17560960.0
15176263.0
16070842.0
16070841.0
18791836.0
23734744.0
23734744.0
22923284.0
19169680.0
18546224.0
18546224.0
20413882.0
21185786.0
21185784.0
24822980.0
24822980.0
26652622.0
26652622.0
27825220.0
29659818.0
29659818.0
24448522.0
29131284.0
29131284.0
22844540.0
19620038.0
19620038.0
19334766.0
23785716.0
23785822.0
22815966.0
22816328.0
19164416.0
19017668.0
20147540.0
22588372.0
22590524.0
19593050.0
18631824.0
21403888.0
25979980.0
28156840.0
28163050.0
22879318.0
32122652.0
32140064.0
29222670.0
29236880.0
24261356.0
24284940.0
22816514.0
24931972.0
26163472.0
26200190.0
23394824.0
26692038.0
26721520.0
21949472.0
21988710.0
23141644.0
30135572.0
30192060.0
29529388.0
31354636.0
31432872.0
30012716.0
25106840.0
24773780.0
24816648.0
23811468.0
21237192.0
21278116.0
24243272.0
27335420.0
27403452.0
23186408.0
19721304.0
19502216.0
19524672.0
18482764.0
26324144.0
26396308.0
20353904.0
24148332.0
24219804.0
22969392.0
20272536.0
20325948.0
22491388.0
27530688.0
27610112.0
25844488.0
20727480.0
21425320.0
21490880.0
20877640.0
18079632.0
18110840.0
16853284.0
15968684.0
16014260.0
27376412.0
27446372.0
23284680.0
24502424.0
24563860.0
23584348.0
25697168.0
25778312.0
17794188.0
21212044.0
21251092.0
21678136.0
21729688.0
17661388.0
17822732.0
24404228.0
25520748.0
27495572.0
27554956.0
21939248.0
20944180.0
20140640.0
19708808.0
17772672.0
22850960.0
22891160.0
18332884.0
26644704.0
26693116.0
22315798.0
25044600.0
25084062.0
25593276.0
25661540.0
24357140.0
23257038.0
22646848.0
21808454.0
19894516.0
23931978.0
24464028.0
25751628.0
25798550.0
24568874.0
24605712.0
22561636.0
20078888.0
21756464.0
21774076.0
24573488.0
24591886.0
20978924.0
15987274.0
16436870.0
22231760.0
23974044.0
24341654.0
24351252.0
20682270.0
20694780.0
19517162.0
14614988.0
14619804.0
13174428.0
18991234.0
18995984.0
12278906.0
12283782.0
18151738.0
19529162.0
22053850.0
22059636.0
20008986.0
15448814.0
13850518.0
16232036.0
16235210.0
19341930.0
19496622.0
19499692.0
15369210.0
14437170.0
14443220.0
16185690.0
24703618.0
24705388.0
24024608.0
21095890.0
21096784.0
16917868.0
19736998.0
19843260.0
20455406.0
20455968.0
20785826.0
21077732.0
21077868.0
22417648.0
22417706.0
18552670.0
18552670.0
14422923.0
13163381.0
13689196.0
17825256.0
20160760.0
21987896.0
23544640.0
23544638.0
22324332.0
18849534.0
17232382.0
22020340.0
22854180.0
22854180.0
22687144.0
20054416.0
18910508.0
17194858.0
19192160.0
19192160.0
18973320.0
18973320.0
16820582.0
19672182.0
22799386.0
22799386.0
16093096.0
15559836.0
16610280.0
16610280.0
20609996.0
20609996.0
17626868.0
17626868.0
19387982.0
19387980.0
18128420.0
20370368.0
21054222.0
21054220.0
19865940.0
14531140.0
11517538.0
12286506.0
15217556.0
15217556.0
13905312.0
13905312.0
13504404.0
19910390.0
19910388.0
18320460.0
12951922.0
12951920.0
11611076.0
17339290.0
19655766.0
19655764.0
18940800.0
18940800.0
17282312.0
15895144.0
16837968.0
16837968.0
11440736.0
11791608.0
11791608.0
12206516.0
12206516.0
9347064.0
11534736.0
18300972.0
18300972.0
16893672.0
15353112.0
13336652.0
13336652.0
13196256.0
11766440.0
11766440.0
11070348.0
11025142.0
11025140.0
10402668.0
11184332.0
11184332.0
15846852.0
15846852.0
10868404.0
10902372.0
11219788.0
12046968.0
16275812.0
17232532.0
17343296.0
17343296.0
16787788.0
16312524.0
12555628.0
