20150101
1.74
2.08
2.64
1.90
1.11
1.65
1.33
1.14
1.03
0.76
0.89
0.90
1.10
1.58
1.55
1.24
0.54
0.58
0.81
0.87
1.34
1.87
1.70
1.18
1.64
2.02
2.12
2.06
2.29
1.15
0.86
0.71
1.13
1.07
1.11
0.78
0.97
1.40
1.63
1.15
0.71
0.63
1.15
0.71
0.81
0.70
0.72
0.98
1.24
1.17
1.02
1.17
0.96
0.76
0.88
1.40
1.85
1.52
1.53
2.09
1.66
2.11
2.11
1.50
1.52
1.03
1.67
1.71
0.67
0.65
0.84
1.24
1.26
1.53
1.56
1.61
1.77
1.42
0.71
0.67
0.80
0.70
0.92
0.66
0.76
0.82
1.08
1.15
1.97
1.28
1.14
1.07
1.54
1.75
1.60
0.97
1.31
1.46
1.41
1.02
0.91
1.36
1.45
0.87
1.43
1.29
1.58
1.32
0.96
0.86
0.91
0.79
1.01
0.98
1.06
1.07
0.72
1.29
1.23
0.90
1.10
1.47
1.37
1.30
0.96
0.86
0.57
0.68
0.98
0.97
1.05
0.93
1.10
1.25
1.56
1.50
0.71
0.97
1.24
1.44
1.40
1.24
1.28
1.27
1.04
1.33
1.40
1.26
1.28
1.33
1.41
1.60
1.35
1.19
1.27
1.30
1.41
1.40
1.57
1.21
1.31
1.25
1.44
1.67
1.64
1.54
1.59
1.31
1.33
1.24
1.35
1.59
1.39
1.24
1.20
1.12
1.23
1.39
1.27
1.17
1.32
1.34
1.29
1.28
0.47
0.94
1.20
1.52
0.80
0.96
1.35
1.21
1.00
0.90
0.75
0.87
0.80
1.08
0.85
0.75
0.51
0.64
0.70
0.68
0.93
0.65
0.65
0.79
0.65
0.76
0.71
0.89
0.92
0.96
1.04
0.81
1.12
1.14
0.90
0.58
0.83
1.08
1.14
1.13
1.27
1.11
1.11
1.22
1.12
1.35
0.78
0.43
0.98
1.23
1.26
1.03
1.05
0.89
0.95
0.98
1.00
1.00
1.12
1.19
1.17
1.25
0.83
1.01
1.12
1.20
1.10
1.00
1.11
1.17
1.26
1.20
1.24
1.33
1.36
1.24
1.08
1.20
1.17
0.89
1.14
1.22
1.21
1.20
1.15
1.19
1.15
0.94
0.97
1.13
1.14
1.31
1.38
1.20
1.18
1.24
1.36
1.00
0.88
0.77
0.80
0.79
0.77
1.25
0.81
0.73
0.78
0.87
1.42
1.45
1.51
1.19
1.32
1.10
1.51
1.30
1.45
1.16
0.95
0.26
0.67
0.92
1.33
1.34
1.82
1.62
0.84
1.40
1.37
1.46
1.30
0.82
1.24
1.29
1.33
1.61
1.57
1.50
0.87
0.79
0.75
1.03
0.84
0.89
0.76
1.54
1.73
1.20
1.23
1.36
1.14
1.72
1.52
1.36
0.71
1.38
1.15
1.04
1.42
1.66
1.87
1.92
2.05
2.16
1.63
1.54
2.09
1.79
1.68
1.79
1.59
2.25
2.63
2.32
1.41
1.97
2.00
1.67
1.21
1.67
1.88
