20150101
15982736.0
10973188.0
11365048.0
13357078.0
17670912.0
17670912.0
11984300.0
15266436.0
19069842.0
19069840.0
19002136.0
18908296.0
18606292.0
17692664.0
17658058.0
17658056.0
18562686.0
19465930.0
19465928.0
19759812.0
19759812.0
15626820.0
15626820.0
14303960.0
14098452.0
12757340.0
11960328.0
13755168.0
13755168.0
14706364.0
19841168.0
19841168.0
17097364.0
14158604.0
14404276.0
14404276.0
16750884.0
16750884.0
13351518.0
12427536.0
12886480.0
19075486.0
19075484.0
21294172.0
22053594.0
22053592.0
23221572.0
23221572.0
20389800.0
17486196.0
22332170.0
22332170.0
24398712.0
25087658.0
25087658.0
25024680.0
19698936.0
17474264.0
17689936.0
17689936.0
13077420.0
16969586.0
18493876.0
19448872.0
19448872.0
17302344.0
17907984.0
17907984.0
20393432.0
24766404.0
24766400.0
24213816.0
21034324.0
20406520.0
20406516.0
22482938.0
22482936.0
21974856.0
25846512.0
25846512.0
27530212.0
27530212.0
27744176.0
29730368.0
29730368.0
26000080.0
29410304.0
29410304.0
24276670.0
21822908.0
21822908.0
22552592.0
25247886.0
25247998.0
24841546.0
24841884.0
22824254.0
21852872.0
23208386.0
25176144.0
25178578.0
22780358.0
21461416.0
23535440.0
26809192.0
28836072.0
28842834.0
24407310.0
32508214.0
32525846.0
30815044.0
30832620.0
26510124.0
26535540.0
25189138.0
26239000.0
27783078.0
27821658.0
25674532.0
29070980.0
29109478.0
24812022.0
24854576.0
25390860.0
30710756.0
30765528.0
29837492.0
31437432.0
31516544.0
30908232.0
27099896.0
26936220.0
26985408.0
25150906.0
23960202.0
23547100.0
25844680.0
28233424.0
28305544.0
25491928.0
22022072.0
21863284.0
21835332.0
20859874.0
27645544.0
27724648.0
22217056.0
26378276.0
26463472.0
25562892.0
23268722.0
23333180.0
24202372.0
28236696.0
28324836.0
26778576.0
22868508.0
22659776.0
22725904.0
22612184.0
19186692.0
19228072.0
17860260.0
19209472.0
19260672.0
28021084.0
28098424.0
24166292.0
24839360.0
24908208.0
24643548.0
25699512.0
25777888.0
19437484.0
22256280.0
22303428.0
23040888.0
23090080.0
17968176.0
19541964.0
26146104.0
26211456.0
28103952.0
28168760.0
22693544.0
20980684.0
20763996.0
20807536.0
19007248.0
22884756.0
22924632.0
18790804.0
27306094.0
27358144.0
22640480.0
25542260.0
25582496.0
24984128.0
25045208.0
23266918.0
23325696.0
22703812.0
21820184.0
20110636.0
23839216.0
24376980.0
25625774.0
25670772.0
24627350.0
24664442.0
22430092.0
20258660.0
21784454.0
21803258.0
24771484.0
24790912.0
21111194.0
16368122.0
17384984.0
22815276.0
24546962.0
24750156.0
24761216.0
20921312.0
20934904.0
20767710.0
16203044.0
16209176.0
14654318.0
20100720.0
20106324.0
12645294.0
12903554.0
19820060.0
20941738.0
23159428.0
23165126.0
20706442.0
16460520.0
16910396.0
18301000.0
18304826.0
21181480.0
21185010.0
21058370.0
17850520.0
16304208.0
16737410.0
18023628.0
25227616.0
25229332.0
24704752.0
22196998.0
21060614.0
17482812.0
20155744.0
20566460.0
20670450.0
20670900.0
20835306.0
21383802.0
21383914.0
22646506.0
22646506.0
19043578.0
19043578.0
16573407.0
15263595.0
15025579.0
18473916.0
20647428.0
22204652.0
23772000.0
23771998.0
22441892.0
19504816.0
17955536.0
22179034.0
23169270.0
23169268.0
23074498.0
20875712.0
20084912.0
17498308.0
19136658.0
19136658.0
18846072.0
18846072.0
17609320.0
20099714.0
22773624.0
22773624.0
17594748.0
17048820.0
17201786.0
17201784.0
20862498.0
20862498.0
18147508.0
18147508.0
19437896.0
19437896.0
18019740.0
19976666.0
20876652.0
20876652.0
20136412.0
15703224.0
13327582.0
13550976.0
16763628.0
16763628.0
15138040.0
15138040.0
14923000.0
19851812.0
19851812.0
18171284.0
14425840.0
14425840.0
13010460.0
17690340.0
19498032.0
19498032.0
18992218.0
18992216.0
17573556.0
16203556.0
17060348.0
17060348.0
12088744.0
12792992.0
12792992.0
12639616.0
12639616.0
10554372.0
12880920.0
18262978.0
18262976.0
17031424.0
15654500.0
14125464.0
14125464.0
13871764.0
12169666.0
12169664.0
11588616.0
11831356.0
11831356.0
11542944.0
11502950.0
11502948.0
16098320.0
16098320.0
12081776.0
12081776.0
11623944.0
12543988.0
16359668.0
17075888.0
17119406.0
17119404.0
16570700.0
16125324.0
13071892.0
