20150101
0.77
0.87
1.77
1.14
0.78
0.42
0.58
1.45
1.88
1.48
1.05
1.15
0.66
0.49
0.74
0.83
1.30
1.26
1.34
1.33
0.69
0.72
0.82
0.77
0.66
0.83
0.86
0.88
1.04
1.28
0.79
0.98
0.66
0.62
0.82
1.00
0.50
0.46
0.71
0.70
0.82
0.52
0.76
1.34
0.68
1.09
0.83
0.65
0.56
1.18
0.72
1.35
1.31
1.22
0.94
0.35
0.90
0.58
0.63
1.04
0.85
1.08
0.87
0.55
0.57
0.77
0.66
0.64
1.05
1.09
0.81
0.48
0.55
0.67
0.51
0.47
0.57
1.34
0.71
1.02
0.84
1.03
1.35
0.77
0.88
0.98
0.87
0.40
1.14
0.77
0.63
1.14
0.59
0.89
0.56
0.66
0.53
0.65
0.89
0.59
0.64
0.69
0.67
0.76
0.68
0.46
0.66
1.33
0.65
0.86
0.73
0.75
0.64
0.88
0.54
0.97
0.94
0.45
1.10
0.82
0.59
0.66
0.48
1.10
0.68
0.74
0.83
1.03
0.60
0.61
0.34
0.57
0.30
0.38
0.99
0.78
0.82
0.46
0.29
0.40
1.04
0.74
1.01
0.60
0.45
0.60
0.71
0.46
0.35
0.42
0.76
0.98
0.51
0.47
0.57
0.41
0.59
0.59
0.85
0.56
0.51
0.34
0.66
0.78
0.81
0.73
0.90
0.54
0.56
0.62
0.61
0.86
0.82
0.56
0.56
0.62
0.59
0.86
0.87
0.51
0.89
0.73
0.94
0.55
0.69
0.50
0.49
0.93
0.91
0.69
0.91
0.80
0.55
0.59
1.00
0.72
0.58
0.73
0.57
0.69
0.77
0.57
0.60
0.64
0.50
0.66
0.63
0.58
0.53
0.51
0.68
0.72
0.73
0.70
0.64
0.51
0.48
0.49
0.81
0.57
0.47
0.69
0.66
0.68
0.72
0.56
0.70
0.77
0.41
0.66
0.54
0.60
0.54
0.44
0.78
0.45
0.77
0.67
0.28
0.31
0.44
0.45
0.62
0.63
0.52
0.57
0.42
0.47
0.43
0.57
0.60
0.52
0.55
0.80
0.62
0.51
0.64
0.53
0.76
0.56
0.56
0.63
0.75
0.45
0.54
0.67
0.52
0.42
0.50
0.43
0.44
0.95
0.72
0.62
0.47
0.58
0.58
0.64
0.60
0.68
0.76
0.49
0.75
0.36
0.47
0.41
0.35
0.56
0.93
1.08
0.80
0.83
0.56
0.48
0.56
1.01
0.44
0.41
0.43
0.47
0.43
0.54
0.44
0.85
0.59
0.60
0.45
0.62
0.95
0.65
0.60
0.50
0.45
0.55
1.22
1.30
0.57
0.41
0.33
0.67
0.83
1.49
0.90
0.91
0.87
0.54
0.71
0.80
0.67
0.50
0.51
0.42
0.42
0.55
0.45
0.92
1.12
0.84
1.00
0.62
0.90
1.08
0.38
0.42
0.72
0.52
0.74
0.71
0.44
0.43
0.93
1.22
0.43
0.51
0.59
0.62
0.94
0.88
1.63
1.43
1.35
1.20
0.89
0.43
1.40
