20150101
15628948.0
9161404.0
9006784.0
11289052.0
15344128.0
15344128.0
9909192.0
14257864.0
18288414.0
18536242.0
18536240.0
18418224.0
18043828.0
16985316.0
16931386.0
16931384.0
17883164.0
18632288.0
18632288.0
17866868.0
17686460.0
14337212.0
14337212.0
13452804.0
12486148.0
10760132.0
11124882.0
13336998.0
13336996.0
12519922.0
17062064.0
17062064.0
14696196.0
13084436.0
13944936.0
13944936.0
12743122.0
12743122.0
11079992.0
10080952.0
10111110.0
14419972.0
14419972.0
19890464.0
19890464.0
19384268.0
22700100.0
22700100.0
19023068.0
15220888.0
17794040.0
17794040.0
22817812.0
23006376.0
23006376.0
21217094.0
14912068.0
15504314.0
15504314.0
15067706.0
12313934.0
14700926.0
15911562.0
15911561.0
15605411.0
13459789.0
14243046.0
14243045.0
17765620.0
22547968.0
22547968.0
21040772.0
17038404.0
16594758.0
16594757.0
18565664.0
19399692.0
19399692.0
23359656.0
23359656.0
23782870.0
23782870.0
26303722.0
28401308.0
28401308.0
21887170.0
27063200.0
27063200.0
19529322.0
16714550.0
16714550.0
15255392.0
20287908.0
20287908.0
20341576.0
20341912.0
15908706.0
16357092.0
17211840.0
19990634.0
19992304.0
16573096.0
15784652.0
17874364.0
24187808.0
26376640.0
26382310.0
21215496.0
30239836.0
30253368.0
24659354.0
24031772.0
21591682.0
21610948.0
20762042.0
22331612.0
23492622.0
23522510.0
20047948.0
23526198.0
23545514.0
18941206.0
18973072.0
20458804.0
28426904.0
28476560.0
27024208.0
29775712.0
29840628.0
26404260.0
21732964.0
21871498.0
21901312.0
20642096.0
17718252.0
17749648.0
22008596.0
25002404.0
25058824.0
20228124.0
15700276.0
16802368.0
16831164.0
16446442.0
24217204.0
24281204.0
17954912.0
21743796.0
21800256.0
18657696.0
16016884.0
17557332.0
20522192.0
25601304.0
25665568.0
23816736.0
18281724.0
19969836.0
20033388.0
18941908.0
15359204.0
15374692.0
13634808.0
11785400.0
14276812.0
25278108.0
25336548.0
21186220.0
21504368.0
21554460.0
21334588.0
23028304.0
23094808.0
13718552.0
17242796.0
17273648.0
18748456.0
18788676.0
14393136.0
14125816.0
20290392.0
22473276.0
24589468.0
24636156.0
18346796.0
18413800.0
16025768.0
16052400.0
16723028.0
20947028.0
20974868.0
15738596.0
23853156.0
23890824.0
19859468.0
20819714.0
20850292.0
24342172.0
24408748.0
24093048.0
21794276.0
20808290.0
20339908.0
17136332.0
20769808.0
22232600.0
24629800.0
24674568.0
23381548.0
23415240.0
21523772.0
17250804.0
19602014.0
19615472.0
22105986.0
22119988.0
19023598.0
14108486.0
14194556.0
18826088.0
21281624.0
21591344.0
21597588.0
19033816.0
19043972.0
16659612.0
12157110.0
11235364.0
10019310.0
15767014.0
15770216.0
9530006.0
9685222.0
15043952.0
16490224.0
19090302.0
19095276.0
17068912.0
12037234.0
9461898.0
13142024.0
13144068.0
15049964.0
15595000.0
15597442.0
11306104.0
11135810.0
11137038.0
12757446.0
22639648.0
22641106.0
22168846.0
19856192.0
19856868.0
14390246.0
18638752.0
18639328.0
18565274.0
18565736.0
19504300.0
20020354.0
20020466.0
19809406.0
19809462.0
15891078.0
15891078.0
11034489.0
9935950.0
11098121.0
16528881.0
19136688.0
20922436.0
22380506.0
22380506.0
20848396.0
17356522.0
16328106.0
21364032.0
22120016.0
22120014.0
21994012.0
19087704.0
17285584.0
16197324.0
18216802.0
18216802.0
17976130.0
17976128.0
15922902.0
18628822.0
21383350.0
21383350.0
14628822.0
13235330.0
14886520.0
14886520.0
18735212.0
18735212.0
16015182.0
16015180.0
18351052.0
18351052.0
17007192.0
19894392.0
20241960.0
20241960.0
18840200.0
11814552.0
9345752.0
9571366.0
12868992.0
12868992.0
12508864.0
12508864.0
12117204.0
18916324.0
18916324.0
17224872.0
9682180.0
9682180.0
9389056.0
15874784.0
18974200.0
18974200.0
17462644.0
17462644.0
15519176.0
14489632.0
15513016.0
15513012.0
10968284.0
10968284.0
10821436.0
11371642.0
11371640.0
7367532.0
9901216.0
16700672.0
16700672.0
14536720.0
14375604.0
12532150.0
12532148.0
12431200.0
9823842.0
9823840.0
9538468.0
9443042.0
9443040.0
8253616.0
10608986.0
10608984.0
14307128.0
14307128.0
9269764.0
10317116.0
10360776.0
10893668.0
15730752.0
16748424.0
16973084.0
16973084.0
16407356.0
15833276.0
11973276.0
