20150101
15968216.0
9585748.0
9272660.0
12047472.0
15633188.0
15633188.0
10812116.0
14781994.0
18366424.0
18635480.0
18635480.0
18504104.0
18253260.0
17367940.0
17352528.0
17352528.0
18148986.0
18780084.0
18780084.0
18191676.0
18019988.0
15308250.0
15308248.0
14237576.0
13404404.0
11917248.0
12119670.0
14279596.0
14279596.0
13425770.0
17564696.0
17564696.0
15616916.0
14204976.0
14652288.0
14652284.0
13666670.0
13666670.0
11892398.0
11437480.0
11532360.0
15539206.0
15539204.0
20011628.0
20011628.0
19455070.0
22728280.0
22728280.0
19658640.0
15623332.0
18152314.0
18152314.0
22847760.0
22972016.0
22972016.0
21254220.0
14975086.0
16648184.0
16648184.0
16460370.0
12066026.0
16188980.0
17613808.0
17613808.0
17082744.0
15047559.0
15746329.0
15837400.0
19114142.0
23373218.0
23373216.0
21845900.0
18177416.0
17888120.0
17888120.0
20143352.0
20143352.0
19920536.0
24148744.0
24148744.0
24296584.0
24296584.0
26208002.0
28374044.0
28374044.0
22717352.0
27036522.0
27036522.0
20183918.0
17540046.0
17540046.0
16735222.0
20680288.0
20680288.0
21710374.0
21710618.0
18355000.0
18074962.0
19427868.0
21494066.0
21495754.0
18496892.0
17460376.0
19092390.0
24676262.0
26659304.0
26665426.0
22338544.0
30335766.0
30348810.0
25597072.0
24569290.0
22814422.0
22834336.0
22326134.0
22990016.0
24688116.0
24718238.0
21038522.0
24883018.0
24906460.0
20361130.0
20393896.0
21818812.0
28856212.0
28903264.0
27077720.0
29828760.0
29891036.0
26555068.0
22846844.0
23147072.0
23174836.0
20858276.0
19087626.0
19122984.0
23170836.0
25470340.0
25528048.0
21635628.0
17374104.0
18320660.0
18349760.0
17665478.0
24874208.0
24944376.0
19091496.0
23177632.0
23239884.0
19921072.0
17372810.0
19464216.0
21799080.0
26232564.0
26299144.0
24496796.0
19553280.0
20896164.0
20961528.0
19692704.0
14809388.0
14824632.0
12713160.0
12920816.0
14970664.0
25706732.0
25771520.0
21096120.0
21159036.0
20660644.0
21325296.0
22161416.0
22222488.0
13339996.0
16524136.0
16553452.0
18451888.0
18485604.0
13049052.0
13412104.0
20770552.0
21994434.0
24265032.0
24311712.0
17851384.0
17913144.0
15480380.0
15505200.0
15689552.0
20069372.0
20092612.0
14748542.0
23257118.0
23292016.0
18899098.0
19769068.0
19796610.0
22965768.0
23173132.0
23209256.0
21536202.0
20112872.0
19519160.0
16196984.0
19377164.0
21185194.0
23769870.0
23812192.0
22671270.0
22704152.0
20790630.0
16137458.0
18894916.0
18907886.0
21294612.0
21307704.0
18574928.0
13290480.0
13697182.0
18243608.0
20760186.0
20794014.0
20799870.0
18405380.0
18415620.0
16849452.0
11153856.0
10809382.0
9845318.0
15573414.0
15576396.0
8874860.0
9822346.0
15391848.0
16333356.0
18994946.0
18999640.0
16513170.0
11501964.0
10013108.0
13553524.0
13555748.0
15124976.0
15554644.0
15557070.0
11867110.0
10801514.0
11474748.0
13323924.0
22602486.0
22603868.0
22270586.0
19183232.0
19183826.0
13656872.0
18449588.0
18450070.0
17951548.0
17951918.0
19036254.0
19954996.0
19955108.0
19330196.0
19330206.0
15424498.0
15424498.0
11729591.0
10320655.0
11319058.0
16350137.0
19173538.0
20801588.0
22329018.0
22329016.0
20626708.0
17447322.0
16654580.0
21537742.0
22447760.0
22447760.0
22406272.0
19731308.0
18064828.0
16146474.0
17785812.0
17785812.0
17391752.0
17391752.0
16505920.0
19074782.0
21295620.0
21295620.0
15823372.0
14116306.0
15135776.0
15135776.0
18671702.0
18671702.0
16288464.0
16288464.0
18350982.0
18350980.0
16936416.0
19504668.0
19873644.0
19873644.0
18936264.0
12089292.0
9949160.0
9949160.0
13727436.0
13727436.0
13185294.0
13185292.0
12590496.0
18722940.0
18722940.0
16783924.0
10009300.0
10009300.0
10092320.0
16128708.0
18823580.0
18823580.0
17543364.0
17543364.0
15790156.0
14728708.0
15663548.0
15663548.0
10991066.0
11568670.0
11568668.0
11552592.0
11552592.0
7933184.0
10926276.0
16711914.0
16711912.0
14798380.0
14661984.0
13198552.0
13198552.0
12997452.0
10160156.0
9983452.0
9983452.0
10212764.0
10212764.0
9195088.0
10902648.0
10902648.0
14279980.0
14279980.0
10176248.0
10803662.0
10826732.0
11576644.0
16009152.0
16722870.0
16878144.0
16878144.0
16293204.0
15684596.0
12489452.0
