20150101
0.99
0.97
1.37
1.03
0.82
0.91
0.63
1.10
1.75
1.54
1.36
1.31
1.23
1.15
1.13
1.00
1.06
1.35
1.27
1.61
1.49
1.22
1.27
1.16
1.04
1.07
1.15
1.20
0.97
0.92
0.82
0.89
1.02
1.08
0.93
0.85
0.84
0.99
1.06
0.99
0.81
0.74
0.65
0.95
1.02
1.02
1.14
1.02
0.96
1.20
1.10
0.99
1.71
1.73
1.55
1.06
1.12
1.14
0.94
0.69
0.91
1.21
1.18
0.97
0.98
0.92
1.05
1.04
1.13
1.13
1.04
1.00
1.07
1.04
1.06
0.97
1.06
1.21
0.97
1.01
0.95
0.88
1.40
1.14
1.05
1.03
0.99
0.87
0.96
1.02
0.99
0.96
1.05
0.98
0.97
0.82
0.90
1.05
0.98
0.99
0.91
0.57
0.85
0.86
0.95
0.83
0.81
1.20
1.00
1.09
0.86
0.69
0.84
0.90
0.63
1.02
1.07
0.70
1.12
0.87
0.74
0.91
0.88
1.03
0.97
0.86
1.01
1.10
0.93
0.71
0.59
0.64
0.71
0.73
0.87
0.77
0.78
0.83
0.52
0.68
0.78
0.75
0.67
0.61
0.75
0.58
0.68
0.78
0.73
0.75
0.78
0.85
0.74
0.88
0.93
0.87
0.84
0.79
0.78
0.81
0.68
0.52
0.64
0.67
0.70
0.75
0.75
0.71
0.88
0.81
0.71
0.75
0.48
0.60
0.80
0.68
0.68
0.50
0.54
0.83
0.87
0.93
0.80
0.86
0.97
0.72
0.52
0.53
0.81
0.65
0.53
0.83
0.81
0.81
0.92
0.78
0.79
0.91
0.75
0.95
0.84
0.82
0.68
0.69
0.83
1.14
1.07
0.89
0.86
0.80
0.66
0.93
0.76
0.82
0.71
0.73
0.72
0.76
0.73
0.75
0.76
0.67
0.71
0.78
0.75
0.72
0.78
0.70
0.74
0.77
0.58
0.86
0.53
0.66
0.68
0.70
0.72
0.66
0.71
0.78
0.75
0.74
0.69
0.72
0.64
0.54
0.71
0.62
0.90
0.89
0.93
0.79
0.72
0.74
0.68
0.70
0.64
0.76
0.70
0.90
0.83
0.66
0.56
0.51
0.71
0.69
0.67
0.44
0.45
0.68
0.84
1.12
1.18
0.94
0.78
0.53
0.76
1.00
1.01
1.05
0.84
0.68
0.73
0.82
0.79
0.75
0.89
0.77
1.03
1.25
1.33
1.04
0.85
1.00
0.77
1.03
0.99
0.95
0.93
0.86
0.77
0.78
0.80
1.05
1.14
1.03
0.77
0.74
1.06
0.94
0.73
0.73
0.94
0.91
0.87
1.37
0.93
0.71
0.75
0.94
0.85
0.88
1.21
1.18
1.26
0.98
0.97
1.01
0.89
0.79
0.87
0.84
0.88
0.85
0.82
1.04
0.95
0.94
0.93
0.91
0.88
0.87
0.86
0.88
1.09
1.03
1.17
1.05
0.91
0.84
1.13
1.18
0.91
1.03
0.95
1.16
1.27
1.04
1.13
1.35
1.40
1.23
1.00
0.81
1.12
