20150101
1.01
0.97
1.53
1.23
1.15
0.98
0.84
1.13
1.92
1.80
1.58
1.60
1.20
1.06
1.03
0.94
1.13
1.42
1.48
1.62
1.39
1.28
1.35
1.24
1.11
1.14
1.24
1.30
1.21
1.11
0.92
0.90
1.05
1.08
1.09
0.97
0.93
1.06
1.11
1.05
0.86
0.68
0.61
1.06
0.95
1.03
0.88
0.82
0.90
1.27
0.92
0.97
1.73
1.61
1.50
1.05
1.17
1.17
1.04
0.94
0.98
1.40
1.39
1.06
1.06
1.03
1.10
1.01
1.13
1.05
0.98
0.97
1.01
1.03
1.07
1.05
1.16
1.40
0.90
1.03
0.87
0.63
1.48
0.94
0.93
1.06
0.92
0.84
1.07
1.09
1.03
1.03
1.16
1.06
1.07
0.90
1.02
1.09
1.12
1.02
0.86
0.62
0.84
0.86
0.75
0.78
0.83
1.39
0.95
1.23
0.86
0.75
0.78
0.83
0.55
0.94
1.00
0.67
1.14
0.91
0.76
0.88
0.89
1.14
0.92
0.77
0.98
1.07
0.87
0.67
0.51
0.63
0.67
0.76
0.87
0.83
0.76
0.80
0.61
0.75
0.79
0.76
0.65
0.59
0.64
0.62
0.69
0.72
0.69
0.88
0.86
0.84
0.72
0.86
0.91
0.87
0.81
0.81
0.78
0.84
0.79
0.60
0.80
0.79
0.77
0.79
0.82
0.71
0.84
0.83
0.64
0.63
0.42
0.59
0.75
0.55
0.53
0.48
0.53
0.84
0.85
0.90
0.75
0.83
0.92
0.73
0.44
0.52
0.72
0.59
0.45
0.93
0.78
0.82
0.98
0.87
0.74
0.86
0.74
0.92
0.92
0.90
0.62
0.67
0.81
1.05
0.93
0.86
0.80
0.77
0.68
0.87
0.73
0.77
0.73
0.70
0.75
0.76
0.83
0.78
0.72
0.68
0.64
0.77
0.75
0.72
0.83
0.75
0.77
0.80
0.71
0.84
0.55
0.68
0.73
0.65
0.69
0.63
0.74
0.80
0.81
0.74
0.71
0.74
0.71
0.58
0.69
0.53
0.88
0.84
0.86
0.71
0.70
0.74
0.70
0.64
0.61
0.70
0.69
0.77
0.70
0.54
0.59
0.59
0.73
0.72
0.67
0.57
0.51
0.55
0.77
1.09
1.10
0.94
0.71
0.55
0.66
0.81
0.86
0.94
0.80
0.54
0.71
0.71
0.67
0.68
0.72
0.73
1.00
1.26
1.13
1.03
0.87
0.88
0.79
1.06
0.91
0.91
0.89
0.80
0.67
0.66
0.71
0.96
1.00
0.97
0.79
0.81
1.18
1.00
0.70
0.80
0.97
0.97
1.07
1.49
1.01
0.82
0.88
0.98
0.86
1.06
1.09
1.14
1.19
0.99
0.97
1.03
0.92
0.84
0.93
0.81
0.84
0.88
0.80
1.18
0.92
1.13
1.11
0.87
1.08
1.24
0.90
0.93
1.12
1.11
1.31
1.21
1.08
0.96
1.33
1.45
0.97
1.14
1.09
1.30
1.48
1.27
1.49
1.65
1.75
1.61
1.02
0.87
1.36
