20150101
1.842
9.726
16.192
16.554
1.028
1.283
1.957
2.164
4.745
4.745
0.001
0.002
0.002
0.003
0.007
0.017
0.179
0.433
0.433
0.022
0.002
0.282
0.691
0.697
0.092
0.235
0.525
0.531
0.742
0.753
1.684
1.698
0.438
0.146
0.231
0.419
0.425
0.462
0.474
0.368
0.314
1.257
1.266
2.410
4.387
4.950
5.043
2.620
3.237
3.270
2.641
4.774
4.774
2.549
2.605
2.000
6.384
6.402
0.477
21.996
22.681
10.180
1.854
0.368
1.099
1.110
0.394
0.451
0.452
0.483
0.490
1.909
1.940
3.608
3.648
0.983
1.939
1.941
2.291
2.292
2.271
4.705
8.306
8.306
4.180
4.580
6.770
7.365
18.163
18.170
3.094
3.217
11.548
11.566
0.967
1.072
1.081
1.294
1.307
1.722
3.316
15.162
17.508
11.410
6.518
6.543
5.976
6.463
6.673
8.273
15.987
16.045
5.741
5.156
8.833
8.856
5.562
6.247
6.568
6.581
14.263
15.738
4.291
2.877
3.582
4.831
4.881
3.772
7.913
7.929
7.658
12.917
13.154
9.631
6.524
6.530
12.668
12.681
19.155
21.673
24.772
13.456
8.728
9.234
9.366
18.053
19.862
17.101
19.500
42.225
45.628
24.768
13.129
7.049
8.638
8.638
13.365
13.495
10.222
16.810
39.285
48.278
50.240
23.965
15.386
11.220
11.397
12.437
12.904
16.880
16.999
9.335
12.916
18.618
18.795
11.852
14.157
17.584
27.102
28.237
11.061
9.989
9.049
7.875
14.548
46.923
47.328
20.977
7.060
11.642
25.946
26.646
6.005
5.093
19.540
34.581
35.677
11.269
7.014
5.043
6.143
6.604
9.072
9.109
9.625
9.689
6.673
5.738
5.738
6.655
6.659
7.447
14.983
15.958
9.233
15.782
31.431
32.572
22.938
10.075
8.351
12.549
12.652
7.945
15.096
16.149
19.426
21.067
36.535
36.540
26.278
28.727
26.895
13.759
7.705
9.395
9.414
20.180
37.113
39.753
25.235
28.090
19.749
19.693
20.670
22.639
25.625
13.727
7.250
4.561
3.225
3.240
7.501
7.600
10.224
10.239
8.367
8.375
6.973
7.040
8.378
15.541
18.903
19.291
13.526
8.192
13.491
19.014
19.886
9.895
4.354
2.907
0.954
0.836
4.792
7.109
7.191
1.746
1.747
0.688
0.688
0.539
10.843
10.884
4.630
2.424
3.613
5.182
5.184
2.531
1.981
1.981
1.118
1.389
1.392
1.037
1.037
1.073
1.101
1.088
1.090
2.892
5.962
5.964
1.954
4.221
4.609
4.811
4.470
2.024
1.875
1.060
1.124
1.759
1.786
1.536
0.097
2.416
3.074
3.078
4.134
4.139
1.653
0.076
0.003
0.019
0.073
0.136
0.141
1.239
1.885
1.907
0.372
0.353
2.494
4.590
4.602
1.558
0.288
3.698
3.736
1.063
0.064
1.763
1.803
0.816
0.632
0.786
0.810
0.439
0.525
0.949
1.500
1.665
1.688
0.598
0.343
0.187
0.192
0.037
0.001
0.001
0.003
0.599
0.787
